 -0.498924   -1.920809    0.829414   -0.003569    0.380120    0.266978
 -0.505677   -1.052265    0.771706   -0.001060    0.358176    0.131865
 -0.509935   -0.359861    0.767509   -0.002622    0.350239    0.046049
 -0.521944   -0.053300    0.777598   -0.004562    0.354811    0.008882
 -0.528937    0.234375    0.769015   -0.005447    0.353566   -0.026232
 -0.518663    0.526790    0.738945   -0.006038    0.340438   -0.056182
 -0.517724    1.255302    0.766613   -0.004490    0.353695   -0.153053
 -0.510624    2.134294    0.747381    0.001707    0.347697   -0.285442
 -0.454768    3.069781    0.681669    0.006307    0.327694   -0.410775
 -0.415730    4.118966    0.580185    0.014815    0.296531   -0.534714
 -0.503461   -1.844221    0.742741   -0.003327    0.352813    0.258073
 -0.502016   -1.017220    0.798740   -0.000554    0.367387    0.127079
 -0.495872   -0.337088    0.760562   -0.002547    0.353941    0.041266
 -0.503414   -0.041614    0.785271   -0.004476    0.367355    0.006465
 -0.519639    0.246689    0.789310   -0.005130    0.368219   -0.028437
 -0.514986    0.543465    0.769289   -0.005859    0.357050   -0.060556
 -0.531094    1.283092    0.734332   -0.004177    0.339123   -0.161985
 -0.487072    2.094956    0.753138   -0.001418    0.345868   -0.274754
 -0.443555    3.039177    0.689190    0.004092    0.323790   -0.399923
 -0.387039    4.014907    0.534352    0.015371    0.287909   -0.512274
 -0.442943   -1.772178    0.887436   -0.001052    0.409593    0.235670
 -0.491178   -0.925374    0.868247    0.002604    0.388866    0.107394
 -0.519090   -0.287493    0.833252    0.001712    0.375084    0.038775
 -0.532389    0.021043    0.851655    0.001084    0.387417   -0.001488
 -0.536553    0.313912    0.848243    0.000751    0.386737   -0.031891
 -0.534854    0.622876    0.853685    0.000003    0.385951   -0.065072
 -0.512916    1.368854    0.896744    0.000769    0.405161   -0.161583
 -0.510778    2.296280    0.840378    0.006271    0.388742   -0.296773
 -0.482244    3.291570    0.742261    0.010937    0.366152   -0.425508
 -0.448972    4.308407    0.674587    0.013714    0.325019   -0.545682
 -0.440763   -1.729806    0.847259   -0.001309    0.381469    0.225393
 -0.464505   -0.929645    0.839108    0.001412    0.380389    0.107010
 -0.473949   -0.286527    0.815102    0.002449    0.374127    0.033589
 -0.491674    0.017891    0.826616    0.002389    0.374582   -0.003928
 -0.501811    0.299389    0.828589    0.001794    0.379067   -0.029032
 -0.499339    0.604233    0.812622    0.002988    0.366245   -0.058458
 -0.488684    1.369763    0.828981    0.004661    0.366306   -0.157352
 -0.479340    2.290121    0.791044    0.008660    0.352969   -0.286539
 -0.469678    3.293263    0.739023    0.011577    0.318816   -0.417830
 -0.420505    4.271261    0.724823    0.015233    0.323082   -0.520801
 -0.588602   -1.808412    0.760615   -0.004907    0.361858    0.221481
 -0.595992   -0.991746    0.750064   -0.001215    0.355153    0.115434
 -0.609773   -0.298000    0.803446    0.001616    0.379328    0.035573
 -0.612473   -0.004408    0.792460    0.001012    0.372630    0.002047
 -0.619536    0.298733    0.789299   -0.000306    0.371506   -0.028105
 -0.614051    0.629234    0.764522    0.001443    0.360067   -0.066692
 -0.605434    1.438222    0.747622    0.004703    0.351448   -0.176410
 -0.585270    2.417604    0.763298    0.008315    0.351384   -0.312110
 -0.573211    3.404758    0.750390    0.012948    0.348696   -0.428292
 -0.545481    4.512657    0.743009    0.013872    0.319904   -0.543488
 -0.886350   -1.994061    0.748380    0.001731    0.372491    0.260168
 -0.886904   -1.076190    0.751552    0.004549    0.366610    0.123724
 -0.893404   -0.337609    0.782887    0.003750    0.384217    0.037982
 -0.890446   -0.002917    0.786312    0.003326    0.384932   -0.003976
 -0.894359    0.335556    0.789464    0.002439    0.382562   -0.042310
 -0.886675    0.700342    0.771753    0.002030    0.372941   -0.086099
 -0.873384    1.582265    0.747421    0.002286    0.366570   -0.216998
 -0.864468    2.637404    0.765546    0.003237    0.367059   -0.363056
 -0.854537    3.747357    0.736670    0.007959    0.341433   -0.503759
 -0.833329    4.963025    0.691841    0.013900    0.312449   -0.587788
 -0.497173   -1.920392   -0.134135   -0.003794    0.246033    0.263995
 -0.520550   -1.111253   -0.037177   -0.003267    0.264880    0.146093
 -0.527270   -0.411421    0.111022   -0.002643    0.291742    0.055321
 -0.539822   -0.042209    0.164508   -0.004493    0.307808    0.002709
 -0.535884    0.316322    0.147499   -0.004941    0.303434   -0.052251
 -0.531795    0.653683    0.057498   -0.005185    0.274348   -0.092245
 -0.517830    1.359056   -0.152161   -0.000825    0.220236   -0.181817
 -0.485549    2.173499   -0.348329    0.007799    0.178628   -0.293457
 -0.445831    3.127156   -0.628344    0.016600    0.123685   -0.428262
 -0.392442    4.132678   -1.251506    0.055856    0.093835   -0.547872
 -0.479709   -1.879022   -0.223155   -0.006169    0.225671    0.270353
 -0.510431   -1.114064   -0.038247   -0.003874    0.269792    0.156776
 -0.516770   -0.434031    0.087356   -0.003967    0.288812    0.068035
 -0.524566   -0.051513    0.150508   -0.005294    0.310998    0.008555
 -0.535040    0.327143    0.138158   -0.005587    0.307673   -0.052542
 -0.522613    0.649499    0.068905   -0.005362    0.291041   -0.091890
 -0.509674    1.354843   -0.174607   -0.001422    0.225382   -0.180931
 -0.479331    2.148416   -0.351692    0.004661    0.178477   -0.294154
 -0.433469    3.098939   -0.581799    0.010272    0.123526   -0.418683
 -0.369715    4.084714   -1.246280    0.047488    0.068739   -0.527229
 -0.437929   -1.850505   -0.116025   -0.005659    0.258754    0.257115
 -0.490141   -1.031424    0.064526   -0.000889    0.298026    0.140439
 -0.520968   -0.334848    0.213139    0.000523    0.339863    0.052131
 -0.528359    0.051553    0.248484    0.000079    0.361663   -0.006989
 -0.535803    0.399069    0.184024    0.000334    0.347487   -0.054564
 -0.535453    0.746543    0.091611    0.000660    0.316592   -0.101141
 -0.514695    1.512852   -0.122840    0.005551    0.266571   -0.199625
 -0.496461    2.403096   -0.357615    0.014014    0.211548   -0.319255
 -0.479048    3.442079   -0.610093    0.020371    0.169068   -0.459523
 -0.450314    4.435581   -1.047186    0.037500    0.107424   -0.578598
 -0.440565   -1.802546   -0.193854   -0.005582    0.234430    0.234991
 -0.460326   -1.038820    0.009315   -0.000839    0.284931    0.126046
 -0.478277   -0.347717    0.157385    0.002560    0.329969    0.050344
 -0.489240    0.053115    0.197124    0.003343    0.341494   -0.017019
 -0.501849    0.413940    0.159011    0.003018    0.337525   -0.066591
 -0.497641    0.749584    0.041589    0.005142    0.293726   -0.103897
 -0.475711    1.476432   -0.176607    0.009761    0.236187   -0.188967
 -0.464432    2.386035   -0.426339    0.017747    0.190577   -0.317685
 -0.463612    3.364665   -0.661678    0.023144    0.147539   -0.450150
 -0.438714    4.362595   -1.018886    0.034992    0.109796   -0.565390
 -0.592863   -1.896726   -0.326069   -0.007266    0.196727    0.251767
 -0.605144   -1.104885   -0.121685   -0.004101    0.254628    0.148695
 -0.619351   -0.360968    0.121263    0.001509    0.333961    0.048261
 -0.619792    0.032999    0.122706    0.001440    0.333368   -0.014496
 -0.625805    0.417504    0.083363    0.000385    0.324594   -0.064488
 -0.620436    0.776257   -0.035328    0.002806    0.288992   -0.114199
 -0.599228    1.546538   -0.279675    0.008081    0.218418   -0.210292
 -0.576737    2.486789   -0.475324    0.012727    0.171005   -0.337711
 -0.553554    3.421719   -0.673555    0.015942    0.152800   -0.434683
 -0.533543    4.578758   -1.022263    0.015580    0.089465   -0.554517
 -0.885859   -2.072978   -0.382663   -0.004057    0.190289    0.290133
 -0.899756   -1.189663   -0.179334   -0.000118    0.244094    0.162075
 -0.905556   -0.374835    0.036816    0.002204    0.317541    0.045464
 -0.901785    0.030615    0.055122    0.001963    0.324384   -0.016276
 -0.897197    0.438943    0.020344    0.001561    0.312335   -0.074552
 -0.893852    0.834450   -0.088120    0.002198    0.278754   -0.124198
 -0.873312    1.673889   -0.337664    0.005183    0.212941   -0.242915
 -0.866041    2.684616   -0.550969    0.008325    0.157026   -0.381578
 -0.861147    3.780937   -0.805901    0.013771    0.097984   -0.517926
 -0.833523    4.983591   -1.146225    0.017490    0.051722   -0.590519
 -0.466722   -2.259672   -1.581475   -0.009724    0.061533    0.366685
 -0.495059   -1.490893   -1.241137   -0.003117    0.125520    0.253333
 -0.507339   -0.559301   -1.073668   -0.000903    0.146562    0.093191
 -0.531451   -0.052359   -1.074142   -0.002533    0.147668    0.003159
 -0.515653    0.450642   -1.057061   -0.003261    0.147264   -0.092541
 -0.509904    0.938163   -1.149352   -0.003675    0.121828   -0.172425
 -0.502159    1.809986   -1.443991    0.003225    0.058776   -0.305397
 -0.463568    2.553239   -1.948459    0.014329   -0.048762   -0.395457
 -0.395430    3.258406   -2.648744    0.039940   -0.157285   -0.490932
 -0.341781    4.128208   -3.399896    0.063486   -0.254615   -0.588852
 -0.452277   -2.241672   -1.691205   -0.012619    0.042251    0.376133
 -0.489589   -1.506014   -1.271907   -0.004104    0.128562    0.264956
 -0.498018   -0.566071   -1.108504   -0.002237    0.141682    0.102925
 -0.508704   -0.049353   -1.075822   -0.003334    0.151188    0.006815
 -0.521128    0.461863   -1.091922   -0.003967    0.146723   -0.092602
 -0.510631    0.938649   -1.139645   -0.003702    0.136101   -0.170330
 -0.493902    1.811623   -1.468167    0.001818    0.059092   -0.303021
 -0.456519    2.531286   -1.929852    0.009781   -0.051013   -0.393894
 -0.380127    3.218729   -2.559509    0.033962   -0.150614   -0.479513
 -0.321153    4.085154   -3.467460    0.063508   -0.267411   -0.572819
 -0.414683   -2.183225   -1.463105   -0.013519    0.088964    0.351065
 -0.472275   -1.379874   -1.096934   -0.002039    0.166116    0.232329
 -0.505092   -0.445558   -0.973831    0.002223    0.195443    0.067891
 -0.519823    0.075303   -0.970106    0.001379    0.214603   -0.029499
 -0.527477    0.581399   -1.006506    0.002744    0.210477   -0.119944
 -0.523757    1.058813   -1.091289    0.003290    0.193472   -0.199411
 -0.514539    1.895463   -1.476130    0.012391    0.119681   -0.321785
 -0.483853    2.675412   -1.986641    0.021501    0.007086   -0.412802
 -0.467852    3.651285   -2.419017    0.025257   -0.081330   -0.542618
 -0.441546    4.559736   -3.004148    0.039942   -0.177281   -0.643182
 -0.413919   -2.206376   -1.650634   -0.012922    0.055220    0.338861
 -0.435630   -1.470870   -1.300875   -0.003069    0.142891    0.229986
 -0.460721   -0.467997   -1.130505    0.003880    0.175049    0.064644
 -0.473884    0.096915   -1.119746    0.005933    0.182504   -0.046399
 -0.487953    0.612230   -1.139329    0.006198    0.192005   -0.135291
 -0.485985    1.087684   -1.239721    0.009212    0.161356   -0.208477
 -0.473655    1.911332   -1.634447    0.018101    0.082287   -0.322857
 -0.454152    2.733426   -2.144171    0.025640   -0.025241   -0.425898
 -0.455320    3.618300   -2.583674    0.029391   -0.109146   -0.538077
 -0.428347    4.528054   -3.096046    0.036424   -0.180636   -0.635617
 -0.576477   -2.320566   -1.790319   -0.015236    0.028397    0.357007
 -0.593418   -1.502015   -1.437185   -0.006371    0.117428    0.242665
 -0.615605   -0.485378   -1.262077    0.003339    0.181991    0.057831
 -0.622036    0.086139   -1.280624    0.006030    0.185048   -0.053196
 -0.630309    0.630604   -1.314057    0.006305    0.183054   -0.149868
 -0.621340    1.118367   -1.413118    0.010796    0.162472   -0.229409
 -0.609242    1.939398   -1.855005    0.020381    0.068148   -0.342092
 -0.580059    2.811967   -2.330409    0.024582   -0.037137   -0.454438
 -0.551025    3.653182   -2.760995    0.025916   -0.106344   -0.523716
 -0.526924    4.700954   -3.254662    0.017163   -0.212652   -0.611426
 -0.878925   -2.484158   -1.906643   -0.012917    0.027679    0.397483
 -0.894322   -1.621243   -1.556194   -0.003008    0.107774    0.275785
 -0.905082   -0.521155   -1.402194    0.004114    0.155861    0.070624
 -0.913841    0.077085   -1.401948    0.005933    0.165424   -0.047376
 -0.916793    0.661663   -1.430726    0.008081    0.162005   -0.161352
 -0.914448    1.222740   -1.530720    0.009788    0.141274   -0.257698
 -0.895668    2.134849   -1.938144    0.017473    0.053141   -0.386025
 -0.884236    3.060219   -2.424748    0.019597   -0.065723   -0.498803
 -0.872235    4.040290   -2.943704    0.023023   -0.181395   -0.601689
 -0.835021    5.181299   -3.476245    0.021627   -0.265563   -0.649938
 -0.328249   -1.808357    0.000000    0.000000    0.000000    0.230244
 -0.340491   -0.948468    0.000000    0.000000    0.000000    0.096258
 -0.362588   -0.289373    0.000000    0.000000    0.000000    0.018611
 -0.367310   -0.024827    0.000000    0.000000    0.000000   -0.001175
 -0.370773    0.226843    0.000000    0.000000    0.000000   -0.017956
 -0.360963    0.499462    0.000000    0.000000    0.000000   -0.037540
 -0.353855    1.224343    0.000000    0.000000    0.000000   -0.136746
 -0.347644    2.144241    0.000000    0.000000    0.000000   -0.282388
 -0.314482    3.155339    0.000000    0.000000    0.000000   -0.441075
 -0.287119    4.237902    0.000000    0.000000    0.000000   -0.586783
 -0.312412   -1.754799    0.000000    0.000000    0.000000    0.201248
 -0.339440   -0.940808    0.000000    0.000000    0.000000    0.084323
 -0.352357   -0.277381    0.000000    0.000000    0.000000    0.014297
 -0.359199   -0.006861    0.000000    0.000000    0.000000   -0.010655
 -0.359876    0.235211    0.000000    0.000000    0.000000   -0.023075
 -0.356383    0.515072    0.000000    0.000000    0.000000   -0.045509
 -0.350396    1.238070    0.000000    0.000000    0.000000   -0.142390
 -0.334278    2.131963    0.000000    0.000000    0.000000   -0.280951
 -0.306023    3.163202    0.000000    0.000000    0.000000   -0.450061
 -0.265593    4.145719    0.000000    0.000000    0.000000   -0.574061
 -0.333696   -1.685143    0.000000    0.000000    0.000000    0.215737
 -0.346088   -0.861279    0.000000    0.000000    0.000000    0.083982
 -0.355789   -0.221912    0.000000    0.000000    0.000000    0.010774
 -0.357149    0.033031    0.000000    0.000000    0.000000   -0.004196
 -0.356321    0.297785    0.000000    0.000000    0.000000   -0.022263
 -0.354327    0.609391    0.000000    0.000000    0.000000   -0.050945
 -0.338895    1.397205    0.000000    0.000000    0.000000   -0.163109
 -0.326919    2.386620    0.000000    0.000000    0.000000   -0.322234
 -0.299181    3.427085    0.000000    0.000000    0.000000   -0.469863
 -0.268461    4.509414    0.000000    0.000000    0.000000   -0.612791
 -0.345567   -1.775428    0.000000    0.000000    0.000000    0.231033
 -0.356127   -0.906484    0.000000    0.000000    0.000000    0.094214
 -0.363036   -0.241440    0.000000    0.000000    0.000000    0.019175
 -0.368596    0.027326    0.000000    0.000000    0.000000    0.000886
 -0.368141    0.302571    0.000000    0.000000    0.000000   -0.019667
 -0.367838    0.624410    0.000000    0.000000    0.000000   -0.053659
 -0.351985    1.422915    0.000000    0.000000    0.000000   -0.165721
 -0.341830    2.419130    0.000000    0.000000    0.000000   -0.321812
 -0.319385    3.495367    0.000000    0.000000    0.000000   -0.473086
 -0.293952    4.546507    0.000000    0.000000    0.000000   -0.593044
 -0.394033   -1.793961    0.000000    0.000000    0.000000    0.219614
 -0.400116   -0.917164    0.000000    0.000000    0.000000    0.088581
 -0.405843   -0.239882    0.000000    0.000000    0.000000    0.012917
 -0.406887    0.021050    0.000000    0.000000    0.000000   -0.002458
 -0.404255    0.305790    0.000000    0.000000    0.000000   -0.025754
 -0.401888    0.638827    0.000000    0.000000    0.000000   -0.062457
 -0.400325    1.489197    0.000000    0.000000    0.000000   -0.188212
 -0.394203    2.528421    0.000000    0.000000    0.000000   -0.348859
 -0.391961    3.584787    0.000000    0.000000    0.000000   -0.484346
 -0.386014    4.637578    0.000000    0.000000    0.000000   -0.578985
 -0.679752   -1.902255    0.000000    0.000000    0.000000    0.236630
 -0.673373   -0.980801    0.000000    0.000000    0.000000    0.094814
 -0.669269   -0.274287    0.000000    0.000000    0.000000    0.018627
 -0.665870    0.036696    0.000000    0.000000    0.000000   -0.010314
 -0.667706    0.345771    0.000000    0.000000    0.000000   -0.038781
 -0.662731    0.699842    0.000000    0.000000    0.000000   -0.081844
 -0.669209    1.600379    0.000000    0.000000    0.000000   -0.218309
 -0.668675    2.689540    0.000000    0.000000    0.000000   -0.387001
 -0.658869    3.818517    0.000000    0.000000    0.000000   -0.542202
 -0.653248    4.979803    0.000000    0.000000    0.000000   -0.647479
 -0.329883   -1.847802   -0.970845   -0.002074   -0.134937    0.238875
 -0.360200   -1.037193   -0.845387   -0.002567   -0.104310    0.116423
 -0.376350   -0.359491   -0.649338   -0.000273   -0.055918    0.035071
 -0.381202   -0.018629   -0.605062   -0.000243   -0.043572   -0.005561
 -0.379434    0.303882   -0.635291    0.000349   -0.054376   -0.041731
 -0.376475    0.630293   -0.719572    0.000635   -0.080692   -0.075635
 -0.355860    1.336896   -0.934811    0.003675   -0.137694   -0.168637
 -0.328399    2.212709   -1.105279    0.007649   -0.169242   -0.303367
 -0.305361    3.233266   -1.325924    0.011460   -0.198455   -0.467292
 -0.271252    4.294378   -1.848876    0.041876   -0.196135   -0.617452
 -0.323154   -1.829252   -1.008715   -0.003889   -0.139839    0.242623
 -0.353436   -1.027874   -0.824727   -0.002374   -0.093278    0.120896
 -0.367495   -0.373021   -0.646714   -0.000857   -0.052188    0.041465
 -0.374471   -0.024323   -0.588492   -0.000334   -0.034122   -0.004255
 -0.371145    0.313933   -0.626332    0.000373   -0.049007   -0.046322
 -0.367538    0.628279   -0.693415    0.001138   -0.062409   -0.079700
 -0.349219    1.333803   -0.946347    0.004148   -0.129068   -0.171541
 -0.332316    2.208766   -1.094892    0.006571   -0.160403   -0.310534
 -0.295764    3.207339   -1.281939    0.007762   -0.189454   -0.462903
 -0.250920    4.225954   -1.808710    0.033978   -0.210961   -0.594999
 -0.322211   -1.787405   -0.992035   -0.005179   -0.134976    0.243075
 -0.344413   -0.991944   -0.809944   -0.003169   -0.092164    0.122949
 -0.351890   -0.289788   -0.638121   -0.001597   -0.041087    0.032971
 -0.349411    0.056603   -0.590416   -0.001051   -0.018087   -0.006539
 -0.352515    0.377399   -0.666496   -0.000336   -0.037613   -0.042374
 -0.351225    0.729483   -0.773679    0.000600   -0.072548   -0.084711
 -0.326947    1.524733   -0.992270    0.003931   -0.121829   -0.194195
 -0.304213    2.491336   -1.188625    0.008984   -0.155912   -0.343345
 -0.280700    3.583089   -1.386713    0.012171   -0.170542   -0.507233
 -0.252456    4.635971   -1.752266    0.025350   -0.195976   -0.645658
 -0.340257   -1.853256   -1.024184   -0.003992   -0.145980    0.246991
 -0.352108   -1.024690   -0.841115   -0.002049   -0.109329    0.121356
 -0.363579   -0.311187   -0.685365   -0.000290   -0.059431    0.039744
 -0.362982    0.049315   -0.644846    0.000553   -0.043756   -0.006309
 -0.363651    0.404760   -0.679029    0.000718   -0.050235   -0.051071
 -0.360023    0.754154   -0.800191    0.001692   -0.091044   -0.091717
 -0.337713    1.525902   -0.994207    0.003391   -0.139553   -0.194767
 -0.318994    2.505325   -1.193829    0.008467   -0.157563   -0.348095
 -0.306564    3.555775   -1.396538    0.011134   -0.175141   -0.500720
 -0.289816    4.600585   -1.694516    0.018612   -0.184134   -0.620750
 -0.399464   -1.895266   -1.092099   -0.003476   -0.170663    0.253057
 -0.409345   -1.040265   -0.911235   -0.003761   -0.120482    0.123575
 -0.414222   -0.308428   -0.696857   -0.000771   -0.052699    0.028271
 -0.413443    0.052959   -0.684644   -0.000240   -0.047322   -0.016156
 -0.409456    0.415224   -0.727397   -0.000155   -0.057506   -0.057568
 -0.407847    0.779487   -0.837298    0.000906   -0.089328   -0.106209
 -0.391519    1.589068   -1.049905    0.002801   -0.145402   -0.217482
 -0.383108    2.588389   -1.221474    0.003587   -0.178375   -0.369401
 -0.378125    3.597829   -1.401235    0.003042   -0.187240   -0.488883
 -0.378274    4.712078   -1.753623    0.002470   -0.221295   -0.593317
 -0.681374   -1.976088   -1.114633   -0.004977   -0.175231    0.271173
 -0.690191   -1.094833   -0.924564   -0.004048   -0.121486    0.139845
 -0.688471   -0.314595   -0.738654   -0.001046   -0.063739    0.028344
 -0.682060    0.063505   -0.720858   -0.001027   -0.056646   -0.018836
 -0.675292    0.445523   -0.756286   -0.000749   -0.065675   -0.068942
 -0.674017    0.834860   -0.848730    0.000298   -0.090696   -0.119728
 -0.671327    1.684959   -1.075704    0.002733   -0.150999   -0.240755
 -0.671056    2.732646   -1.301269    0.005085   -0.202204   -0.403448
 -0.665222    3.846857   -1.538921    0.005651   -0.240356   -0.552116
 -0.652528    4.997991   -1.842935    0.003480   -0.263138   -0.645359
 -0.299432   -2.187082   -2.418185   -0.008004   -0.319437    0.341565
 -0.334709   -1.416833   -2.049347   -0.002417   -0.243670    0.223663
 -0.356419   -0.507371   -1.834028    0.001467   -0.201098    0.072941
 -0.372831   -0.028779   -1.843712    0.001717   -0.203712   -0.005111
 -0.359203    0.438202   -1.839851    0.002029   -0.210546   -0.082021
 -0.354584    0.914773   -1.926422    0.002145   -0.233212   -0.155815
 -0.340189    1.787826   -2.226641    0.007725   -0.299154   -0.292217
 -0.306418    2.592449   -2.705409    0.014179   -0.396632   -0.405367
 -0.254960    3.364516   -3.346324    0.034800   -0.479425   -0.529962
 -0.220591    4.289908   -3.997266    0.049506   -0.544585   -0.658432
 -0.295722   -2.191902   -2.476765   -0.010339   -0.323259    0.348403
 -0.332594   -1.419824   -2.058387   -0.002604   -0.234508    0.229076
 -0.348743   -0.505061   -1.842574    0.000873   -0.199318    0.076355
 -0.358609   -0.022163   -1.814822    0.001626   -0.193932   -0.005995
 -0.357233    0.448653   -1.856412    0.001993   -0.209957   -0.086382
 -0.355556    0.917429   -1.901965    0.002798   -0.217349   -0.158140
 -0.333447    1.790583   -2.239907    0.007388   -0.295358   -0.293631
 -0.309504    2.591636   -2.673052    0.011691   -0.389893   -0.410274
 -0.242422    3.327129   -3.259649    0.031452   -0.463594   -0.523733
 -0.202358    4.226394   -4.029890    0.049998   -0.547111   -0.640589
 -0.298965   -2.120125   -2.339115   -0.013039   -0.304766    0.337025
 -0.326547   -1.340394   -1.971404   -0.004319   -0.224074    0.214839
 -0.336014   -0.400498   -1.825091    0.000103   -0.185507    0.048731
 -0.340875    0.080353   -1.809006    0.000249   -0.165147   -0.029049
 -0.344189    0.559729   -1.857026    0.002074   -0.174623   -0.107754
 -0.339529    1.041753   -1.956579    0.003230   -0.195668   -0.182981
 -0.326791    1.907342   -2.345560    0.010771   -0.268719   -0.316355
 -0.291605    2.763652   -2.817651    0.016471   -0.360374   -0.436892
 -0.269504    3.792295   -3.195637    0.017057   -0.420940   -0.590328
 -0.243688    4.760126   -3.709228    0.027792   -0.480681   -0.710242
 -0.313611   -2.257086   -2.480964   -0.011332   -0.325190    0.350861
 -0.327412   -1.456740   -2.151305   -0.004279   -0.251369    0.225296
 -0.346023   -0.431467   -1.973255    0.001030   -0.214351    0.054044
 -0.347626    0.093115   -1.961716    0.003143   -0.202746   -0.035689
 -0.349755    0.603050   -1.977369    0.003898   -0.195755   -0.119771
 -0.348367    1.092254   -2.081501    0.005762   -0.223414   -0.196297
 -0.335657    1.960802   -2.452047    0.011731   -0.293453   -0.328657
 -0.308714    2.852716   -2.911661    0.016360   -0.373381   -0.456308
 -0.298272    3.809410   -3.318534    0.017381   -0.431826   -0.588647
 -0.279449    4.766044   -3.771676    0.020044   -0.474566   -0.690977
 -0.383078   -2.319106   -2.556349   -0.011446   -0.338993    0.358297
 -0.397619   -1.437395   -2.226735   -0.006031   -0.257682    0.217545
 -0.410476   -0.432838   -2.080197    0.001059   -0.204669    0.037841
 -0.415687    0.106099   -2.087974    0.004350   -0.195642   -0.054856
 -0.413960    0.628324   -2.124817    0.005765   -0.199046   -0.142948
 -0.408751    1.121597   -2.215088    0.008896   -0.215848   -0.221419
 -0.401533    1.981928   -2.625235    0.015101   -0.295672   -0.349282
 -0.386430    2.913567   -3.076559    0.015442   -0.386517   -0.486128
 -0.375596    3.829292   -3.488675    0.013016   -0.446384   -0.577916
 -0.371655    4.834274   -3.986022    0.004053   -0.523412   -0.650226
 -0.674440   -2.387268   -2.638613   -0.013837   -0.337841    0.378523
 -0.684757   -1.526413   -2.301424   -0.006938   -0.257806    0.253555
 -0.687997   -0.460915   -2.177664    0.000864   -0.225419    0.053504
 -0.694116    0.109975   -2.177928    0.002943   -0.215606   -0.049936
 -0.694888    0.668243   -2.207356    0.005771   -0.216005   -0.155742
 -0.694613    1.223150   -2.291330    0.007888   -0.228176   -0.253228
 -0.693683    2.145919   -2.676184    0.015023   -0.310799   -0.383865
 -0.689251    3.108249   -3.175048    0.016357   -0.424953   -0.520673
 -0.676310    4.106210   -3.676724    0.014903   -0.519735   -0.635879
 -0.654026    5.195699   -4.172955    0.007617   -0.580423   -0.704778
 -0.498924   -1.920809   -0.844006   -0.000129   -0.381820    0.266978
 -0.505677   -1.052265   -0.844714    0.000340   -0.380204    0.131865
 -0.509935   -0.359861   -0.753211    0.002118   -0.345081    0.046049
 -0.521944   -0.053300   -0.761542    0.003938   -0.347949    0.008882
 -0.528937    0.234375   -0.796565    0.005133   -0.362054   -0.026232
 -0.518663    0.526790   -0.815195    0.005602   -0.369642   -0.056182
 -0.517724    1.255302   -0.798687    0.004510   -0.362165   -0.153053
 -0.510624    2.134294   -0.766519    0.001407   -0.348044   -0.285442
 -0.454768    3.069781   -0.713491   -0.003973   -0.316586   -0.410775
 -0.415730    4.118966   -0.614555   -0.013145   -0.283409   -0.534714
 -0.503461   -1.844221   -0.828379    0.001233   -0.378207    0.258073
 -0.502016   -1.017220   -0.774220    0.002446   -0.358753    0.127079
 -0.495872   -0.337088   -0.707578    0.003673   -0.328059    0.041266
 -0.503414   -0.041614   -0.692729    0.005444   -0.322885    0.006465
 -0.519639    0.246689   -0.739670    0.006790   -0.345141   -0.028437
 -0.514986    0.543465   -0.755351    0.007141   -0.349850   -0.060556
 -0.531094    1.283092   -0.809148    0.006963   -0.369777   -0.161985
 -0.487072    2.094956   -0.733262    0.002402   -0.331892   -0.274754
 -0.443555    3.039177   -0.711090   -0.000928   -0.302170   -0.399923
 -0.387039    4.014907   -0.590508   -0.011649   -0.271491   -0.512274
 -0.442943   -1.772178   -0.864584   -0.000092   -0.377867    0.235670
 -0.491178   -0.925374   -0.880693   -0.001956   -0.391514    0.107394
 -0.519090   -0.287493   -0.869268   -0.002528   -0.386816    0.038775
 -0.532389    0.021043   -0.826145   -0.001176   -0.372083   -0.001488
 -0.536553    0.313912   -0.852797   -0.000589   -0.383463   -0.031891
 -0.534854    0.622876   -0.876895   -0.000117   -0.392329   -0.065072
 -0.512916    1.368854   -0.842116   -0.002471   -0.371639   -0.161583
 -0.510778    2.296280   -0.821642   -0.003789   -0.346178   -0.296773
 -0.482244    3.291570   -0.810979   -0.005463   -0.313068   -0.425508
 -0.448972    4.308407   -0.735573   -0.010586   -0.281781   -0.545682
 -0.440763   -1.729806   -0.813401    0.001871   -0.379351    0.225393
 -0.464505   -0.929645   -0.861752   -0.001008   -0.408131    0.107010
 -0.473949   -0.286527   -0.870398   -0.003251   -0.404673    0.033589
 -0.491674    0.017891   -0.857324   -0.003191   -0.395918   -0.003928
 -0.501811    0.299389   -0.847491   -0.002806   -0.396453   -0.029032
 -0.499339    0.604233   -0.870938   -0.003912   -0.403295   -0.058458
 -0.488684    1.369763   -0.806219   -0.008079   -0.385174   -0.157352
 -0.479340    2.290121   -0.743936   -0.009900   -0.343311   -0.286539
 -0.469678    3.293263   -0.730697   -0.012443   -0.326544   -0.417830
 -0.420505    4.271261   -0.626437   -0.017527   -0.264778   -0.520801
 -0.588602   -1.808412   -0.771445    0.002673   -0.372922    0.221481
 -0.595992   -0.991746   -0.829036   -0.000535   -0.395067    0.115434
 -0.609773   -0.298000   -0.832794   -0.002944   -0.393992    0.035573
 -0.612473   -0.004408   -0.822240   -0.002348   -0.388750    0.002047
 -0.619536    0.298733   -0.832221   -0.001386   -0.392694   -0.028105
 -0.614051    0.629234   -0.839418   -0.002357   -0.396573   -0.066692
 -0.605434    1.438222   -0.792838   -0.005857   -0.376192   -0.176410
 -0.585270    2.417604   -0.729002   -0.009965   -0.347376   -0.312110
 -0.573211    3.404758   -0.704970   -0.012852   -0.331384   -0.428292
 -0.545481    4.512657   -0.719711   -0.012348   -0.301616   -0.543488
 -0.886350   -1.994061   -0.715560   -0.000109   -0.358549    0.260168
 -0.886904   -1.076190   -0.738908   -0.003311   -0.364550    0.123724
 -0.893404   -0.337609   -0.768053   -0.002750   -0.378343    0.037982
 -0.890446   -0.002917   -0.765648   -0.002654   -0.377128   -0.003976
 -0.894359    0.335556   -0.763796   -0.002181   -0.373458   -0.042310
 -0.886675    0.700342   -0.749467   -0.001770   -0.365959   -0.086099
 -0.873384    1.582265   -0.728659   -0.002614   -0.361310   -0.216998
 -0.864468    2.637404   -0.735054   -0.003243   -0.351401   -0.363056
 -0.854537    3.747357   -0.729370   -0.008281   -0.335247   -0.503759
 -0.833329    4.963025   -0.701579   -0.014120   -0.317271   -0.587788
 -0.497173   -1.920392   -1.807555   -0.000354   -0.515907    0.263995
 -0.520550   -1.111253   -1.653597   -0.001867   -0.473500    0.146093
 -0.527270   -0.411421   -1.409698    0.002097   -0.403578    0.055321
 -0.539822   -0.042209   -1.374632    0.004007   -0.394952    0.002709
 -0.535884    0.316322   -1.418081    0.005639   -0.412186   -0.052251
 -0.531795    0.653683   -1.496642    0.006455   -0.435732   -0.092245
 -0.517830    1.359056   -1.717461    0.008175   -0.495624   -0.181817
 -0.485549    2.173499   -1.862229    0.007499   -0.517112   -0.293457
 -0.445831    3.127156   -2.023504    0.006320   -0.520595   -0.428262
 -0.392442    4.132678   -2.446246    0.027896   -0.486105   -0.547872
 -0.479709   -1.879022   -1.794275   -0.001609   -0.505349    0.270353
 -0.510431   -1.114064   -1.611207   -0.000874   -0.456348    0.156776
 -0.516770   -0.434031   -1.380784    0.002253   -0.393188    0.068035
 -0.524566   -0.051513   -1.327492    0.004626   -0.379242    0.008555
 -0.535040    0.327143   -1.390822    0.006333   -0.405687   -0.052542
 -0.522613    0.649499   -1.455735    0.007638   -0.415859   -0.091890
 -0.509674    1.354843   -1.718087    0.009718   -0.483518   -0.180931
 -0.479331    2.148416   -1.838092    0.008481   -0.499283   -0.294154
 -0.433469    3.098939   -1.982079    0.005252   -0.502434   -0.418683
 -0.369715    4.084714   -2.371140    0.020468   -0.490661   -0.527229
 -0.437929   -1.850505   -1.868045   -0.004699   -0.528706    0.257115
 -0.490141   -1.031424   -1.684414   -0.005449   -0.482354    0.140439
 -0.520968   -0.334848   -1.489381   -0.003717   -0.422037    0.052131
 -0.528359    0.051553   -1.429316   -0.002181   -0.397837   -0.006989
 -0.535803    0.399069   -1.517016   -0.001006   -0.422713   -0.054564
 -0.535453    0.746543   -1.638969    0.000540   -0.461688   -0.101141
 -0.514695    1.512852   -1.861700    0.002311   -0.510229   -0.199625
 -0.496461    2.403096   -2.019635    0.003954   -0.523372   -0.319255
 -0.479048    3.442079   -2.163333    0.003971   -0.510152   -0.459523
 -0.450314    4.435581   -2.457346    0.013200   -0.499376   -0.578598
 -0.440565   -1.802546   -1.854514   -0.002402   -0.526390    0.234991
 -0.460326   -1.038820   -1.691545   -0.003259   -0.503589    0.126046
 -0.478277   -0.347717   -1.528115   -0.003140   -0.448831    0.050344
 -0.489240    0.053115   -1.486816   -0.002237   -0.429006   -0.017019
 -0.501849    0.413940   -1.517069   -0.001582   -0.437995   -0.066591
 -0.497641    0.749584   -1.641971   -0.001758   -0.475814   -0.103897
 -0.475711    1.476432   -1.811807   -0.002979   -0.515293   -0.188967
 -0.464432    2.386035   -1.961319   -0.000813   -0.505703   -0.317685
 -0.463612    3.364665   -2.131398   -0.000876   -0.497821   -0.450150
 -0.438714    4.362595   -2.370146    0.002232   -0.478064   -0.565390
 -0.592863   -1.896726   -1.858129    0.000314   -0.538053    0.251767
 -0.605144   -1.104885   -1.700785   -0.003421   -0.495592    0.148695
 -0.619351   -0.360968   -1.514977   -0.003051   -0.439359    0.048261
 -0.619792    0.032999   -1.491994   -0.001920   -0.428012   -0.014496
 -0.625805    0.417504   -1.538157   -0.000695   -0.439606   -0.064488
 -0.620436    0.776257   -1.639268   -0.000994   -0.467648   -0.114199
 -0.599228    1.546538   -1.820135   -0.002479   -0.509222   -0.210292
 -0.576737    2.486789   -1.967624   -0.005553   -0.527755   -0.337711
 -0.553554    3.421719   -2.128915   -0.009858   -0.527280   -0.434683
 -0.533543    4.578758   -2.484983   -0.010640   -0.532055   -0.554517
 -0.885859   -2.072978   -1.846603   -0.005897   -0.540751    0.290133
 -0.899756   -1.189663   -1.669794   -0.007978   -0.487066    0.162075
 -0.905556   -0.374835   -1.514124   -0.004296   -0.445019    0.045464
 -0.901785    0.030615   -1.496838   -0.004017   -0.437676   -0.016276
 -0.897197    0.438943   -1.532916   -0.003059   -0.443685   -0.074552
 -0.893852    0.834450   -1.609340   -0.001602   -0.460146   -0.124198
 -0.873312    1.673889   -1.813744    0.000283   -0.514939   -0.242915
 -0.866041    2.684616   -2.051569    0.001845   -0.561434   -0.381578
 -0.861147    3.780937   -2.271941   -0.002469   -0.578696   -0.517926
 -0.833523    4.983591   -2.539645   -0.010530   -0.577998   -0.590519
 -0.466722   -2.259672   -3.254895   -0.006284   -0.700407    0.366685
 -0.495059   -1.490893   -2.857557   -0.001717   -0.612860    0.253333
 -0.507339   -0.559301   -2.594388    0.003837   -0.548758    0.093191
 -0.531451   -0.052359   -2.613282    0.005967   -0.555092    0.003159
 -0.515653    0.450642   -2.622641    0.007319   -0.568356   -0.092541
 -0.509904    0.938163   -2.703492    0.007965   -0.588252   -0.172425
 -0.502159    1.809986   -3.009291    0.012225   -0.657084   -0.305397
 -0.463568    2.553239   -3.462359    0.014029   -0.744502   -0.395457
 -0.395430    3.258406   -4.043904    0.029660   -0.801565   -0.490932
 -0.341781    4.128208   -4.594636    0.035526   -0.834555   -0.588852
 -0.452277   -2.241672   -3.262325   -0.008059   -0.688769    0.376133
 -0.489589   -1.506014   -2.844867   -0.001104   -0.597578    0.264956
 -0.498018   -0.566071   -2.576644    0.003983   -0.540318    0.102925
 -0.508704   -0.049353   -2.553822    0.006586   -0.539052    0.006815
 -0.521128    0.461863   -2.620902    0.007953   -0.566637   -0.092602
 -0.510631    0.938649   -2.664285    0.009298   -0.570799   -0.170330
 -0.493902    1.811623   -3.011647    0.012958   -0.649808   -0.303021
 -0.456519    2.531286   -3.416252    0.013601   -0.728773   -0.393894
 -0.380127    3.218729   -3.959789    0.028942   -0.776574   -0.479513
 -0.321153    4.085154   -4.592320    0.036488   -0.826811   -0.572819
 -0.414683   -2.183225   -3.215125   -0.012559   -0.698496    0.351065
 -0.472275   -1.379874   -2.845874   -0.006599   -0.614264    0.232329
 -0.505092   -0.445558   -2.676351   -0.002017   -0.566457    0.067891
 -0.519823    0.075303   -2.647906   -0.000881   -0.544897   -0.029499
 -0.527477    0.581399   -2.707546    0.001404   -0.559723   -0.119944
 -0.523757    1.058813   -2.821869    0.003170   -0.584808   -0.199411
 -0.514539    1.895463   -3.214990    0.009151   -0.657119   -0.321785
 -0.483853    2.675412   -3.648661    0.011441   -0.727834   -0.412802
 -0.467852    3.651285   -3.972257    0.008857   -0.760550   -0.542618
 -0.441546    4.559736   -4.414308    0.015642   -0.784081   -0.643182
 -0.413919   -2.206376   -3.311294   -0.009742   -0.705600    0.338861
 -0.435630   -1.470870   -3.001735   -0.005489   -0.645629    0.229986
 -0.460721   -0.467997   -2.816005   -0.001820   -0.603751    0.064644
 -0.473884    0.096915   -2.803686    0.000353   -0.587996   -0.046399
 -0.487953    0.612230   -2.815409    0.001598   -0.583515   -0.135291
 -0.485985    1.087684   -2.923281    0.002312   -0.608184   -0.208477
 -0.473655    1.911332   -3.269647    0.005361   -0.669193   -0.322857
 -0.454152    2.733426   -3.679151    0.007080   -0.721521   -0.425898
 -0.455320    3.618300   -4.053394    0.005371   -0.754506   -0.538077
 -0.428347    4.528054   -4.447306    0.003664   -0.768496   -0.635617
 -0.576477   -2.320566   -3.322379   -0.007656   -0.706383    0.357007
 -0.593418   -1.502015   -3.016285   -0.005691   -0.632792    0.242665
 -0.615605   -0.485378   -2.898317   -0.001221   -0.591329    0.057831
 -0.622036    0.086139   -2.895324    0.002670   -0.576332   -0.053196
 -0.630309    0.630604   -2.935577    0.005225   -0.581146   -0.149868
 -0.621340    1.118367   -3.017058    0.006996   -0.594168   -0.229409
 -0.609242    1.939398   -3.395465    0.009821   -0.659492   -0.342092
 -0.580059    2.811967   -3.822709    0.006302   -0.735897   -0.454438
 -0.551025    3.653182   -4.216355    0.000116   -0.786424   -0.523716
 -0.526924    4.700954   -4.717382   -0.009057   -0.834172   -0.611426
 -0.878925   -2.484158   -3.370583   -0.014757   -0.703361    0.397483
 -0.894322   -1.621243   -3.046654   -0.010868   -0.623386    0.275785
 -0.905082   -0.521155   -2.953134   -0.002386   -0.606699    0.070624
 -0.913841    0.077085   -2.953908   -0.000047   -0.596636   -0.047376
 -0.916793    0.661663   -2.983986    0.003461   -0.594015   -0.161352
 -0.914448    1.222740   -3.051940    0.005988   -0.597626   -0.257698
 -0.895668    2.134849   -3.414224    0.012573   -0.674739   -0.386025
 -0.884236    3.060219   -3.925348    0.013117   -0.784183   -0.498803
 -0.872235    4.040290   -4.409744    0.006783   -0.858075   -0.601689
 -0.835021    5.181299   -4.869665   -0.006393   -0.895283   -0.649938
