 -0.890366 -2.952947  0.000000  0.000000  0.000000  0.739709
 -0.886963 -2.208917  0.000000  0.000000  0.000000  0.656139
 -0.862615 -1.539845  0.000000  0.000000  0.000000  0.580818
 -0.844507 -1.229194  0.000000  0.000000  0.000000  0.542543
 -0.833797 -1.015145  0.000000  0.000000  0.000000  0.543043
 -0.817952 -0.782770  0.000000  0.000000  0.000000  0.539900
 -0.793878 -0.176020  0.000000  0.000000  0.000000  0.493977
 -0.743599  0.612175  0.000000  0.000000  0.000000  0.395690
 -0.676723  1.522404  0.000000  0.000000  0.000000  0.286251
 -0.606809  2.528623  0.000000  0.000000  0.000000  0.171551
 -0.878692 -2.925720  0.000000  0.000000  0.000000  0.722315
 -0.882205 -2.182687  0.000000  0.000000  0.000000  0.639438
 -0.850349 -1.486030  0.000000  0.000000  0.000000  0.564021
 -0.841845 -1.200029  0.000000  0.000000  0.000000  0.533390
 -0.828664 -0.993296  0.000000  0.000000  0.000000  0.535205
 -0.815155 -0.757751  0.000000  0.000000  0.000000  0.531875
 -0.799531 -0.148451  0.000000  0.000000  0.000000  0.486178
 -0.740468  0.622136  0.000000  0.000000  0.000000  0.390917
 -0.665101  1.518126  0.000000  0.000000  0.000000  0.283611
 -0.596800  2.517380  0.000000  0.000000  0.000000  0.170717
 -0.939888 -2.843271  0.000000  0.000000  0.000000  0.733044
 -0.939986 -2.147006  0.000000  0.000000  0.000000  0.662123
 -0.926834 -1.489338  0.000000  0.000000  0.000000  0.588172
 -0.922067 -1.188963  0.000000  0.000000  0.000000  0.556434
 -0.925409 -0.997202  0.000000  0.000000  0.000000  0.571647
 -0.919740 -0.720827  0.000000  0.000000  0.000000  0.557151
 -0.896247 -0.107434  0.000000  0.000000  0.000000  0.523471
 -0.831809  0.745508  0.000000  0.000000  0.000000  0.424390
 -0.749655  1.669246  0.000000  0.000000  0.000000  0.326526
 -0.665962  2.708536  0.000000  0.000000  0.000000  0.206250
 -0.965880 -2.852398  0.000000  0.000000  0.000000  0.734666
 -0.954917 -2.112264  0.000000  0.000000  0.000000  0.653414
 -0.925006 -1.428487  0.000000  0.000000  0.000000  0.562735
 -0.912570 -1.141377  0.000000  0.000000  0.000000  0.535817
 -0.889410 -0.932737  0.000000  0.000000  0.000000  0.539813
 -0.870563 -0.641029  0.000000  0.000000  0.000000  0.521782
 -0.841774  0.013016  0.000000  0.000000  0.000000  0.474135
 -0.782004  0.830493  0.000000  0.000000  0.000000  0.391749
 -0.697261  1.749885  0.000000  0.000000  0.000000  0.302651
 -0.644905  2.712366  0.000000  0.000000  0.000000  0.218699
 -1.101467 -3.120660  0.000000  0.000000  0.000000  0.841823
 -1.073354 -2.320113  0.000000  0.000000  0.000000  0.742880
 -1.049149 -1.594286  0.000000  0.000000  0.000000  0.643417
 -1.030419 -1.315288  0.000000  0.000000  0.000000  0.617152
 -1.005517 -1.030409  0.000000  0.000000  0.000000  0.593171
 -0.982931 -0.709991  0.000000  0.000000  0.000000  0.562233
 -0.935377  0.091712  0.000000  0.000000  0.000000  0.456051
 -0.879359  0.963787  0.000000  0.000000  0.000000  0.360422
 -0.841755  1.908678  0.000000  0.000000  0.000000  0.282339
 -0.799692  2.945091  0.000000  0.000000  0.000000  0.205002
 -1.383366 -3.308310  0.000000  0.000000  0.000000  0.874440
 -1.349134 -2.464848  0.000000  0.000000  0.000000  0.773511
 -1.328499 -1.772862  0.000000  0.000000  0.000000  0.714126
 -1.306510 -1.441794  0.000000  0.000000  0.000000  0.679017
 -1.298081 -1.131573  0.000000  0.000000  0.000000  0.654340
 -1.284669 -0.783450  0.000000  0.000000  0.000000  0.619505
 -1.235777  0.090777  0.000000  0.000000  0.000000  0.495417
 -1.191774  1.126816  0.000000  0.000000  0.000000  0.358477
 -1.148114  2.215214  0.000000  0.000000  0.000000  0.248284
 -1.090380  3.380293  0.000000  0.000000  0.000000  0.194491
 -0.894038 -2.994292 -0.970845 -0.002074 -0.134937  0.753785
 -0.900805 -2.293513 -0.845387 -0.002567 -0.104310  0.680953
 -0.872975 -1.594531 -0.649338 -0.000273 -0.055918  0.590871
 -0.855097 -1.232749 -0.605062 -0.000243 -0.043572  0.542669
 -0.837989 -0.942688 -0.635291  0.000349 -0.054376  0.521409
 -0.826340 -0.664647 -0.719572  0.000635 -0.080692  0.507615
 -0.791165 -0.075574 -0.934811  0.003675 -0.137694  0.467813
 -0.729514  0.670019 -1.105279  0.007649 -0.169242  0.381653
 -0.669086  1.595156 -1.325924  0.011460 -0.198455  0.262688
 -0.591237  2.582698 -1.848876  0.041876 -0.196135  0.140918
 -0.878495 -2.976492 -1.008715 -0.003889 -0.139839  0.757463
 -0.886987 -2.272394 -0.824727 -0.002374 -0.093278  0.682716
 -0.861556 -1.585521 -0.646714 -0.000857 -0.052188  0.592335
 -0.852542 -1.232573 -0.588492 -0.000334 -0.034122  0.545555
 -0.837206 -0.923237 -0.626332  0.000373 -0.049007  0.516288
 -0.816929 -0.658101 -0.693415  0.001138 -0.062409  0.503510
 -0.790040 -0.075767 -0.946347  0.004148 -0.129068  0.467789
 -0.731917  0.669926 -1.094892  0.006571 -0.160403  0.374376
 -0.657215  1.574949 -1.281939  0.007762 -0.189454  0.265627
 -0.586441  2.593784 -1.808710  0.033978 -0.210961  0.151841
 -0.928958 -2.941405 -0.992035 -0.005179 -0.134976  0.765185
 -0.933339 -2.274934 -0.809944 -0.003169 -0.092164  0.706639
 -0.922846 -1.555928 -0.638121 -0.001597 -0.041087  0.610371
 -0.911717 -1.180177 -0.590416 -0.001051 -0.018087  0.561021
 -0.918901 -0.933591 -0.666496 -0.000336 -0.037613  0.559176
 -0.915811 -0.618427 -0.773679  0.000600 -0.072548  0.531349
 -0.880614  0.002343 -0.992270  0.003931 -0.121829  0.500175
 -0.811499  0.847346 -1.188625  0.008984 -0.155912  0.404765
 -0.742046  1.807659 -1.386713  0.012171 -0.170542  0.295957
 -0.662053  2.824791 -1.752266  0.025350 -0.195976  0.175222
 -0.964403 -2.918256 -1.024184 -0.003992 -0.145980  0.744501
 -0.947834 -2.212310 -0.841115 -0.002049 -0.109329  0.672026
 -0.925126 -1.492307 -0.685365 -0.000290 -0.059431  0.581224
 -0.907488 -1.110465 -0.644846  0.000553 -0.043756  0.524921
 -0.886258 -0.824260 -0.679029  0.000718 -0.050235  0.505359
 -0.865439 -0.505706 -0.800191  0.001692 -0.091044  0.480793
 -0.825729  0.115482 -0.994207  0.003391 -0.139553  0.444483
 -0.766031  0.917504 -1.193829  0.008467 -0.157563  0.364605
 -0.686321  1.802805 -1.396538  0.011134 -0.175141  0.277960
 -0.639852  2.765415 -1.694516  0.018612 -0.184134  0.189140
 -1.108320 -3.177046 -1.092099 -0.003476 -0.170663  0.854057
 -1.087361 -2.398375 -0.911235 -0.003761 -0.120482  0.756275
 -1.059108 -1.629498 -0.696857 -0.000771 -0.052699  0.643411
 -1.038289 -1.259361 -0.684644 -0.000240 -0.047322  0.592084
 -1.012132 -0.891246 -0.727397 -0.000155 -0.057506  0.547242
 -0.992733 -0.549483 -0.837298  0.000906 -0.089328  0.508691
 -0.930615  0.192548 -1.049905  0.002801 -0.145402  0.425438
 -0.868024  1.020879 -1.221474  0.003587 -0.178375  0.340299
 -0.825891  1.928589 -1.401235  0.003042 -0.187240  0.274007
 -0.791940  3.018008 -1.753623  0.002470 -0.221295  0.188683
 -1.385031 -3.401268 -1.114633 -0.004977 -0.175231  0.919963
 -1.364458 -2.593153 -0.924564 -0.004048 -0.121486  0.826355
 -1.351848 -1.830475 -0.738654 -0.001046 -0.063739  0.731484
 -1.327397 -1.429445 -0.720858 -0.001027 -0.056646  0.676424
 -1.306109 -1.044887 -0.756286 -0.000749 -0.065675  0.630048
 -1.294784 -0.661880 -0.848730  0.000298 -0.090696  0.586992
 -1.235884  0.166699 -1.075704  0.002733 -0.150999  0.475305
 -1.193663  1.169436 -1.301269  0.005085 -0.202204  0.342992
 -1.151109  2.237717 -1.538921  0.005651 -0.240356  0.239614
 -1.089705  3.396121 -1.842935  0.003480 -0.263138  0.194911
 -0.863587 -3.333572 -2.418185 -0.008004 -0.319437  0.856475
 -0.875314 -2.673153 -2.049347 -0.002417 -0.243670  0.788193
 -0.853044 -1.742411 -1.834028  0.001467 -0.201098  0.628741
 -0.846726 -1.242899 -1.843712  0.001717 -0.203712  0.543119
 -0.817758 -0.808368 -1.839851  0.002029 -0.210546  0.481119
 -0.804449 -0.380167 -1.926422  0.002145 -0.233212  0.427435
 -0.775494  0.375356 -2.226641  0.007725 -0.299154  0.344233
 -0.707533  1.049759 -2.705409  0.014179 -0.396632  0.279653
 -0.618685  1.726406 -3.346324  0.034800 -0.479425  0.200018
 -0.540576  2.578228 -3.997266  0.049506 -0.544585  0.099938
 -0.851063 -3.339142 -2.476765 -0.010339 -0.323259  0.863243
 -0.866145 -2.664344 -2.058387 -0.002604 -0.234508  0.790896
 -0.842804 -1.717561 -1.842574  0.000873 -0.199318  0.627225
 -0.836680 -1.230413 -1.814822  0.001626 -0.193932  0.543815
 -0.823294 -0.788517 -1.856412  0.001993 -0.209957  0.476228
 -0.804947 -0.368951 -1.901965  0.002798 -0.217349  0.425070
 -0.774268  0.381013 -2.239907  0.007388 -0.295358  0.345699
 -0.709105  1.052796 -2.673052  0.011691 -0.389893  0.274636
 -0.603873  1.694739 -3.259649  0.031452 -0.463594  0.204797
 -0.537879  2.594224 -4.029890  0.049998 -0.547111  0.106251
 -0.905712 -3.274125 -2.339115 -0.013039 -0.304766  0.859135
 -0.915473 -2.623384 -1.971404 -0.004319 -0.224074  0.798529
 -0.906970 -1.666638 -1.825091  0.000103 -0.185507  0.626131
 -0.903181 -1.156427 -1.809006  0.000249 -0.165147  0.538511
 -0.910575 -0.751261 -1.857026  0.002074 -0.174623  0.493796
 -0.904115 -0.306157 -1.956579  0.003230 -0.195668  0.433079
 -0.880458  0.384952 -2.345560  0.010771 -0.268719  0.378015
 -0.798891  1.119662 -2.817651  0.016471 -0.360374  0.311218
 -0.730850  2.016865 -3.195637  0.017057 -0.420940  0.212862
 -0.653284  2.948946 -3.709228  0.027792 -0.480681  0.110638
 -0.937757 -3.322086 -2.480964 -0.011332 -0.325190  0.848371
 -0.923138 -2.644360 -2.151305 -0.004279 -0.251369  0.775966
 -0.907570 -1.612587 -1.973255  0.001030 -0.214351  0.595524
 -0.892132 -1.066665 -1.961716  0.003143 -0.202746  0.495541
 -0.872362 -0.625970 -1.977369  0.003898 -0.195755  0.436659
 -0.853783 -0.167606 -2.081501  0.005762 -0.223414  0.376213
 -0.823673  0.550382 -2.452047  0.011731 -0.293453  0.310593
 -0.755750  1.264896 -2.911661  0.016360 -0.373381  0.256392
 -0.678029  2.056440 -3.318534  0.017381 -0.431826  0.190033
 -0.629485  2.930874 -3.771676  0.020044 -0.474566  0.118913
 -1.091934 -3.600886 -2.556349 -0.011446 -0.338993  0.959297
 -1.075635 -2.795505 -2.226735 -0.006031 -0.257682  0.850245
 -1.055362 -1.753908 -2.080197  0.001059 -0.204669  0.652981
 -1.040533 -1.206221 -2.087974  0.004350 -0.195642  0.553384
 -1.016636 -0.678146 -2.124817  0.005765 -0.199046  0.461862
 -0.993637 -0.207373 -2.215088  0.008896 -0.215848  0.393481
 -0.940629  0.585408 -2.625235  0.015101 -0.295672  0.293638
 -0.871346  1.346057 -3.076559  0.015442 -0.386517  0.223572
 -0.823362  2.160052 -3.488675  0.013016 -0.446384  0.184974
 -0.785322  3.140204 -3.986022  0.004053 -0.523412  0.131774
 -1.378097 -3.812448 -2.638613 -0.013837 -0.337841  1.027313
 -1.359024 -3.024733 -2.301424 -0.006938 -0.257806  0.940065
 -1.351374 -1.976795 -2.177664  0.000864 -0.225419  0.756644
 -1.339453 -1.382975 -2.177928  0.002943 -0.215606  0.645324
 -1.325705 -0.822167 -2.207356  0.005771 -0.216005  0.543248
 -1.315380 -0.273590 -2.291330  0.007888 -0.228176  0.453492
 -1.258240  0.627659 -2.676184  0.015023 -0.310799  0.332195
 -1.211858  1.545039 -3.175048  0.016357 -0.424953  0.225767
 -1.162197  2.497069 -3.676724  0.014903 -0.519735  0.155851
 -1.091203  3.593829 -4.172955  0.007617 -0.580423  0.135492
 -0.528229 -2.641167  0.000000  0.000000  0.000000  0.600369
 -0.517146 -1.796467  0.000000  0.000000  0.000000  0.468129
 -0.499708 -1.090105  0.000000  0.000000  0.000000  0.377918
 -0.502000 -0.787364  0.000000  0.000000  0.000000  0.341373
 -0.487980 -0.528235  0.000000  0.000000  0.000000  0.318243
 -0.469075 -0.231190  0.000000  0.000000  0.000000  0.287500
 -0.439351  0.484720  0.000000  0.000000  0.000000  0.193537
 -0.397542  1.344275  0.000000  0.000000  0.000000  0.061580
 -0.347726  2.302764  0.000000  0.000000  0.000000 -0.065509
 -0.295872  3.306833  0.000000  0.000000  0.000000 -0.178829
 -0.527906 -2.639310  0.000000  0.000000  0.000000  0.594385
 -0.517769 -1.771167  0.000000  0.000000  0.000000  0.456598
 -0.501583 -1.078040  0.000000  0.000000  0.000000  0.375912
 -0.499679 -0.780299  0.000000  0.000000  0.000000  0.339100
 -0.484168 -0.516476  0.000000  0.000000  0.000000  0.315925
 -0.472199 -0.226281  0.000000  0.000000  0.000000  0.288045
 -0.443595  0.500619  0.000000  0.000000  0.000000  0.189668
 -0.398002  1.360816  0.000000  0.000000  0.000000  0.063307
 -0.339775  2.303926  0.000000  0.000000  0.000000 -0.064149
 -0.285754  3.308220  0.000000  0.000000  0.000000 -0.180003
 -0.543297 -2.544341  0.000000  0.000000  0.000000  0.605084
 -0.525735 -1.763746  0.000000  0.000000  0.000000  0.484523
 -0.507373 -1.118148  0.000000  0.000000  0.000000  0.416442
 -0.500316 -0.810783  0.000000  0.000000  0.000000  0.382654
 -0.485628 -0.542022  0.000000  0.000000  0.000000  0.360067
 -0.465959 -0.217767  0.000000  0.000000  0.000000  0.325281
 -0.426156  0.590946  0.000000  0.000000  0.000000  0.215441
 -0.373958  1.546178  0.000000  0.000000  0.000000  0.073400
 -0.315184  2.576416  0.000000  0.000000  0.000000 -0.058634
 -0.259671  3.623976  0.000000  0.000000  0.000000 -0.175700
 -0.552114 -2.571728  0.000000  0.000000  0.000000  0.605756
 -0.539411 -1.728674  0.000000  0.000000  0.000000  0.479394
 -0.518610 -1.108807  0.000000  0.000000  0.000000  0.413505
 -0.508914 -0.820887  0.000000  0.000000  0.000000  0.386987
 -0.497624 -0.528827  0.000000  0.000000  0.000000  0.355413
 -0.486107 -0.206439  0.000000  0.000000  0.000000  0.322172
 -0.443328  0.567296  0.000000  0.000000  0.000000  0.215465
 -0.389688  1.513613  0.000000  0.000000  0.000000  0.078959
 -0.345315  2.540865  0.000000  0.000000  0.000000 -0.051899
 -0.298429  3.558356  0.000000  0.000000  0.000000 -0.154421
 -0.598031 -2.613540  0.000000  0.000000  0.000000  0.605613
 -0.573738 -1.792273  0.000000  0.000000  0.000000  0.498510
 -0.561143 -1.119306  0.000000  0.000000  0.000000  0.417827
 -0.545033 -0.819218  0.000000  0.000000  0.000000  0.385262
 -0.537711 -0.526549  0.000000  0.000000  0.000000  0.358241
 -0.524635 -0.174061  0.000000  0.000000  0.000000  0.316963
 -0.486931  0.651202  0.000000  0.000000  0.000000  0.194671
 -0.449833  1.625457  0.000000  0.000000  0.000000  0.053182
 -0.417189  2.637967  0.000000  0.000000  0.000000 -0.063951
 -0.387216  3.754201  0.000000  0.000000  0.000000 -0.162498
 -0.876305 -2.704240  0.000000  0.000000  0.000000  0.617810
 -0.852883 -1.831598  0.000000  0.000000  0.000000  0.497621
 -0.828318 -1.067782  0.000000  0.000000  0.000000  0.398066
 -0.819639 -0.746094  0.000000  0.000000  0.000000  0.357277
 -0.803940 -0.422433  0.000000  0.000000  0.000000  0.320710
 -0.800638 -0.054350  0.000000  0.000000  0.000000  0.275715
 -0.764986  0.833427  0.000000  0.000000  0.000000  0.142037
 -0.736143  1.875986  0.000000  0.000000  0.000000 -0.006953
 -0.701313  2.975154  0.000000  0.000000  0.000000 -0.143116
 -0.671239  4.109933  0.000000  0.000000  0.000000 -0.232979
 -0.531901 -2.682512 -0.970845 -0.002074 -0.134937  0.614445
 -0.530988 -1.881063 -0.845387 -0.002567 -0.104310  0.492943
 -0.510068 -1.144791 -0.649338 -0.000273 -0.055918  0.387971
 -0.512590 -0.790919 -0.605062 -0.000243 -0.043572  0.341499
 -0.492172 -0.455778 -0.635291  0.000349 -0.054376  0.296609
 -0.477463 -0.113067 -0.719572  0.000635 -0.080692  0.255215
 -0.436638  0.585166 -0.934811  0.003675 -0.137694  0.167373
 -0.383457  1.402119 -1.105279  0.007649 -0.169242  0.047543
 -0.340089  2.375516 -1.325924  0.011460 -0.198455 -0.089072
 -0.280300  3.360908 -1.848876  0.041876 -0.196135 -0.209462
 -0.527709 -2.690082 -1.008715 -0.003889 -0.139839  0.629533
 -0.522551 -1.860874 -0.824727 -0.002374 -0.093278  0.499876
 -0.512790 -1.177531 -0.646714 -0.000857 -0.052188  0.404225
 -0.510376 -0.812843 -0.588492 -0.000334 -0.034122  0.351265
 -0.492710 -0.446417 -0.626332  0.000373 -0.049007  0.297008
 -0.473973 -0.126631 -0.693415  0.001138 -0.062409  0.259680
 -0.434104  0.573303 -0.946347  0.004148 -0.129068  0.171279
 -0.389451  1.408606 -1.094892  0.006571 -0.160403  0.046766
 -0.331889  2.360749 -1.281939  0.007762 -0.189454 -0.082133
 -0.275395  3.384624 -1.808710  0.033978 -0.210961 -0.198879
 -0.532367 -2.642475 -0.992035 -0.005179 -0.134976  0.637225
 -0.519088 -1.891674 -0.809944 -0.003169 -0.092164  0.529039
 -0.503385 -1.184738 -0.638121 -0.001597 -0.041087  0.438641
 -0.489966 -0.801997 -0.590416 -0.001051 -0.018087  0.387241
 -0.479120 -0.478411 -0.666496 -0.000336 -0.037613  0.347596
 -0.462030 -0.115367 -0.773679  0.000600 -0.072548  0.299479
 -0.410523  0.700723 -0.992270  0.003931 -0.121829  0.192145
 -0.353648  1.648016 -1.188625  0.008984 -0.155912  0.053775
 -0.307575  2.714829 -1.386713  0.012171 -0.170542 -0.089203
 -0.255762  3.740231 -1.752266  0.025350 -0.195976 -0.206728
 -0.550637 -2.637586 -1.024184 -0.003992 -0.145980  0.615591
 -0.532328 -1.828720 -0.841115 -0.002049 -0.109329  0.498006
 -0.518730 -1.172627 -0.685365 -0.000290 -0.059431  0.431994
 -0.503832 -0.789975 -0.644846  0.000553 -0.043756  0.376091
 -0.494472 -0.420350 -0.679029  0.000718 -0.050235  0.320959
 -0.480983 -0.071116 -0.800191  0.001692 -0.091044  0.281183
 -0.427283  0.669762 -0.994207  0.003391 -0.139553  0.185813
 -0.373715  1.600624 -1.193829  0.008467 -0.157563  0.051815
 -0.334375  2.593785 -1.396538  0.011134 -0.175141 -0.076590
 -0.293376  3.611405 -1.694516  0.018612 -0.184134 -0.183980
 -0.604884 -2.669926 -1.092099 -0.003476 -0.170663  0.617847
 -0.587745 -1.870535 -0.911235 -0.003761 -0.120482  0.511905
 -0.571102 -1.154518 -0.696857 -0.000771 -0.052699  0.417821
 -0.552903 -0.763291 -0.684644 -0.000240 -0.047322  0.360194
 -0.544326 -0.387386 -0.727397 -0.000155 -0.057506  0.312312
 -0.534437 -0.013553 -0.837298  0.000906 -0.089328  0.263421
 -0.482169  0.752038 -1.049905  0.002801 -0.145402  0.164058
 -0.438498  1.682549 -1.221474  0.003587 -0.178375  0.033059
 -0.401325  2.657879 -1.401235  0.003042 -0.187240 -0.072283
 -0.379464  3.827118 -1.753623  0.002470 -0.221295 -0.178817
 -0.877970 -2.797198 -1.114633 -0.004977 -0.175231  0.663333
 -0.868207 -1.959903 -0.924564 -0.004048 -0.121486  0.550465
 -0.851667 -1.125395 -0.738654 -0.001046 -0.063739  0.415424
 -0.840526 -0.733745 -0.720858 -0.001027 -0.056646  0.354684
 -0.811968 -0.335747 -0.756286 -0.000749 -0.065675  0.296418
 -0.810753  0.067220 -0.848730  0.000298 -0.090696  0.243202
 -0.765093  0.909349 -1.075704  0.002733 -0.150999  0.121925
 -0.738032  1.918606 -1.301269  0.005085 -0.202204 -0.022438
 -0.704308  2.997657 -1.538921  0.005651 -0.240356 -0.151786
 -0.670564  4.125761 -1.842935  0.003480 -0.263138 -0.232559
 -0.501450 -3.021792 -2.418185 -0.008004 -0.319437  0.717135
 -0.505497 -2.260703 -2.049347 -0.002417 -0.243670  0.600183
 -0.490137 -1.292671 -1.834028  0.001467 -0.201098  0.425841
 -0.504219 -0.801069 -1.843712  0.001717 -0.203712  0.341949
 -0.471941 -0.321458 -1.839851  0.002029 -0.210546  0.256319
 -0.455572  0.171413 -1.926422  0.002145 -0.233212  0.175035
 -0.420967  1.036096 -2.226641  0.007725 -0.299154  0.043793
 -0.361476  1.781859 -2.705409  0.014179 -0.396632 -0.054457
 -0.289688  2.506766 -3.346324  0.034800 -0.479425 -0.151742
 -0.229639  3.356438 -3.997266  0.049506 -0.544585 -0.250442
 -0.500277 -3.052732 -2.476765 -0.010339 -0.323259  0.735313
 -0.501709 -2.252824 -2.058387 -0.002604 -0.234508  0.608056
 -0.494038 -1.309571 -1.842574  0.000873 -0.199318  0.439115
 -0.494514 -0.810683 -1.814822  0.001626 -0.193932  0.349525
 -0.478798 -0.311697 -1.856412  0.001993 -0.209957  0.256948
 -0.461991  0.162519 -1.901965  0.002798 -0.217349  0.181240
 -0.418332  1.030083 -2.239907  0.007388 -0.295358  0.049189
 -0.366639  1.791476 -2.673052  0.011691 -0.389893 -0.052974
 -0.278547  2.480539 -3.259649  0.031452 -0.463594 -0.142963
 -0.226833  3.385064 -4.029890  0.049998 -0.547111 -0.244469
 -0.509121 -2.975195 -2.339115 -0.013039 -0.304766  0.731175
 -0.501222 -2.240124 -1.971404 -0.004319 -0.224074  0.620929
 -0.487509 -1.295448 -1.825091  0.000103 -0.185507  0.454401
 -0.481430 -0.778247 -1.809006  0.000249 -0.165147  0.364731
 -0.470794 -0.296081 -1.857026  0.002074 -0.174623  0.282216
 -0.450334  0.196903 -1.956579  0.003230 -0.195668  0.201209
 -0.410367  1.083333 -2.345560  0.010771 -0.268719  0.069985
 -0.341040  1.920332 -2.817651  0.016471 -0.360374 -0.039772
 -0.296379  2.924035 -3.195637  0.017057 -0.420940 -0.172298
 -0.246993  3.864386 -3.709228  0.027792 -0.480681 -0.271312
 -0.523991 -3.041416 -2.480964 -0.011332 -0.325190  0.719461
 -0.507632 -2.260770 -2.151305 -0.004279 -0.251369  0.601946
 -0.501174 -1.292907 -1.973255  0.001030 -0.214351  0.446294
 -0.488476 -0.746175 -1.961716  0.003143 -0.202746  0.346711
 -0.480576 -0.222060 -1.977369  0.003898 -0.195755  0.252259
 -0.469327  0.266984 -2.081501  0.005762 -0.223414  0.176603
 -0.425227  1.104662 -2.452047  0.011731 -0.293453  0.051923
 -0.363434  1.948016 -2.911661  0.016360 -0.373381 -0.056398
 -0.326083  2.847420 -3.318534  0.017381 -0.431826 -0.164517
 -0.283009  3.776864 -3.771676  0.020044 -0.474566 -0.254207
 -0.588498 -3.093766 -2.556349 -0.011446 -0.338993  0.723087
 -0.576019 -2.267665 -2.226735 -0.006031 -0.257682  0.605875
 -0.567356 -1.278928 -2.080197  0.001059 -0.204669  0.427391
 -0.555147 -0.710151 -2.087974  0.004350 -0.195642  0.321494
 -0.548830 -0.174286 -2.124817  0.005765 -0.199046  0.226932
 -0.535341  0.328557 -2.215088  0.008896 -0.215848  0.148211
 -0.492183  1.144898 -2.625235  0.015101 -0.295672  0.032258
 -0.441820  2.007727 -3.076559  0.015442 -0.386517 -0.083668
 -0.398796  2.889342 -3.488675  0.013016 -0.446384 -0.161316
 -0.372846  3.949314 -3.986022  0.004053 -0.523412 -0.235726
 -0.871036 -3.208378 -2.638613 -0.013837 -0.337841  0.770683
 -0.862773 -2.391483 -2.301424 -0.006938 -0.257806  0.664175
 -0.851193 -1.271715 -2.177664  0.000864 -0.225419  0.440584
 -0.852582 -0.687275 -2.177928  0.002943 -0.215606  0.323584
 -0.831564 -0.113027 -2.207356  0.005771 -0.216005  0.209618
 -0.831349  0.455510 -2.291330  0.007888 -0.228176  0.109702
 -0.787449  1.370309 -2.676184  0.015023 -0.310799 -0.021185
 -0.756227  2.294209 -3.175048  0.016357 -0.424953 -0.139663
 -0.715396  3.257010 -3.676724  0.014903 -0.519735 -0.235549
 -0.672062  4.323469 -4.172955  0.007617 -0.580423 -0.291978
 -0.307001 -1.808357  0.000000  0.000000  0.000000  0.230244
 -0.319243 -0.948468  0.000000  0.000000  0.000000  0.096258
 -0.341339 -0.289373  0.000000  0.000000  0.000000  0.018611
 -0.346062 -0.024827  0.000000  0.000000  0.000000 -0.001175
 -0.349525  0.226843  0.000000  0.000000  0.000000 -0.017956
 -0.339715  0.499462  0.000000  0.000000  0.000000 -0.037540
 -0.332607  1.224343  0.000000  0.000000  0.000000 -0.136746
 -0.326396  2.144241  0.000000  0.000000  0.000000 -0.282388
 -0.293234  3.155339  0.000000  0.000000  0.000000 -0.441075
 -0.265871  4.237902  0.000000  0.000000  0.000000 -0.586783
 -0.291633 -1.754799  0.000000  0.000000  0.000000  0.201248
 -0.318661 -0.940808  0.000000  0.000000  0.000000  0.084323
 -0.331578 -0.277381  0.000000  0.000000  0.000000  0.014297
 -0.338420 -0.006861  0.000000  0.000000  0.000000 -0.010655
 -0.339097  0.235211  0.000000  0.000000  0.000000 -0.023075
 -0.335604  0.515072  0.000000  0.000000  0.000000 -0.045509
 -0.329617  1.238070  0.000000  0.000000  0.000000 -0.142390
 -0.313499  2.131963  0.000000  0.000000  0.000000 -0.280951
 -0.285244  3.163202  0.000000  0.000000  0.000000 -0.450061
 -0.244814  4.145719  0.000000  0.000000  0.000000 -0.574061
 -0.313036 -1.685143  0.000000  0.000000  0.000000  0.215737
 -0.325427 -0.861279  0.000000  0.000000  0.000000  0.083982
 -0.335128 -0.221912  0.000000  0.000000  0.000000  0.010774
 -0.336489  0.033031  0.000000  0.000000  0.000000 -0.004196
 -0.335661  0.297785  0.000000  0.000000  0.000000 -0.022263
 -0.333666  0.609391  0.000000  0.000000  0.000000 -0.050945
 -0.318235  1.397205  0.000000  0.000000  0.000000 -0.163109
 -0.306258  2.386620  0.000000  0.000000  0.000000 -0.322234
 -0.278521  3.427085  0.000000  0.000000  0.000000 -0.469863
 -0.247801  4.509414  0.000000  0.000000  0.000000 -0.612791
 -0.324244 -1.775428  0.000000  0.000000  0.000000  0.231033
 -0.334805 -0.906484  0.000000  0.000000  0.000000  0.094214
 -0.341713 -0.241440  0.000000  0.000000  0.000000  0.019175
 -0.347273  0.027326  0.000000  0.000000  0.000000  0.000886
 -0.346818  0.302571  0.000000  0.000000  0.000000 -0.019667
 -0.346515  0.624410  0.000000  0.000000  0.000000 -0.053659
 -0.330663  1.422915  0.000000  0.000000  0.000000 -0.165721
 -0.320507  2.419130  0.000000  0.000000  0.000000 -0.321812
 -0.298063  3.495367  0.000000  0.000000  0.000000 -0.473086
 -0.272629  4.546507  0.000000  0.000000  0.000000 -0.593044
 -0.370495 -1.793961  0.000000  0.000000  0.000000  0.219614
 -0.376579 -0.917164  0.000000  0.000000  0.000000  0.088581
 -0.382305 -0.239882  0.000000  0.000000  0.000000  0.012917
 -0.383350  0.021050  0.000000  0.000000  0.000000 -0.002458
 -0.380717  0.305790  0.000000  0.000000  0.000000 -0.025754
 -0.378350  0.638827  0.000000  0.000000  0.000000 -0.062457
 -0.376787  1.489197  0.000000  0.000000  0.000000 -0.188212
 -0.370665  2.528421  0.000000  0.000000  0.000000 -0.348859
 -0.368423  3.584787  0.000000  0.000000  0.000000 -0.484346
 -0.362476  4.637578  0.000000  0.000000  0.000000 -0.578985
 -0.662504 -1.902255  0.000000  0.000000  0.000000  0.236630
 -0.656126 -0.980801  0.000000  0.000000  0.000000  0.094814
 -0.652021 -0.274287  0.000000  0.000000  0.000000  0.018627
 -0.648623  0.036696  0.000000  0.000000  0.000000 -0.010314
 -0.650458  0.345771  0.000000  0.000000  0.000000 -0.038781
 -0.645483  0.699842  0.000000  0.000000  0.000000 -0.081844
 -0.651961  1.600379  0.000000  0.000000  0.000000 -0.218309
 -0.651427  2.689540  0.000000  0.000000  0.000000 -0.387001
 -0.641621  3.818517  0.000000  0.000000  0.000000 -0.542202
 -0.636000  4.979803  0.000000  0.000000  0.000000 -0.647479
 -0.308635 -1.847802 -0.970845 -0.002074 -0.134937  0.238875
 -0.338952 -1.037193 -0.845387 -0.002567 -0.104310  0.116423
 -0.355102 -0.359491 -0.649338 -0.000273 -0.055918  0.035071
 -0.359954 -0.018629 -0.605062 -0.000243 -0.043572 -0.005561
 -0.358186  0.303882 -0.635291  0.000349 -0.054376 -0.041731
 -0.355227  0.630293 -0.719572  0.000635 -0.080692 -0.075635
 -0.334612  1.336896 -0.934811  0.003675 -0.137694 -0.168637
 -0.307151  2.212709 -1.105279  0.007649 -0.169242 -0.303367
 -0.284113  3.233266 -1.325924  0.011460 -0.198455 -0.467292
 -0.250004  4.294378 -1.848876  0.041876 -0.196135 -0.617452
 -0.302375 -1.829252 -1.008715 -0.003889 -0.139839  0.242623
 -0.332657 -1.027874 -0.824727 -0.002374 -0.093278  0.120896
 -0.346716 -0.373021 -0.646714 -0.000857 -0.052188  0.041465
 -0.353692 -0.024323 -0.588492 -0.000334 -0.034122 -0.004255
 -0.350366  0.313933 -0.626332  0.000373 -0.049007 -0.046322
 -0.346759  0.628279 -0.693415  0.001138 -0.062409 -0.079700
 -0.328440  1.333803 -0.946347  0.004148 -0.129068 -0.171541
 -0.311537  2.208766 -1.094892  0.006571 -0.160403 -0.310534
 -0.274985  3.207339 -1.281939  0.007762 -0.189454 -0.462903
 -0.230141  4.225954 -1.808710  0.033978 -0.210961 -0.594999
 -0.301551 -1.787405 -0.992035 -0.005179 -0.134976  0.243075
 -0.323752 -0.991944 -0.809944 -0.003169 -0.092164  0.122949
 -0.331229 -0.289788 -0.638121 -0.001597 -0.041087  0.032971
 -0.328750  0.056603 -0.590416 -0.001051 -0.018087 -0.006539
 -0.331854  0.377399 -0.666496 -0.000336 -0.037613 -0.042374
 -0.330564  0.729483 -0.773679  0.000600 -0.072548 -0.084711
 -0.306287  1.524733 -0.992270  0.003931 -0.121829 -0.194195
 -0.283552  2.491336 -1.188625  0.008984 -0.155912 -0.343345
 -0.260039  3.583089 -1.386713  0.012171 -0.170542 -0.507233
 -0.231796  4.635971 -1.752266  0.025350 -0.195976 -0.645658
 -0.318934 -1.853256 -1.024184 -0.003992 -0.145980  0.246991
 -0.330785 -1.024690 -0.841115 -0.002049 -0.109329  0.121356
 -0.342257 -0.311187 -0.685365 -0.000290 -0.059431  0.039744
 -0.341659  0.049315 -0.644846  0.000553 -0.043756 -0.006309
 -0.342329  0.404760 -0.679029  0.000718 -0.050235 -0.051071
 -0.338700  0.754154 -0.800191  0.001692 -0.091044 -0.091717
 -0.316390  1.525902 -0.994207  0.003391 -0.139553 -0.194767
 -0.297672  2.505325 -1.193829  0.008467 -0.157563 -0.348095
 -0.285242  3.555775 -1.396538  0.011134 -0.175141 -0.500720
 -0.268493  4.600585 -1.694516  0.018612 -0.184134 -0.620750
 -0.375926 -1.895266 -1.092099 -0.003476 -0.170663  0.253057
 -0.385807 -1.040265 -0.911235 -0.003761 -0.120482  0.123575
 -0.390684 -0.308428 -0.696857 -0.000771 -0.052699  0.028271
 -0.389905  0.052959 -0.684644 -0.000240 -0.047322 -0.016156
 -0.385918  0.415224 -0.727397 -0.000155 -0.057506 -0.057568
 -0.384309  0.779487 -0.837298  0.000906 -0.089328 -0.106209
 -0.367981  1.589068 -1.049905  0.002801 -0.145402 -0.217482
 -0.359570  2.588389 -1.221474  0.003587 -0.178375 -0.369401
 -0.354587  3.597829 -1.401235  0.003042 -0.187240 -0.488883
 -0.354736  4.712078 -1.753623  0.002470 -0.221295 -0.593317
 -0.664126 -1.976088 -1.114633 -0.004977 -0.175231  0.271173
 -0.672943 -1.094833 -0.924564 -0.004048 -0.121486  0.139845
 -0.671223 -0.314595 -0.738654 -0.001046 -0.063739  0.028344
 -0.664812  0.063505 -0.720858 -0.001027 -0.056646 -0.018836
 -0.658044  0.445523 -0.756286 -0.000749 -0.065675 -0.068942
 -0.656769  0.834860 -0.848730  0.000298 -0.090696 -0.119728
 -0.654079  1.684959 -1.075704  0.002733 -0.150999 -0.240755
 -0.653808  2.732646 -1.301269  0.005085 -0.202204 -0.403448
 -0.647974  3.846857 -1.538921  0.005651 -0.240356 -0.552116
 -0.635280  4.997991 -1.842935  0.003480 -0.263138 -0.645359
 -0.278184 -2.187082 -2.418185 -0.008004 -0.319437  0.341565
 -0.313461 -1.416833 -2.049347 -0.002417 -0.243670  0.223663
 -0.335171 -0.507371 -1.834028  0.001467 -0.201098  0.072941
 -0.351583 -0.028779 -1.843712  0.001717 -0.203712 -0.005111
 -0.337955  0.438202 -1.839851  0.002029 -0.210546 -0.082021
 -0.333336  0.914773 -1.926422  0.002145 -0.233212 -0.155815
 -0.318941  1.787826 -2.226641  0.007725 -0.299154 -0.292217
 -0.285170  2.592449 -2.705409  0.014179 -0.396632 -0.405367
 -0.233712  3.364516 -3.346324  0.034800 -0.479425 -0.529962
 -0.199343  4.289908 -3.997266  0.049506 -0.544585 -0.658432
 -0.274943 -2.191902 -2.476765 -0.010339 -0.323259  0.348403
 -0.311815 -1.419824 -2.058387 -0.002604 -0.234508  0.229076
 -0.327964 -0.505061 -1.842574  0.000873 -0.199318  0.076355
 -0.337830 -0.022163 -1.814822  0.001626 -0.193932 -0.005995
 -0.336454  0.448653 -1.856412  0.001993 -0.209957 -0.086382
 -0.334777  0.917429 -1.901965  0.002798 -0.217349 -0.158140
 -0.312668  1.790583 -2.239907  0.007388 -0.295358 -0.293631
 -0.288725  2.591636 -2.673052  0.011691 -0.389893 -0.410274
 -0.221643  3.327129 -3.259649  0.031452 -0.463594 -0.523733
 -0.181579  4.226394 -4.029890  0.049998 -0.547111 -0.640589
 -0.278305 -2.120125 -2.339115 -0.013039 -0.304766  0.337025
 -0.305886 -1.340394 -1.971404 -0.004319 -0.224074  0.214839
 -0.315353 -0.400498 -1.825091  0.000103 -0.185507  0.048731
 -0.320214  0.080353 -1.809006  0.000249 -0.165147 -0.029049
 -0.323528  0.559729 -1.857026  0.002074 -0.174623 -0.107754
 -0.318868  1.041753 -1.956579  0.003230 -0.195668 -0.182981
 -0.306131  1.907342 -2.345560  0.010771 -0.268719 -0.316355
 -0.270944  2.763652 -2.817651  0.016471 -0.360374 -0.436892
 -0.248843  3.792295 -3.195637  0.017057 -0.420940 -0.590328
 -0.223027  4.760126 -3.709228  0.027792 -0.480681 -0.710242
 -0.292288 -2.257086 -2.480964 -0.011332 -0.325190  0.350861
 -0.306089 -1.456740 -2.151305 -0.004279 -0.251369  0.225296
 -0.324701 -0.431467 -1.973255  0.001030 -0.214351  0.054044
 -0.326303  0.093115 -1.961716  0.003143 -0.202746 -0.035689
 -0.328433  0.603050 -1.977369  0.003898 -0.195755 -0.119771
 -0.327044  1.092254 -2.081501  0.005762 -0.223414 -0.196297
 -0.314334  1.960802 -2.452047  0.011731 -0.293453 -0.328657
 -0.287391  2.852716 -2.911661  0.016360 -0.373381 -0.456308
 -0.276950  3.809410 -3.318534  0.017381 -0.431826 -0.588647
 -0.258126  4.766044 -3.771676  0.020044 -0.474566 -0.690977
 -0.359540 -2.319106 -2.556349 -0.011446 -0.338993  0.358297
 -0.374081 -1.437395 -2.226735 -0.006031 -0.257682  0.217545
 -0.386938 -0.432838 -2.080197  0.001059 -0.204669  0.037841
 -0.392149  0.106099 -2.087974  0.004350 -0.195642 -0.054856
 -0.390422  0.628324 -2.124817  0.005765 -0.199046 -0.142948
 -0.385213  1.121597 -2.215088  0.008896 -0.215848 -0.221419
 -0.377995  1.981928 -2.625235  0.015101 -0.295672 -0.349282
 -0.362892  2.913567 -3.076559  0.015442 -0.386517 -0.486128
 -0.352058  3.829292 -3.488675  0.013016 -0.446384 -0.577916
 -0.348118  4.834274 -3.986022  0.004053 -0.523412 -0.650226
 -0.657192 -2.387268 -2.638613 -0.013837 -0.337841  0.378523
 -0.667509 -1.526413 -2.301424 -0.006938 -0.257806  0.253555
 -0.670749 -0.460915 -2.177664  0.000864 -0.225419  0.053504
 -0.676868  0.109975 -2.177928  0.002943 -0.215606 -0.049936
 -0.677640  0.668243 -2.207356  0.005771 -0.216005 -0.155742
 -0.677365  1.223150 -2.291330  0.007888 -0.228176 -0.253228
 -0.676435  2.145919 -2.676184  0.015023 -0.310799 -0.383865
 -0.672003  3.108249 -3.175048  0.016357 -0.424953 -0.520673
 -0.659062  4.106210 -3.676724  0.014903 -0.519735 -0.635879
 -0.636778  5.195699 -4.172955  0.007617 -0.580423 -0.704778
 -0.386969 -0.971747  0.000000  0.000000  0.000000 -0.150771
 -0.438346 -0.108727  0.000000  0.000000  0.000000 -0.284911
 -0.495048  0.480495  0.000000  0.000000  0.000000 -0.327882
 -0.502000  0.757216  0.000000  0.000000  0.000000 -0.352747
 -0.525280  0.991085  0.000000  0.000000  0.000000 -0.358437
 -0.529875  1.255530  0.000000  0.000000  0.000000 -0.374200
 -0.540571  1.988180  0.000000  0.000000  0.000000 -0.478483
 -0.550202  2.965455  0.000000  0.000000  0.000000 -0.640240
 -0.541046  4.018264  0.000000  0.000000  0.000000 -0.821949
 -0.540552  5.173773  0.000000  0.000000  0.000000 -0.994809
 -0.390606 -0.917650  0.000000  0.000000  0.000000 -0.179435
 -0.451350 -0.105167  0.000000  0.000000  0.000000 -0.301362
 -0.482803  0.530980  0.000000  0.000000  0.000000 -0.349608
 -0.499679  0.796741  0.000000  0.000000  0.000000 -0.371940
 -0.512848  1.004224  0.000000  0.000000  0.000000 -0.370735
 -0.531139  1.283539  0.000000  0.000000  0.000000 -0.390715
 -0.545635  2.021619  0.000000  0.000000  0.000000 -0.495972
 -0.555542  2.961136  0.000000  0.000000  0.000000 -0.651293
 -0.539335  3.997106  0.000000  0.000000  0.000000 -0.825689
 -0.508614  4.990880  0.000000  0.000000  0.000000 -0.972243
 -0.404097 -0.834201  0.000000  0.000000  0.000000 -0.183216
 -0.457495  0.035714  0.000000  0.000000  0.000000 -0.327657
 -0.485493  0.671752  0.000000  0.000000  0.000000 -0.394898
 -0.500316  0.906417  0.000000  0.000000  0.000000 -0.404906
 -0.513528  1.169598  0.000000  0.000000  0.000000 -0.419873
 -0.525459  1.471933  0.000000  0.000000  0.000000 -0.443099
 -0.540116  2.238966  0.000000  0.000000  0.000000 -0.557239
 -0.556198  3.232818  0.000000  0.000000  0.000000 -0.720840
 -0.542544  4.312936  0.000000  0.000000  0.000000 -0.894694
 -0.534171  5.415456  0.000000  0.000000  0.000000 -1.053560
 -0.413054 -1.003068  0.000000  0.000000  0.000000 -0.131444
 -0.460671 -0.120614  0.000000  0.000000  0.000000 -0.273906
 -0.490010  0.614073  0.000000  0.000000  0.000000 -0.370995
 -0.508914  0.857693  0.000000  0.000000  0.000000 -0.377813
 -0.517684  1.121393  0.000000  0.000000  0.000000 -0.388647
 -0.525887  1.444101  0.000000  0.000000  0.000000 -0.423628
 -0.545888  2.279576  0.000000  0.000000  0.000000 -0.545695
 -0.561948  3.323013  0.000000  0.000000  0.000000 -0.720861
 -0.571395  4.464845  0.000000  0.000000  0.000000 -0.900159
 -0.573009  5.536716  0.000000  0.000000  0.000000 -1.027961
 -0.466111 -1.064220  0.000000  0.000000  0.000000 -0.123967
 -0.495858 -0.131733  0.000000  0.000000  0.000000 -0.278150
 -0.526303  0.572874  0.000000  0.000000  0.000000 -0.361273
 -0.545033  0.813282  0.000000  0.000000  0.000000 -0.367438
 -0.546891  1.078671  0.000000  0.000000  0.000000 -0.381519
 -0.550375  1.412019  0.000000  0.000000  0.000000 -0.422297
 -0.584551  2.325262  0.000000  0.000000  0.000000 -0.568409
 -0.617973  3.437137  0.000000  0.000000  0.000000 -0.751738
 -0.649709  4.517868  0.000000  0.000000  0.000000 -0.897151
 -0.663756  5.524121  0.000000  0.000000  0.000000 -0.991498
 -0.800045 -1.062020  0.000000  0.000000  0.000000 -0.166510
 -0.813783 -0.101458  0.000000  0.000000  0.000000 -0.323619
 -0.818858  0.553818  0.000000  0.000000  0.000000 -0.376094
 -0.819639  0.848406  0.000000  0.000000  0.000000 -0.389763
 -0.847520  1.140107  0.000000  0.000000  0.000000 -0.410010
 -0.844098  1.480930  0.000000  0.000000  0.000000 -0.450145
 -0.894386  2.384647  0.000000  0.000000  0.000000 -0.583323
 -0.919123  3.504066  0.000000  0.000000  0.000000 -0.768973
 -0.940073  4.673554  0.000000  0.000000  0.000000 -0.943776
 -0.952099  5.854393  0.000000  0.000000  0.000000 -1.058579
 -0.390641 -1.013092 -0.970845 -0.002074 -0.134937 -0.136695
 -0.452188 -0.193323 -0.845387 -0.002567 -0.104310 -0.260097
 -0.505408  0.425809 -0.649338 -0.000273 -0.055918 -0.317829
 -0.512590  0.753661 -0.605062 -0.000243 -0.043572 -0.352621
 -0.529472  1.063542 -0.635291  0.000349 -0.054376 -0.380071
 -0.538263  1.373653 -0.719572  0.000635 -0.080692 -0.406485
 -0.537858  2.088626 -0.934811  0.003675 -0.137694 -0.504647
 -0.536117  3.023299 -1.105279  0.007649 -0.169242 -0.654277
 -0.533409  4.091016 -1.325924  0.011460 -0.198455 -0.845512
 -0.524980  5.227848 -1.848876  0.041876 -0.196135 -1.025442
 -0.390409 -0.968422 -1.008715 -0.003889 -0.139839 -0.144287
 -0.456131 -0.194874 -0.824727 -0.002374 -0.093278 -0.258084
 -0.494010  0.431489 -0.646714 -0.000857 -0.052188 -0.321295
 -0.510376  0.764197 -0.588492 -0.000334 -0.034122 -0.359775
 -0.521390  1.074283 -0.626332  0.000373 -0.049007 -0.389652
 -0.532913  1.383189 -0.693415  0.001138 -0.062409 -0.419080
 -0.536144  2.094303 -0.946347  0.004148 -0.129068 -0.514361
 -0.546991  3.008926 -1.094892  0.006571 -0.160403 -0.667834
 -0.531449  4.053929 -1.281939  0.007762 -0.189454 -0.843673
 -0.498255  5.067284 -1.808710  0.033978 -0.210961 -0.991119
 -0.393167 -0.932335 -0.992035 -0.005179 -0.134976 -0.151075
 -0.450848 -0.092214 -0.809944 -0.003169 -0.092164 -0.283141
 -0.481505  0.605162 -0.638121 -0.001597 -0.041087 -0.372699
 -0.489966  0.915203 -0.590416 -0.001051 -0.018087 -0.400319
 -0.507020  1.233209 -0.666496 -0.000336 -0.037613 -0.432344
 -0.521530  1.574333 -0.773679  0.000600 -0.072548 -0.468901
 -0.524483  2.348743 -0.992270  0.003931 -0.121829 -0.580535
 -0.535888  3.334656 -1.188625  0.008984 -0.155912 -0.740465
 -0.534935  4.451349 -1.386713  0.012171 -0.170542 -0.925263
 -0.530262  5.531711 -1.752266  0.025350 -0.195976 -1.084588
 -0.411577 -1.068926 -1.024184 -0.003992 -0.145980 -0.121609
 -0.453588 -0.220660 -0.841115 -0.002049 -0.109329 -0.255294
 -0.490130  0.550253 -0.685365 -0.000290 -0.059431 -0.352506
 -0.503832  0.888605 -0.644846  0.000553 -0.043756 -0.388709
 -0.514532  1.229870 -0.679029  0.000718 -0.050235 -0.423101
 -0.520763  1.579424 -0.800191  0.001692 -0.091044 -0.464617
 -0.529843  2.382042 -0.994207  0.003391 -0.139553 -0.575347
 -0.545975  3.410025 -1.193829  0.008467 -0.157563 -0.748005
 -0.560455  4.517765 -1.396538  0.011134 -0.175141 -0.924850
 -0.567956  5.589765 -1.694516  0.018612 -0.184134 -1.057520
 -0.472964 -1.120606 -1.092099 -0.003476 -0.170663 -0.111733
 -0.509865 -0.209995 -0.911235 -0.003761 -0.120482 -0.264755
 -0.536262  0.537662 -0.696857 -0.000771 -0.052699 -0.361279
 -0.552903  0.869209 -0.684644 -0.000240 -0.047322 -0.392506
 -0.553506  1.217834 -0.727397 -0.000155 -0.057506 -0.427448
 -0.560177  1.572527 -0.837298  0.000906 -0.089328 -0.475839
 -0.579789  2.426098 -1.049905  0.002801 -0.145402 -0.599022
 -0.606638  3.494229 -1.221474  0.003587 -0.178375 -0.771861
 -0.633845  4.537779 -1.401235  0.003042 -0.187240 -0.905483
 -0.656004  5.597038 -1.753623  0.002470 -0.221295 -1.007817
 -0.801710 -1.154978 -1.114633 -0.004977 -0.175231 -0.120987
 -0.829107 -0.229763 -0.924564 -0.004048 -0.121486 -0.270775
 -0.842207  0.496205 -0.738654 -0.001046 -0.063739 -0.358736
 -0.840526  0.860755 -0.720858 -0.001027 -0.056646 -0.392356
 -0.855548  1.226793 -0.756286 -0.000749 -0.065675 -0.434302
 -0.854213  1.602500 -0.848730  0.000298 -0.090696 -0.482658
 -0.894493  2.460569 -1.075704  0.002733 -0.150999 -0.603435
 -0.921012  3.546686 -1.301269  0.005085 -0.202204 -0.784458
 -0.943068  4.696057 -1.538921  0.005651 -0.240356 -0.952446
 -0.951424  5.870221 -1.842935  0.003480 -0.263138 -1.058159
 -0.360190 -1.352372 -2.418185 -0.008004 -0.319437 -0.034005
 -0.426697 -0.572963 -2.049347 -0.002417 -0.243670 -0.152857
 -0.485477  0.277929 -1.834028  0.001467 -0.201098 -0.279959
 -0.504219  0.743511 -1.843712  0.001717 -0.203712 -0.352171
 -0.509241  1.197862 -1.839851  0.002029 -0.210546 -0.420361
 -0.516372  1.658133 -1.926422  0.002145 -0.233212 -0.486665
 -0.522187  2.539556 -2.226641  0.007725 -0.299154 -0.628227
 -0.514136  3.403039 -2.705409  0.014179 -0.396632 -0.756277
 -0.483008  4.222266 -3.346324  0.034800 -0.479425 -0.908182
 -0.474319  5.223378 -3.997266  0.049506 -0.544585 -1.066422
 -0.362977 -1.331072 -2.476765 -0.010339 -0.323259 -0.038507
 -0.435289 -0.586824 -2.058387 -0.002604 -0.234508 -0.149904
 -0.475258  0.299449 -1.842574  0.000873 -0.199318 -0.286405
 -0.494514  0.766357 -1.814822  0.001626 -0.193932 -0.361515
 -0.507478  1.209003 -1.856412  0.001993 -0.209957 -0.429712
 -0.520931  1.672339 -1.901965  0.002798 -0.217349 -0.497520
 -0.520372  2.551083 -2.239907  0.007388 -0.295358 -0.636451
 -0.524179  3.391796 -2.673052  0.011691 -0.389893 -0.767574
 -0.478107  4.173719 -3.259649  0.031452 -0.463594 -0.904503
 -0.449693  5.067724 -4.029890  0.049998 -0.547111 -1.036709
 -0.369921 -1.265055 -2.339115 -0.013039 -0.304766 -0.057125
 -0.432982 -0.440664 -1.971404 -0.004319 -0.224074 -0.191251
 -0.465629  0.494452 -1.825091  0.000103 -0.185507 -0.356939
 -0.481430  0.938953 -1.809006  0.000249 -0.165147 -0.422829
 -0.498694  1.415539 -1.857026  0.002074 -0.174623 -0.497724
 -0.509834  1.886603 -1.956579  0.003230 -0.195668 -0.567171
 -0.524327  2.731352 -2.345560  0.010771 -0.268719 -0.702695
 -0.523280  3.606972 -2.817651  0.016471 -0.360374 -0.834012
 -0.523739  4.660555 -3.195637  0.017057 -0.420940 -1.008358
 -0.521493  5.655866 -3.709228  0.027792 -0.480681 -1.149172
 -0.384931 -1.472756 -2.480964 -0.011332 -0.325190 -0.017739
 -0.428892 -0.652710 -2.151305 -0.004279 -0.251369 -0.151354
 -0.472574  0.429973 -1.973255  0.001030 -0.214351 -0.338206
 -0.488476  0.932405 -1.961716  0.003143 -0.202746 -0.418089
 -0.500636  1.428160 -1.977369  0.003898 -0.195755 -0.491801
 -0.509107  1.917524 -2.081501  0.005762 -0.223414 -0.569197
 -0.527787  2.816942 -2.452047  0.011731 -0.293453 -0.709237
 -0.535694  3.757416 -2.911661  0.016360 -0.373381 -0.856218
 -0.552163  4.771400 -3.318534  0.017381 -0.431826 -1.012777
 -0.557589  5.755224 -3.771676  0.020044 -0.474566 -1.127747
 -0.456578 -1.544446 -2.556349 -0.011446 -0.338993 -0.006493
 -0.498139 -0.607125 -2.226735 -0.006031 -0.257682 -0.170785
 -0.532516  0.413252 -2.080197  0.001059 -0.204669 -0.351709
 -0.555147  0.922349 -2.087974  0.004350 -0.195642 -0.431206
 -0.558010  1.430934 -2.124817  0.005765 -0.199046 -0.512828
 -0.561081  1.914637 -2.215088  0.008896 -0.215848 -0.591049
 -0.589803  2.818958 -2.625235  0.015101 -0.295672 -0.730822
 -0.609960  3.819407 -3.076559  0.015442 -0.386517 -0.888588
 -0.631316  4.769242 -3.488675  0.013016 -0.446384 -0.994516
 -0.649386  5.719234 -3.986022  0.004053 -0.523412 -1.064726
 -0.794776 -1.566158 -2.638613 -0.013837 -0.337841 -0.013637
 -0.823673 -0.661343 -2.301424 -0.006938 -0.257806 -0.157065
 -0.841733  0.349885 -2.177664  0.000864 -0.225419 -0.333576
 -0.852582  0.907225 -2.177928  0.002943 -0.215606 -0.423456
 -0.875144  1.449513 -2.207356  0.005771 -0.216005 -0.521102
 -0.874809  1.990790 -2.291330  0.007888 -0.228176 -0.616158
 -0.916849  2.921529 -2.676184  0.015023 -0.310799 -0.746545
 -0.939207  3.922289 -3.175048  0.016357 -0.424953 -0.901683
 -0.954156  4.955410 -3.676724  0.014903 -0.519735 -1.036209
 -0.952922  6.067929 -4.172955  0.007617 -0.580423 -1.117578
 -0.709846 -0.659967  0.000000  0.000000  0.000000 -0.290111
 -0.753543  0.303723  0.000000  0.000000  0.000000 -0.472921
 -0.817155  0.930235  0.000000  0.000000  0.000000 -0.530782
 -0.844507  1.199046  0.000000  0.000000  0.000000 -0.553917
 -0.864477  1.477995  0.000000  0.000000  0.000000 -0.583237
 -0.866012  1.807110  0.000000  0.000000  0.000000 -0.626600
 -0.871058  2.648920  0.000000  0.000000  0.000000 -0.778923
 -0.889159  3.697555  0.000000  0.000000  0.000000 -0.974350
 -0.897063  4.798624  0.000000  0.000000  0.000000 -1.173709
 -0.914629  5.951983  0.000000  0.000000  0.000000 -1.345189
 -0.724152 -0.631240  0.000000  0.000000  0.000000 -0.307365
 -0.771246  0.306353  0.000000  0.000000  0.000000 -0.484202
 -0.818369  0.938970  0.000000  0.000000  0.000000 -0.537718
 -0.841845  1.216471  0.000000  0.000000  0.000000 -0.566230
 -0.852684  1.481044  0.000000  0.000000  0.000000 -0.590015
 -0.872515  1.815009  0.000000  0.000000  0.000000 -0.634545
 -0.874031  2.670689  0.000000  0.000000  0.000000 -0.792482
 -0.897408  3.699816  0.000000  0.000000  0.000000 -0.978903
 -0.898341  4.782906  0.000000  0.000000  0.000000 -1.173449
 -0.881900  5.781720  0.000000  0.000000  0.000000 -1.322963
 -0.851008 -0.535271  0.000000  0.000000  0.000000 -0.311176
 -0.886746  0.418974  0.000000  0.000000  0.000000 -0.505257
 -0.909534  1.042942  0.000000  0.000000  0.000000 -0.566628
 -0.922067  1.284597  0.000000  0.000000  0.000000 -0.578686
 -0.917249  1.624778  0.000000  0.000000  0.000000 -0.631453
 -0.915180  1.974993  0.000000  0.000000  0.000000 -0.674969
 -0.913527  2.937346  0.000000  0.000000  0.000000 -0.865269
 -0.941849  4.033488  0.000000  0.000000  0.000000 -1.071830
 -0.951575  5.220106  0.000000  0.000000  0.000000 -1.279854
 -0.971382  6.330896  0.000000  0.000000  0.000000 -1.435510
 -0.806600 -0.722398  0.000000  0.000000  0.000000 -0.260354
 -0.852477  0.262976  0.000000  0.000000  0.000000 -0.447926
 -0.890926  0.933753  0.000000  0.000000  0.000000 -0.520225
 -0.912570  1.178183  0.000000  0.000000  0.000000 -0.526643
 -0.933210  1.525303  0.000000  0.000000  0.000000 -0.573047
 -0.948743  1.878691  0.000000  0.000000  0.000000 -0.623238
 -0.954754  2.833856  0.000000  0.000000  0.000000 -0.804365
 -0.976944  4.006133  0.000000  0.000000  0.000000 -1.033651
 -1.026761  5.255825  0.000000  0.000000  0.000000 -1.254709
 -1.033845  6.382706  0.000000  0.000000  0.000000 -1.401081
 -0.933447 -0.557100  0.000000  0.000000  0.000000 -0.360177
 -0.967014  0.396107  0.000000  0.000000  0.000000 -0.522520
 -1.009069  1.047854  0.000000  0.000000  0.000000 -0.586863
 -1.030419  1.309352  0.000000  0.000000  0.000000 -0.599328
 -1.049857  1.582531  0.000000  0.000000  0.000000 -0.616449
 -1.062851  1.947949  0.000000  0.000000  0.000000 -0.667567
 -1.106877  2.884752  0.000000  0.000000  0.000000 -0.829789
 -1.159219  4.098807  0.000000  0.000000  0.000000 -1.058978
 -1.195915  5.247158  0.000000  0.000000  0.000000 -1.243441
 -1.222052  6.333231  0.000000  0.000000  0.000000 -1.358998
 -1.266726 -0.457950  0.000000  0.000000  0.000000 -0.423140
 -1.291274  0.531792  0.000000  0.000000  0.000000 -0.599509
 -1.292419  1.258898  0.000000  0.000000  0.000000 -0.692154
 -1.306510  1.544106  0.000000  0.000000  0.000000 -0.711503
 -1.327121  1.849247  0.000000  0.000000  0.000000 -0.743640
 -1.333809  2.210030  0.000000  0.000000  0.000000 -0.793935
 -1.397337  3.127297  0.000000  0.000000  0.000000 -0.936703
 -1.437234  4.253236  0.000000  0.000000  0.000000 -1.134403
 -1.467014  5.433494  0.000000  0.000000  0.000000 -1.335176
 -1.506700  6.584033  0.000000  0.000000  0.000000 -1.486049
 -0.713518 -0.701312 -0.970845 -0.002074 -0.134937 -0.276035
 -0.767385  0.219127 -0.845387 -0.002567 -0.104310 -0.448107
 -0.827515  0.875549 -0.649338 -0.000273 -0.055918 -0.520729
 -0.855097  1.195491 -0.605062 -0.000243 -0.043572 -0.553791
 -0.868669  1.550452 -0.635291  0.000349 -0.054376 -0.604871
 -0.874400  1.925233 -0.719572  0.000635 -0.080692 -0.658885
 -0.868345  2.749366 -0.934811  0.003675 -0.137694 -0.805087
 -0.875074  3.755399 -1.105279  0.007649 -0.169242 -0.988387
 -0.889426  4.871376 -1.325924  0.011460 -0.198455 -1.197272
 -0.899057  6.006058 -1.848876  0.041876 -0.196135 -1.375822
 -0.723955 -0.682012 -1.008715 -0.003889 -0.139839 -0.272217
 -0.776027  0.216646 -0.824727 -0.002374 -0.093278 -0.440924
 -0.829576  0.839479 -0.646714 -0.000857 -0.052188 -0.509405
 -0.852542  1.183927 -0.588492 -0.000334 -0.034122 -0.554065
 -0.861226  1.551103 -0.626332  0.000373 -0.049007 -0.608932
 -0.874289  1.914659 -0.693415  0.001138 -0.062409 -0.662910
 -0.864540  2.743373 -0.946347  0.004148 -0.129068 -0.810871
 -0.888857  3.747606 -1.094892  0.006571 -0.160403 -0.995444
 -0.890455  4.839729 -1.281939  0.007762 -0.189454 -1.191433
 -0.871541  5.858124 -1.808710  0.033978 -0.210961 -1.341839
 -0.840078 -0.633405 -0.992035 -0.005179 -0.134976 -0.279035
 -0.880099  0.291046 -0.809944 -0.003169 -0.092164 -0.460741
 -0.905546  0.976352 -0.638121 -0.001597 -0.041087 -0.544429
 -0.911717  1.293383 -0.590416 -0.001051 -0.018087 -0.574099
 -0.910741  1.688389 -0.666496 -0.000336 -0.037613 -0.643924
 -0.911251  2.077393 -0.773679  0.000600 -0.072548 -0.700771
 -0.897894  3.047123 -0.992270  0.003931 -0.121829 -0.888565
 -0.921539  4.135326 -1.188625  0.008984 -0.155912 -1.091455
 -0.943966  5.358519 -1.386713  0.012171 -0.170542 -1.310423
 -0.967473  6.447151 -1.752266  0.025350 -0.195976 -1.466538
 -0.805123 -0.788256 -1.024184 -0.003992 -0.145980 -0.250519
 -0.845394  0.162930 -0.841115 -0.002049 -0.109329 -0.429314
 -0.891046  0.869933 -0.685365 -0.000290 -0.059431 -0.501736
 -0.907488  1.209095 -0.644846  0.000553 -0.043756 -0.537539
 -0.930058  1.633780 -0.679029  0.000718 -0.050235 -0.607501
 -0.943619  2.014014 -0.800191  0.001692 -0.091044 -0.664227
 -0.938709  2.936322 -0.994207  0.003391 -0.139553 -0.834017
 -0.960971  4.093145 -1.193829  0.008467 -0.157563 -1.060795
 -1.015821  5.308745 -1.396538  0.011134 -0.175141 -1.279400
 -1.028792  6.435755 -1.694516  0.018612 -0.184134 -1.430640
 -0.940300 -0.613486 -1.092099 -0.003476 -0.170663 -0.347943
 -0.981021  0.317845 -0.911235 -0.003761 -0.120482 -0.509125
 -1.019028  1.012642 -0.696857 -0.000771 -0.052699 -0.586869
 -1.038289  1.365279 -0.684644 -0.000240 -0.047322 -0.624396
 -1.056472  1.721694 -0.727397 -0.000155 -0.057506 -0.662378
 -1.072653  2.108457 -0.837298  0.000906 -0.089328 -0.721109
 -1.102115  2.985588 -1.049905  0.002801 -0.145402 -0.860402
 -1.147884  4.155899 -1.221474  0.003587 -0.178375 -1.079101
 -1.180051  5.267069 -1.401235  0.003042 -0.187240 -1.251773
 -1.214300  6.406148 -1.753623  0.002470 -0.221295 -1.375317
 -1.268391 -0.550908 -1.114633 -0.004977 -0.175231 -0.377617
 -1.306598  0.403487 -0.924564 -0.004048 -0.121486 -0.546665
 -1.315768  1.201285 -0.738654 -0.001046 -0.063739 -0.674796
 -1.327397  1.556455 -0.720858 -0.001027 -0.056646 -0.714096
 -1.335149  1.935933 -0.756286 -0.000749 -0.065675 -0.767932
 -1.343924  2.331600 -0.848730  0.000298 -0.090696 -0.826448
 -1.397444  3.203219 -1.075704  0.002733 -0.150999 -0.956815
 -1.439123  4.295856 -1.301269  0.005085 -0.202204 -1.149888
 -1.470009  5.455997 -1.538921  0.005651 -0.240356 -1.343846
 -1.506025  6.599861 -1.842935  0.003480 -0.263138 -1.485629
 -0.683067 -1.040592 -2.418185 -0.008004 -0.319437 -0.173345
 -0.741894 -0.160513 -2.049347 -0.002417 -0.243670 -0.340867
 -0.807584  0.727669 -1.834028  0.001467 -0.201098 -0.482859
 -0.846726  1.185341 -1.843712  0.001717 -0.203712 -0.553341
 -0.848438  1.684772 -1.839851  0.002029 -0.210546 -0.645161
 -0.852509  2.209713 -1.926422  0.002145 -0.233212 -0.739065
 -0.852674  3.200296 -2.226641  0.007725 -0.299154 -0.928667
 -0.853093  4.135139 -2.705409  0.014179 -0.396632 -1.090387
 -0.839025  5.002626 -3.346324  0.034800 -0.479425 -1.259942
 -0.848396  6.001588 -3.997266  0.049506 -0.544585 -1.416802
 -0.696523 -1.044662 -2.476765 -0.010339 -0.323259 -0.166437
 -0.755185 -0.175304 -2.058387 -0.002604 -0.234508 -0.332744
 -0.810824  0.707439 -1.842574  0.000873 -0.199318 -0.474515
 -0.836680  1.186087 -1.814822  0.001626 -0.193932 -0.555805
 -0.847314  1.685823 -1.856412  0.001993 -0.209957 -0.648992
 -0.862307  2.203809 -1.901965  0.002798 -0.217349 -0.741350
 -0.848768  3.200153 -2.239907  0.007388 -0.295358 -0.932961
 -0.866045  4.130476 -2.673052  0.011691 -0.389893 -1.095184
 -0.837113  4.959519 -3.259649  0.031452 -0.463594 -1.252263
 -0.822979  5.858564 -4.029890  0.049998 -0.547111 -1.387429
 -0.816832 -0.966125 -2.339115 -0.013039 -0.304766 -0.185085
 -0.862233 -0.057404 -1.971404 -0.004319 -0.224074 -0.368851
 -0.889670  0.865642 -1.825091  0.000103 -0.185507 -0.528669
 -0.903181  1.317133 -1.809006  0.000249 -0.165147 -0.596609
 -0.902415  1.870719 -1.857026  0.002074 -0.174623 -0.709304
 -0.899555  2.389663 -1.956579  0.003230 -0.195668 -0.799041
 -0.897738  3.429733 -2.345560  0.010771 -0.268719 -1.010725
 -0.908931  4.407642 -2.817651  0.016471 -0.360374 -1.185002
 -0.932770  5.567725 -3.195637  0.017057 -0.420940 -1.393518
 -0.958704  6.571306 -3.709228  0.027792 -0.480681 -1.531122
 -0.778477 -1.192086 -2.480964 -0.011332 -0.325190 -0.146649
 -0.820698 -0.269120 -2.151305 -0.004279 -0.251369 -0.325374
 -0.873490  0.749653 -1.973255  0.001030 -0.214351 -0.487436
 -0.892132  1.252895 -1.961716  0.003143 -0.202746 -0.566919
 -0.916162  1.832070 -1.977369  0.003898 -0.195755 -0.676201
 -0.931963  2.352114 -2.081501  0.005762 -0.223414 -0.768807
 -0.936653  3.371222 -2.452047  0.011731 -0.293453 -0.967907
 -0.950690  4.440536 -2.911661  0.016360 -0.373381 -1.169008
 -1.007529  5.562380 -3.318534  0.017381 -0.431826 -1.367327
 -1.018425  6.601214 -3.771676  0.020044 -0.474566 -1.500867
 -0.923914 -1.037326 -2.556349 -0.011446 -0.338993 -0.242703
 -0.969295 -0.079285 -2.226735 -0.006031 -0.257682 -0.415155
 -1.015282  0.888232 -2.080197  0.001059 -0.204669 -0.577299
 -1.040533  1.418419 -2.087974  0.004350 -0.195642 -0.663096
 -1.060976  1.934794 -2.124817  0.005765 -0.199046 -0.747758
 -1.073557  2.450567 -2.215088  0.008896 -0.215848 -0.836319
 -1.112129  3.378448 -2.625235  0.015101 -0.295672 -0.992202
 -1.151206  4.481077 -3.076559  0.015442 -0.386517 -1.195828
 -1.177522  5.498532 -3.488675  0.013016 -0.446384 -1.340806
 -1.207682  6.528344 -3.986022  0.004053 -0.523412 -1.432226
 -1.261457 -0.962088 -2.638613 -0.013837 -0.337841 -0.270267
 -1.301164 -0.028093 -2.301424 -0.006938 -0.257806 -0.432955
 -1.315294  1.054965 -2.177664  0.000864 -0.225419 -0.649636
 -1.339453  1.602925 -2.177928  0.002943 -0.215606 -0.745196
 -1.354745  2.158653 -2.207356  0.005771 -0.216005 -0.854732
 -1.364520  2.719890 -2.291330  0.007888 -0.228176 -0.959948
 -1.419800  3.664179 -2.676184  0.015023 -0.310799 -1.099925
 -1.457318  4.671459 -3.175048  0.016357 -0.424953 -1.267113
 -1.481097  5.715350 -3.676724  0.014903 -0.519735 -1.427609
 -1.507523  6.797569 -4.172955  0.007617 -0.580423 -1.545048
