  -0.63896  -1.35477   0.00000   0.00000   0.00000   0.14511
  -0.63642  -0.86758   0.00000   0.00000   0.00000   0.13204
  -0.63660  -0.44274   0.00000   0.00000   0.00000   0.13289
  -0.64863  -0.03086   0.00000   0.00000   0.00000   0.13792
  -0.66885   0.42762   0.00000   0.00000   0.00000   0.13372
  -0.68531   0.94937   0.00000   0.00000   0.00000   0.11883
  -0.69618   1.53790   0.00000   0.00000   0.00000   0.09407
  -0.70029   2.18355   0.00000   0.00000   0.00000   0.06128
  -0.70020   2.87324   0.00000   0.00000   0.00000   0.02256
  -0.69051   4.34566   0.00000   0.00000   0.00000  -0.06287
  -0.67783   5.11245   0.00000   0.00000   0.00000  -0.10669
  -0.66328   5.89483   0.00000   0.00000   0.00000  -0.15032
  -0.63970   7.06727   0.00000   0.00000   0.00000  -0.20915
  -0.73295  -1.41040   0.00000   0.00000   0.00000   0.15481
  -0.72111  -0.90893   0.00000   0.00000   0.00000   0.14176
  -0.71907  -0.47383   0.00000   0.00000   0.00000   0.14532
  -0.72834  -0.04294   0.00000   0.00000   0.00000   0.15044
  -0.74296   0.42718   0.00000   0.00000   0.00000   0.14818
  -0.75790   0.96067   0.00000   0.00000   0.00000   0.13461
  -0.76718   1.56935   0.00000   0.00000   0.00000   0.10916
  -0.77186   2.24292   0.00000   0.00000   0.00000   0.07450
  -0.77399   2.96250   0.00000   0.00000   0.00000   0.03299
  -0.77138   4.50286   0.00000   0.00000   0.00000  -0.05926
  -0.76303   5.30539   0.00000   0.00000   0.00000  -0.10478
  -0.75375   6.12496   0.00000   0.00000   0.00000  -0.14935
  -0.74112   7.36037   0.00000   0.00000   0.00000  -0.20930
  -1.08261  -1.60661   0.00000   0.00000   0.00000   0.19306
  -1.07026  -1.06340   0.00000   0.00000   0.00000   0.18307
  -1.06452  -0.55675   0.00000   0.00000   0.00000   0.18108
  -1.06971  -0.04708   0.00000   0.00000   0.00000   0.17856
  -1.08092   0.49244   0.00000   0.00000   0.00000   0.17058
  -1.09225   1.08550   0.00000   0.00000   0.00000   0.15431
  -1.10337   1.74046   0.00000   0.00000   0.00000   0.12868
  -1.11215   2.46053   0.00000   0.00000   0.00000   0.09467
  -1.11801   3.24014   0.00000   0.00000   0.00000   0.05288
  -1.12413   4.94204   0.00000   0.00000   0.00000  -0.04521
  -1.12448   5.85566   0.00000   0.00000   0.00000  -0.09446
  -1.12479   6.79828   0.00000   0.00000   0.00000  -0.13678
  -1.12076   8.26213   0.00000   0.00000   0.00000  -0.16951
  -0.59132  -0.89750   0.00000   0.00000   0.00000   0.00667
  -0.58633  -0.41756   0.00000   0.00000   0.00000  -0.00285
  -0.58341  -0.01096   0.00000   0.00000   0.00000   0.00425
  -0.59110   0.39599   0.00000   0.00000   0.00000   0.01121
  -0.60567   0.86749   0.00000   0.00000   0.00000   0.00376
  -0.62481   1.42255   0.00000   0.00000   0.00000  -0.02068
  -0.64057   2.04971   0.00000   0.00000   0.00000  -0.05614
  -0.64888   2.72510   0.00000   0.00000   0.00000  -0.09800
  -0.65664   3.43935   0.00000   0.00000   0.00000  -0.14313
  -0.65199   4.94138   0.00000   0.00000   0.00000  -0.23724
  -0.64535   5.71756   0.00000   0.00000   0.00000  -0.28311
  -0.63917   6.50243   0.00000   0.00000   0.00000  -0.32751
  -0.64119   7.66372   0.00000   0.00000   0.00000  -0.38168
  -0.65546  -0.89695   0.00000   0.00000   0.00000  -0.00402
  -0.64465  -0.41902   0.00000   0.00000   0.00000  -0.00849
  -0.64329   0.00093   0.00000   0.00000   0.00000   0.00064
  -0.65072   0.41914   0.00000   0.00000   0.00000   0.01027
  -0.66530   0.89293   0.00000   0.00000   0.00000   0.00744
  -0.68154   1.44893   0.00000   0.00000   0.00000  -0.01250
  -0.69943   2.09027   0.00000   0.00000   0.00000  -0.04757
  -0.70870   2.79662   0.00000   0.00000   0.00000  -0.09242
  -0.71741   3.54571   0.00000   0.00000   0.00000  -0.14241
  -0.72468   5.13626   0.00000   0.00000   0.00000  -0.24723
  -0.72455   5.95838   0.00000   0.00000   0.00000  -0.29925
  -0.72647   6.79033   0.00000   0.00000   0.00000  -0.34655
  -0.72789   8.03969   0.00000   0.00000   0.00000  -0.40708
  -1.00816  -1.02693   0.00000   0.00000   0.00000   0.00391
  -0.99719  -0.49291   0.00000   0.00000   0.00000  -0.00237
  -0.99379  -0.00071   0.00000   0.00000   0.00000   0.00118
  -0.99856   0.49249   0.00000   0.00000   0.00000   0.00437
  -1.01169   1.02780   0.00000   0.00000   0.00000  -0.00177
  -1.02818   1.62731   0.00000   0.00000   0.00000  -0.02014
  -1.04275   2.29954   0.00000   0.00000   0.00000  -0.05063
  -1.05615   3.04059   0.00000   0.00000   0.00000  -0.09111
  -1.06764   3.84734   0.00000   0.00000   0.00000  -0.14157
  -1.08770   5.59909   0.00000   0.00000   0.00000  -0.25547
  -1.09767   6.53486   0.00000   0.00000   0.00000  -0.31067
  -1.10729   7.48425   0.00000   0.00000   0.00000  -0.35371
  -1.11855   8.95574   0.00000   0.00000   0.00000  -0.38532
  -0.54368  -0.44024   0.00000   0.00000   0.00000  -0.13177
  -0.53625   0.03246   0.00000   0.00000   0.00000  -0.13775
  -0.53022   0.42081   0.00000   0.00000   0.00000  -0.12440
  -0.53356   0.82284   0.00000   0.00000   0.00000  -0.11550
  -0.54248   1.30735   0.00000   0.00000   0.00000  -0.12620
  -0.56430   1.89573   0.00000   0.00000   0.00000  -0.16019
  -0.58496   2.56152   0.00000   0.00000   0.00000  -0.20635
  -0.59746   3.26666   0.00000   0.00000   0.00000  -0.25728
  -0.61308   4.00546   0.00000   0.00000   0.00000  -0.30882
  -0.61347   5.53710   0.00000   0.00000   0.00000  -0.41162
  -0.61287   6.32267   0.00000   0.00000   0.00000  -0.45953
  -0.61506   7.11003   0.00000   0.00000   0.00000  -0.50470
  -0.64268   8.26017   0.00000   0.00000   0.00000  -0.55421
  -0.57798  -0.38350   0.00000   0.00000   0.00000  -0.16286
  -0.56819   0.07089   0.00000   0.00000   0.00000  -0.15874
  -0.56751   0.47569   0.00000   0.00000   0.00000  -0.14405
  -0.57310   0.88123   0.00000   0.00000   0.00000  -0.12990
  -0.58764   1.35868   0.00000   0.00000   0.00000  -0.13330
  -0.60517   1.93718   0.00000   0.00000   0.00000  -0.15961
  -0.63167   2.61119   0.00000   0.00000   0.00000  -0.20429
  -0.64553   3.35032   0.00000   0.00000   0.00000  -0.25934
  -0.66083   4.12893   0.00000   0.00000   0.00000  -0.31782
  -0.67799   5.76966   0.00000   0.00000   0.00000  -0.43519
  -0.68607   6.61137   0.00000   0.00000   0.00000  -0.49371
  -0.69919   7.45569   0.00000   0.00000   0.00000  -0.54376
  -0.71466   8.71901   0.00000   0.00000   0.00000  -0.60485
  -0.93371  -0.44724   0.00000   0.00000   0.00000  -0.18524
  -0.92413   0.07757   0.00000   0.00000   0.00000  -0.18782
  -0.92306   0.55532   0.00000   0.00000   0.00000  -0.17871
  -0.92740   1.03206   0.00000   0.00000   0.00000  -0.16981
  -0.94247   1.56316   0.00000   0.00000   0.00000  -0.17413
  -0.96411   2.16913   0.00000   0.00000   0.00000  -0.19460
  -0.98212   2.85863   0.00000   0.00000   0.00000  -0.22994
  -1.00015   3.62065   0.00000   0.00000   0.00000  -0.27689
  -1.01727   4.45453   0.00000   0.00000   0.00000  -0.33603
  -1.05126   6.25614   0.00000   0.00000   0.00000  -0.46573
  -1.07087   7.21405   0.00000   0.00000   0.00000  -0.52688
  -1.08978   8.17022   0.00000   0.00000   0.00000  -0.57064
  -1.11634   9.64935   0.00000   0.00000   0.00000  -0.60114
