  -0.52045  -1.17059  -0.01620   0.05561  -0.00433   0.09573
  -0.52317  -0.63395  -0.01058   0.05375  -0.00209   0.03893
  -0.52390   0.02912  -0.00865   0.05211   0.00093  -0.02349
  -0.53650   0.65580   0.00877   0.05393   0.00555  -0.08271
  -0.52718   1.40893   0.00604   0.05625   0.00668  -0.16149
  -0.51439   2.32677   0.01086   0.05870   0.00588  -0.26209
  -0.49604   3.34951   0.01155   0.06187   0.00651  -0.37506
  -0.43139   4.79361   0.03235   0.06401   0.01434  -0.52755
  -0.38408   5.60905   0.05513   0.06389   0.01700  -0.61898
  -0.35058   6.32181   0.07262   0.06235   0.01888  -0.69429
  -0.51531  -1.14496  -0.01995   0.05499  -0.00530   0.09516
  -0.52484  -0.63908  -0.00990   0.05377  -0.00295   0.04139
  -0.53025   0.01175  -0.00548   0.05190   0.00016  -0.02031
  -0.54099   0.64852   0.00582   0.05425   0.00527  -0.08040
  -0.52569   1.42185   0.00309   0.05672   0.00736  -0.16159
  -0.51509   2.33951   0.01378   0.05932   0.00649  -0.26301
  -0.49092   3.33776   0.01890   0.06135   0.00645  -0.37292
  -0.42733   4.78959   0.05311   0.06362   0.01617  -0.52460
  -0.39410   5.58574   0.04713   0.06354   0.01444  -0.61183
  -0.35954   6.33804   0.05513   0.06212   0.01519  -0.68792
  -0.51394  -1.16080  -0.01782   0.05555  -0.00519   0.09688
  -0.51810  -0.64781  -0.01717   0.05385  -0.00397   0.04225
  -0.51705   0.01416  -0.00215   0.05174  -0.00033  -0.02051
  -0.52737   0.64501   0.00450   0.05388   0.00385  -0.08009
  -0.51323   1.39946   0.01007   0.05614   0.00666  -0.15982
  -0.50420   2.32650   0.01087   0.05895   0.00483  -0.26192
  -0.48492   3.33247   0.02913   0.06102   0.00632  -0.37307
  -0.42235   4.79684   0.04670   0.06369   0.01440  -0.52558
  -0.38776   5.58867   0.03262   0.06396   0.01078  -0.61152
  -0.35500   6.34779   0.04532   0.06233   0.01134  -0.68801
  -0.50521  -1.15453  -0.01018   0.05486  -0.01578   0.10259
  -0.49582  -0.65934   0.03107   0.05682  -0.01250   0.05338
  -0.50091   0.03150   0.00436   0.04524  -0.00187  -0.00725
  -0.51571   0.67058  -0.01473   0.04917  -0.00774  -0.06474
  -0.51738   1.46364   0.05022   0.05654  -0.00347  -0.14665
  -0.52894   2.42899   0.01651   0.05455  -0.01249  -0.24464
  -0.51946   3.43616   0.00030   0.05857  -0.01392  -0.36058
  -0.49232   4.98847   0.02432   0.06269  -0.00519  -0.52045
  -0.46521   5.77751   0.04021   0.06190   0.00102  -0.60289
  -0.43443   6.56007   0.02436   0.06301   0.00470  -0.67758
  -0.54064  -1.17880  -0.05789   0.05272  -0.01237   0.10974
  -0.53385  -0.65666  -0.06465   0.05300  -0.01081   0.05584
  -0.52997   0.03233  -0.05298   0.04948  -0.00669  -0.00623
  -0.54463   0.69541  -0.03313   0.05124  -0.00725  -0.06687
  -0.55349   1.49858  -0.01059   0.05286  -0.00128  -0.14956
  -0.56878   2.44608  -0.03600   0.05856  -0.00417  -0.25232
  -0.56802   3.52199  -0.04137   0.06110   0.00262  -0.36594
  -0.54954   5.08726  -0.00302   0.05967   0.00599  -0.52691
  -0.53851   5.86891   0.00072   0.05781   0.01138  -0.60517
  -0.51968   6.62068   0.04718   0.05385   0.02219  -0.66583
  -0.66521  -1.22724  -0.03863   0.05512   0.00007   0.11597
  -0.64992  -0.68175  -0.01881   0.05465   0.00362   0.05934
  -0.64820   0.00582  -0.04812   0.05281  -0.00308  -0.00236
  -0.66314   0.68260  -0.07363   0.05586  -0.01003  -0.06672
  -0.67317   1.53148  -0.09082   0.05759  -0.00880  -0.15445
  -0.69365   2.50631  -0.05579   0.06289  -0.00168  -0.25968
  -0.71775   3.61241  -0.05404   0.06433   0.00111  -0.37795
  -0.72741   5.17364   0.11386   0.05893   0.01561  -0.54378
  -0.71801   6.01037   0.14303   0.05767   0.02807  -0.62191
  -0.70565   6.79059   0.11500   0.05473   0.03454  -0.67699
  -0.99668  -1.28060  -0.03289   0.05969   0.00071   0.11992
  -0.98997  -0.70394  -0.03181   0.05686   0.00175   0.06045
  -0.98848   0.04354  -0.03128   0.05629   0.00342  -0.01030
  -1.00660   0.75868  -0.03436   0.05928   0.00629  -0.07922
  -1.02748   1.64164  -0.03436   0.06540   0.01012  -0.17393
  -1.04821   2.67026  -0.03482   0.07020   0.01366  -0.28520
  -1.07010   3.82756  -0.04318   0.07207   0.01316  -0.41361
  -1.06245   5.50873  -0.03142   0.07435   0.01907  -0.60241
  -1.04797   6.34722  -0.02450   0.07339   0.02391  -0.67013
  -1.02353   7.16945   0.01904   0.06933   0.03046  -0.71178
  -0.52378  -1.30117  -1.17380   0.05519  -0.14241   0.11549
  -0.50682  -0.76503  -1.03083   0.05447  -0.11373   0.06140
  -0.52778  -0.01482  -0.92528   0.05464  -0.09364  -0.01669
  -0.53159   0.76144  -0.97648   0.05469  -0.09876  -0.10057
  -0.52279   1.56085  -1.16815   0.05705  -0.13151  -0.18651
  -0.49141   2.46178  -1.36655   0.06007  -0.16524  -0.29163
  -0.46645   3.48830  -1.55181   0.06472  -0.20056  -0.40719
  -0.42882   4.91901  -1.83733   0.06850  -0.26260  -0.56101
  -0.40007   5.70437  -2.00417   0.07106  -0.29575  -0.64131
  -0.37652   6.43837  -2.13694   0.06963  -0.33156  -0.70915
  -0.52288  -1.29769  -1.18898   0.05511  -0.14628   0.11759
  -0.52180  -0.78735  -1.05049   0.05444  -0.11869   0.06555
  -0.53025  -0.02837  -0.92916   0.05399  -0.09609  -0.01462
  -0.53522   0.75255  -0.99503   0.05487  -0.10258  -0.09855
  -0.52626   1.56365  -1.17910   0.05730  -0.13421  -0.18689
  -0.49925   2.49709  -1.39312   0.06114  -0.17012  -0.29519
  -0.46479   3.49335  -1.56754   0.06453  -0.20426  -0.40768
  -0.43348   4.97018  -1.86254   0.06920  -0.26627  -0.56548
  -0.40911   5.67594  -2.02332   0.07050  -0.29879  -0.63307
  -0.38567   6.45945  -2.20064   0.07006  -0.33928  -0.70174
  -0.51840  -1.29522  -1.19636   0.05479  -0.14814   0.11772
  -0.51750  -0.78056  -1.06214   0.05451  -0.12047   0.06490
  -0.52789  -0.01547  -0.95122   0.05461  -0.09946  -0.01671
  -0.53333   0.75435  -1.00195   0.05479  -0.10556  -0.09912
  -0.51845   1.55717  -1.18008   0.05671  -0.13535  -0.18649
  -0.49360   2.48676  -1.39177   0.06072  -0.17067  -0.29476
  -0.45974   3.47746  -1.57975   0.06417  -0.20697  -0.40637
  -0.43060   4.96864  -1.89873   0.06897  -0.27228  -0.56572
  -0.41033   5.72669  -2.08270   0.07095  -0.30962  -0.63983
  -0.37844   6.37261  -2.22048   0.06910  -0.34392  -0.69311
  -0.50200  -1.27303  -1.11177   0.05089  -0.13450   0.12771
  -0.50663  -0.76949  -0.98808   0.05620  -0.10477   0.08097
  -0.51062   0.01606  -0.90121   0.04763  -0.08392  -0.00160
  -0.50684   0.79551  -0.98735   0.05521  -0.09980  -0.08432
  -0.51692   1.63372  -1.15906   0.05318  -0.13731  -0.17216
  -0.50974   2.55608  -1.36740   0.05678  -0.16564  -0.27829
  -0.49356   3.58663  -1.58544   0.06453  -0.20988  -0.39125
  -0.49320   5.13196  -1.81440   0.06339  -0.26287  -0.54768
  -0.47142   5.90334  -1.96028   0.07298  -0.29077  -0.62396
  -0.44908   6.60628  -2.10195   0.07049  -0.30437  -0.67904
  -0.54899  -1.32745  -1.25839   0.05533  -0.14950   0.13153
  -0.54287  -0.81060  -1.11104   0.05128  -0.12203   0.08062
  -0.54121  -0.00334  -1.00139   0.05109  -0.09449  -0.00080
  -0.54884   0.79512  -1.06579   0.05381  -0.10732  -0.08818
  -0.55929   1.64165  -1.27173   0.05397  -0.14286  -0.18152
  -0.55871   2.60101  -1.46731   0.05961  -0.18009  -0.28901
  -0.55673   3.63752  -1.67450   0.06066  -0.21851  -0.40023
  -0.55592   5.14268  -1.97890   0.06900  -0.27595  -0.55266
  -0.55109   5.94892  -2.10845   0.06785  -0.29361  -0.62093
  -0.53216   6.64641  -2.17705   0.06154  -0.30644  -0.66031
  -0.66326  -1.38124  -1.26008   0.05461  -0.13921   0.14555
  -0.66116  -0.85150  -1.09185   0.05585  -0.11107   0.09603
  -0.66351  -0.03233  -1.00131   0.05601  -0.09443   0.00886
  -0.66298   0.79879  -1.10085   0.05619  -0.10963  -0.08355
  -0.66882   1.66958  -1.35794   0.05866  -0.14765  -0.18678
  -0.67777   2.67630  -1.59955   0.06685  -0.18548  -0.30810
  -0.69703   3.76683  -1.84899   0.07217  -0.22232  -0.43481
  -0.70434   5.33013  -2.11825   0.07296  -0.27902  -0.59358
  -0.69296   6.10505  -2.09238   0.06076  -0.30464  -0.64679
  -0.67853   6.84635  -2.02516   0.04385  -0.32475  -0.67824
  -1.00857  -1.40699  -1.31654   0.06261  -0.15465   0.14047
  -1.00279  -0.83770  -1.16759   0.06017  -0.12401   0.08239
  -0.99772   0.01773  -1.05493   0.06052  -0.10132  -0.00375
  -1.01181   0.88114  -1.13895   0.06060  -0.11017  -0.09931
  -1.01805   1.81717  -1.39049   0.06585  -0.15353  -0.21124
  -1.02089   2.84465  -1.62308   0.06937  -0.20489  -0.33561
  -1.03964   3.96839  -1.91612   0.07411  -0.25805  -0.46869
  -1.04518   5.62170  -2.26322   0.07945  -0.33218  -0.64780
  -1.02930   6.44483  -2.44677   0.07604  -0.36666  -0.70361
  -1.00208   7.24957  -2.59670   0.06688  -0.39774  -0.72998
  -0.49903  -1.79092  -2.98817   0.06226  -0.34015   0.20128
  -0.51183  -1.08990  -2.85689   0.06230  -0.31380   0.11472
  -0.53106  -0.01530  -2.76943   0.06208  -0.29583  -0.02063
  -0.51621   1.04970  -2.78876   0.06094  -0.29495  -0.15751
  -0.49676   2.11470  -2.98116   0.06077  -0.32876  -0.29477
  -0.46697   3.19412  -3.32359   0.06392  -0.38702  -0.43794
  -0.43897   4.23251  -3.85284   0.06729  -0.49023  -0.56022
  -0.37146   5.57875  -4.63707   0.06903  -0.65329  -0.71590
  -0.33369   6.30838  -5.04271   0.07070  -0.73758  -0.79344
  -0.31337   6.85059  -5.12677   0.05965  -0.72796  -0.79196
  -0.50120  -1.80591  -3.01735   0.06198  -0.34426   0.20630
  -0.51322  -1.10088  -2.89375   0.06245  -0.31955   0.11884
  -0.53113  -0.02716  -2.79612   0.06185  -0.30092  -0.01689
  -0.51872   1.02579  -2.82179   0.06044  -0.30088  -0.15311
  -0.49312   2.11216  -3.00006   0.06018  -0.33239  -0.29434
  -0.46423   3.19011  -3.35128   0.06347  -0.39007  -0.43821
  -0.43465   4.22980  -3.87460   0.06603  -0.49312  -0.56032
  -0.38410   5.59097  -4.68766   0.06993  -0.65678  -0.71293
  -0.35807   6.28461  -5.09251   0.07018  -0.73930  -0.78267
  -0.32516   6.87706  -5.27667   0.06164  -0.74401  -0.78970
  -0.49629  -1.81467  -3.05272   0.06199  -0.34850   0.20866
  -0.51596  -1.10895  -2.93483   0.06260  -0.32495   0.11979
  -0.52744  -0.01668  -2.82082   0.06180  -0.30513  -0.01822
  -0.51357   1.04449  -2.86083   0.06067  -0.30735  -0.15599
  -0.49270   2.11951  -3.03372   0.06038  -0.33727  -0.29611
  -0.46413   3.22107  -3.39037   0.06381  -0.39620  -0.44415
  -0.43700   4.26696  -3.92253   0.06613  -0.49993  -0.56747
  -0.38685   5.62030  -4.74058   0.07010  -0.66274  -0.71843
  -0.36180   6.28854  -5.14973   0.06989  -0.74622  -0.78478
  -0.33213   6.91207  -5.36511   0.06290  -0.75602  -0.79645
  -0.50231  -1.77879  -2.99439   0.05915  -0.33549   0.21554
  -0.51290  -1.05988  -2.84067   0.06418  -0.31221   0.12599
  -0.52473   0.01571  -2.79073   0.06191  -0.29088  -0.00567
  -0.51074   1.10063  -2.85002   0.06086  -0.29969  -0.14215
  -0.50037   2.19857  -3.00612   0.06022  -0.31485  -0.28945
  -0.48977   3.22114  -3.39298   0.06384  -0.38321  -0.41760
  -0.47386   4.26954  -3.95617   0.06994  -0.50173  -0.53786
  -0.41838   5.60596  -4.66124   0.06854  -0.65125  -0.68068
  -0.38062   6.19323  -4.80870   0.06701  -0.67772  -0.70976
  -0.35153   6.80878  -5.00257   0.06529  -0.69812  -0.73643
  -0.54512  -1.86445  -3.23747   0.05709  -0.35320   0.22900
  -0.55363  -1.11717  -3.08991   0.05979  -0.32659   0.13332
  -0.56399   0.01972  -3.03659   0.05604  -0.30599  -0.00634
  -0.56065   1.12186  -3.03929   0.05416  -0.30541  -0.15183
  -0.55445   2.26752  -3.23603   0.05665  -0.33946  -0.29898
  -0.54854   3.36588  -3.62038   0.06201  -0.40323  -0.44292
  -0.54227   4.41227  -4.15222   0.06308  -0.51153  -0.56912
  -0.49822   5.70086  -4.85659   0.06253  -0.64824  -0.68729
  -0.47135   6.32478  -5.12173   0.05894  -0.68493  -0.72060
  -0.44104   6.95221  -5.32001   0.05219  -0.71118  -0.74919
  -0.68137  -1.95717  -3.35810   0.05841  -0.36407   0.25988
  -0.68255  -1.20368  -3.22089   0.05906  -0.34002   0.16482
  -0.69071   0.01381  -3.11470   0.06269  -0.31202   0.00378
  -0.69298   1.22767  -3.15042   0.05796  -0.31811  -0.15711
  -0.68207   2.41017  -3.37044   0.05945  -0.35809  -0.31643
  -0.68483   3.52131  -3.83861   0.07012  -0.42604  -0.47731
  -0.68662   4.55971  -4.51280   0.08380  -0.51876  -0.63609
  -0.64279   5.87022  -5.12620   0.07627  -0.64803  -0.74247
  -0.57521   6.67266  -5.23641   0.05959  -0.70805  -0.77423
  -0.48972   7.51030  -5.29667   0.04056  -0.75936  -0.79851
  -1.02105  -2.01076  -3.53903   0.06860  -0.42125   0.26395
  -1.03384  -1.19922  -3.39307   0.06634  -0.38770   0.15352
  -1.04726   0.03835  -3.27703   0.06953  -0.35283  -0.01527
  -1.04147   1.28076  -3.29138   0.06784  -0.34133  -0.18670
  -1.01953   2.52224  -3.51754   0.07335  -0.37741  -0.37008
  -1.01834   3.74766  -3.93732   0.07642  -0.46708  -0.55365
  -1.01746   4.89129  -4.53279   0.08074  -0.60524  -0.70290
  -1.00933   6.19913  -5.62018   0.07779  -0.82997  -0.79181
  -0.98299   6.99401  -5.90410   0.07081  -0.88815  -0.82103
  -0.94117   7.91462  -5.92028   0.05869  -0.90029  -0.84640
  -0.41539  -1.10861  -0.02853   0.02658  -0.00103   0.07242
  -0.42361  -0.61091  -0.01878   0.02509  -0.00001   0.02540
  -0.42104   0.02429  -0.01912   0.02360   0.00005  -0.02301
  -0.42690   0.61949  -0.01138   0.02495   0.00044  -0.06665
  -0.42060   1.35496  -0.02364   0.02757  -0.00259  -0.13696
  -0.40799   2.26831  -0.02441   0.02949  -0.00296  -0.23524
  -0.37793   3.27444  -0.00714   0.03111   0.00000  -0.35119
  -0.31549   4.78367  -0.01526   0.03255   0.00021  -0.51673
  -0.26661   5.59462  -0.02187   0.03237  -0.00424  -0.61092
  -0.23521   6.38189  -0.01931   0.03239  -0.00626  -0.69861
  -0.41599  -1.10746  -0.01767   0.02669  -0.00034   0.07398
  -0.41369  -0.60272  -0.01879   0.02483  -0.00087   0.02651
  -0.42685   0.01502  -0.01315   0.02370  -0.00060  -0.02063
  -0.42903   0.61263  -0.01640   0.02519  -0.00049  -0.06472
  -0.41525   1.35581  -0.01973   0.02750  -0.00178  -0.13611
  -0.40270   2.26393  -0.00615   0.02934  -0.00118  -0.23441
  -0.37771   3.30314  -0.00504   0.03073  -0.00098  -0.35291
  -0.30738   4.75851   0.00494   0.03179   0.00196  -0.51202
  -0.26965   5.50768  -0.00378   0.03126  -0.00245  -0.59772
  -0.23464   6.31974  -0.00511   0.03155  -0.00354  -0.68547
  -0.41398  -1.11518  -0.01767   0.02666  -0.00056   0.07492
  -0.40994  -0.59759  -0.01828   0.02473  -0.00148   0.02632
  -0.41454   0.02106  -0.01867   0.02336  -0.00182  -0.02135
  -0.42368   0.60332  -0.01380   0.02466  -0.00205  -0.06406
  -0.41292   1.36623  -0.01144   0.02738  -0.00192  -0.13777
  -0.39991   2.26701  -0.00841   0.02918  -0.00220  -0.23534
  -0.37605   3.30969  -0.00052   0.03061  -0.00177  -0.35452
  -0.30634   4.78250   0.00738   0.03180   0.00187  -0.51484
  -0.26970   5.57535  -0.02363   0.03199  -0.00694  -0.60495
  -0.23423   6.35301  -0.01165   0.03168  -0.00700  -0.68869
  -0.42408  -1.10040  -0.01512   0.02056  -0.00195   0.08269
  -0.40866  -0.61656   0.01872   0.02477   0.00197   0.04046
  -0.40863   0.01081   0.00547   0.02153  -0.00213  -0.00325
  -0.41462   0.61998  -0.00062   0.02082  -0.00550  -0.04209
  -0.42631   1.38331   0.02779   0.02304  -0.00770  -0.11114
  -0.42642   2.32633   0.01418   0.03125  -0.00720  -0.20968
  -0.41393   3.40563  -0.00139   0.03223  -0.00895  -0.32976
  -0.37981   4.96260   0.03062   0.03263  -0.00736  -0.50149
  -0.36403   5.77487  -0.01145   0.03019  -0.01656  -0.58962
  -0.32601   6.55904  -0.00435   0.03656  -0.00541  -0.67119
  -0.44493  -1.13648  -0.04937   0.02366  -0.01009   0.08360
  -0.44629  -0.64426  -0.05707   0.02473  -0.00816   0.03744
  -0.44567   0.02360  -0.05989   0.01864  -0.00637  -0.00478
  -0.45598   0.63415  -0.02872   0.02300  -0.00932  -0.04422
  -0.46282   1.41602  -0.01509   0.02325  -0.00934  -0.11888
  -0.46619   2.37250  -0.03256   0.02881  -0.00904  -0.21975
  -0.46291   3.48535  -0.03474   0.02985  -0.00562  -0.34155
  -0.45750   5.06548  -0.04385   0.02549  -0.00987  -0.51835
  -0.44234   5.89188  -0.02517   0.02674  -0.00289  -0.60426
  -0.42020   6.66472   0.01361   0.02491   0.00527  -0.68150
  -0.56655  -1.18669  -0.01507   0.02662   0.00210   0.08816
  -0.55486  -0.65390   0.00433   0.02463   0.00131   0.03981
  -0.54835  -0.00507  -0.02345   0.02483  -0.00368  -0.00335
  -0.55615   0.62097  -0.04091   0.02325  -0.01045  -0.04441
  -0.56528   1.43518  -0.07288   0.02628  -0.01707  -0.12278
  -0.57378   2.43114  -0.06509   0.03187  -0.00947  -0.22666
  -0.58374   3.54990  -0.08289   0.03451  -0.00332  -0.35085
  -0.59565   5.15795   0.00640   0.03053   0.00265  -0.51884
  -0.59031   6.02378  -0.10910   0.03427   0.01260  -0.60376
  -0.57640   6.85565  -0.30933   0.03876   0.01187  -0.67256
  -0.87045  -1.22941   0.02020   0.02888   0.01142   0.09044
  -0.87098  -0.67096   0.02263   0.02535   0.00919   0.03988
  -0.86842   0.01965   0.01030   0.02583   0.00658  -0.00776
  -0.88731   0.69101  -0.00216   0.02605   0.00208  -0.05625
  -0.89510   1.55640  -0.01056   0.03062  -0.00322  -0.13928
  -0.92010   2.58725  -0.02010   0.03557  -0.00537  -0.24934
  -0.93094   3.76792  -0.01557   0.03757   0.00074  -0.38993
  -0.91058   5.47360   0.00151   0.03598   0.00039  -0.58926
  -0.89866   6.35200   0.01295   0.03531   0.00558  -0.66678
  -0.88127   7.23006   0.05070   0.03329   0.01560  -0.72223
  -0.41721  -1.25704  -1.14212   0.02599  -0.12657   0.09964
  -0.41446  -0.73421  -0.98847   0.02515  -0.09573   0.05090
  -0.41603   0.00320  -0.87942   0.02488  -0.07339  -0.01855
  -0.42181   0.75612  -0.93878   0.02514  -0.08397  -0.09278
  -0.41533   1.53936  -1.15483   0.02688  -0.12682  -0.17166
  -0.38540   2.44184  -1.38488   0.03012  -0.17447  -0.27321
  -0.35882   3.44059  -1.59083   0.03350  -0.21670  -0.38688
  -0.31631   4.95264  -1.92100   0.03700  -0.28956  -0.55702
  -0.27549   5.70211  -2.06167   0.03905  -0.32111  -0.63888
  -0.25351   6.49517  -2.22487   0.03914  -0.36368  -0.72357
  -0.41195  -1.26608  -1.14639   0.02624  -0.12905   0.10410
  -0.40702  -0.75330  -1.00358   0.02593  -0.09944   0.05571
  -0.42082  -0.01798  -0.89440   0.02548  -0.07672  -0.01413
  -0.42282   0.74271  -0.96330   0.02576  -0.08839  -0.08882
  -0.40566   1.52466  -1.16248   0.02748  -0.12929  -0.16830
  -0.38256   2.40160  -1.38225   0.03042  -0.17412  -0.26817
  -0.35611   3.44670  -1.62135   0.03417  -0.22301  -0.38577
  -0.31352   4.88884  -1.90285   0.03715  -0.28775  -0.54736
  -0.28823   5.71834  -2.10530   0.04018  -0.32856  -0.63514
  -0.25647   6.47593  -2.28088   0.04061  -0.37034  -0.71043
  -0.41562  -1.26971  -1.16576   0.02641  -0.13163   0.10549
  -0.41506  -0.75650  -1.01236   0.02578  -0.10111   0.05680
  -0.41879  -0.01023  -0.90148   0.02538  -0.07860  -0.01448
  -0.42944   0.74337  -0.98103   0.02574  -0.09253  -0.08896
  -0.41317   1.53143  -1.18052   0.02747  -0.13306  -0.16884
  -0.38327   2.42157  -1.39386   0.03064  -0.17704  -0.27103
  -0.35241   3.44020  -1.61426   0.03377  -0.22274  -0.38594
  -0.30674   4.87707  -1.92722   0.03692  -0.29195  -0.54608
  -0.28158   5.65254  -2.11781   0.03920  -0.33255  -0.62855
  -0.25392   6.45003  -2.31595   0.04020  -0.37817  -0.70766
  -0.41355  -1.20172  -1.06847   0.01741  -0.11137   0.10458
  -0.40647  -0.70046  -0.93222   0.02618  -0.08802   0.06257
  -0.41408   0.04736  -0.86220   0.02170  -0.05727  -0.00060
  -0.41505   0.78876  -0.96184   0.01815  -0.08495  -0.07279
  -0.41841   1.54649  -1.14836   0.02703  -0.13180  -0.14502
  -0.40920   2.47203  -1.36348   0.03136  -0.17192  -0.24238
  -0.40261   3.51478  -1.58526   0.02719  -0.22620  -0.35640
  -0.38882   5.07926  -1.87390   0.03367  -0.28453  -0.52626
  -0.36960   5.88568  -2.04062   0.03696  -0.31648  -0.61043
  -0.33889   6.64980  -2.19565   0.03858  -0.33616  -0.68907
  -0.44733  -1.27321  -1.19225   0.02172  -0.12356   0.11272
  -0.44508  -0.76278  -1.05340   0.02127  -0.09384   0.06759
  -0.43569  -0.00812  -0.93993   0.02124  -0.06685   0.00098
  -0.44600   0.75929  -1.01762   0.02338  -0.08647  -0.07218
  -0.45705   1.56990  -1.24429   0.02328  -0.13593  -0.15387
  -0.44646   2.50211  -1.47728   0.02526  -0.18536  -0.25635
  -0.44787   3.55145  -1.71096   0.03160  -0.23045  -0.36978
  -0.43603   5.11062  -2.01814   0.03359  -0.29853  -0.53686
  -0.43368   5.93931  -2.19594   0.03418  -0.32966  -0.62336
  -0.41547   6.69159  -2.29825   0.03063  -0.35434  -0.69004
  -0.56512  -1.33703  -1.23050   0.02525  -0.12181   0.12035
  -0.56562  -0.83228  -1.06982   0.02619  -0.09213   0.07924
  -0.55935  -0.02892  -0.94896   0.02562  -0.06681   0.00609
  -0.56077   0.78345  -1.05156   0.02584  -0.08231  -0.07489
  -0.56820   1.62059  -1.34898   0.02655  -0.14416  -0.16039
  -0.56292   2.58761  -1.60210   0.03358  -0.19934  -0.27111
  -0.56121   3.69163  -1.84978   0.03583  -0.25646  -0.39957
  -0.57061   5.28284  -2.08084   0.03045  -0.32455  -0.56098
  -0.56555   6.06566  -2.20175   0.02838  -0.34705  -0.62389
  -0.54896   6.82796  -2.27774   0.02250  -0.36785  -0.66966
  -0.90300  -1.37802  -1.28350   0.02943  -0.13022   0.11961
  -0.89331  -0.81260  -1.12590   0.02678  -0.09633   0.07081
  -0.87774  -0.00124  -1.00623   0.02510  -0.07515   0.00020
  -0.89774   0.85231  -1.10843   0.02513  -0.09316  -0.08489
  -0.91439   1.76970  -1.40512   0.03025  -0.15505  -0.18452
  -0.90805   2.76711  -1.66186   0.03537  -0.21675  -0.29914
  -0.90455   3.89380  -1.96011   0.04066  -0.27850  -0.43414
  -0.89764   5.61131  -2.32554   0.04402  -0.35841  -0.63776
  -0.89275   6.46728  -2.51307   0.04071  -0.39945  -0.70537
  -0.88236   7.31506  -2.64007   0.03139  -0.43879  -0.74418
  -0.39768  -1.80671  -2.92808   0.03276  -0.31534   0.21262
  -0.41061  -1.10112  -2.77998   0.03308  -0.28387   0.12316
  -0.43246  -0.04254  -2.68774   0.03184  -0.26366  -0.01412
  -0.42116   1.02851  -2.73539   0.03033  -0.27344  -0.15288
  -0.39072   2.11213  -2.96662   0.02965  -0.32033  -0.29156
  -0.35993   3.15894  -3.32894   0.03211  -0.38964  -0.42822
  -0.32599   4.19964  -3.89345   0.03503  -0.50733  -0.54764
  -0.25619   5.54890  -4.74087   0.03690  -0.69350  -0.70309
  -0.21998   6.28266  -5.16355   0.04003  -0.78655  -0.78822
  -0.19854   6.96103  -5.47324   0.03876  -0.86289  -0.85469
  -0.39088  -1.82684  -2.95675   0.03247  -0.31956   0.21900
  -0.40897  -1.11320  -2.84138   0.03350  -0.29228   0.12731
  -0.41721  -0.03473  -2.73073   0.03219  -0.27047  -0.01230
  -0.41564   1.03185  -2.79579   0.03055  -0.28164  -0.15180
  -0.38744   2.12244  -2.99352   0.02961  -0.32421  -0.29202
  -0.35924   3.20976  -3.38725   0.03233  -0.39700  -0.43548
  -0.32051   4.19919  -3.90668   0.03391  -0.50876  -0.54887
  -0.26538   5.61758  -4.82523   0.03823  -0.70151  -0.70804
  -0.22967   6.29363  -5.22842   0.04080  -0.79082  -0.78254
  -0.20723   6.97179  -5.57851   0.03915  -0.86684  -0.84204
  -0.38822  -1.83753  -3.00189   0.03262  -0.32494   0.22150
  -0.40205  -1.11453  -2.85254   0.03302  -0.29460   0.12847
  -0.41189  -0.02085  -2.75071   0.03209  -0.27439  -0.01462
  -0.40613   1.05056  -2.80409   0.03038  -0.28555  -0.15436
  -0.38360   2.12506  -3.01309   0.02943  -0.32807  -0.29286
  -0.35377   3.20396  -3.38405   0.03197  -0.39767  -0.43680
  -0.32338   4.26359  -3.96739   0.03389  -0.51790  -0.55932
  -0.26357   5.63732  -4.87372   0.03830  -0.70769  -0.71281
  -0.23453   6.32476  -5.30533   0.04087  -0.80349  -0.78772
  -0.21374   6.95155  -5.62329   0.03819  -0.86804  -0.83399
  -0.41244  -1.77095  -2.89841   0.03151  -0.30173   0.21912
  -0.42040  -1.07149  -2.75059   0.03019  -0.26785   0.13272
  -0.41796   0.00029  -2.67229   0.02816  -0.24487   0.00149
  -0.41428   1.08258  -2.75143   0.03029  -0.26767  -0.13390
  -0.40140   2.13161  -2.94061   0.02605  -0.30228  -0.26719
  -0.39284   3.18602  -3.36751   0.03414  -0.38461  -0.39299
  -0.38411   4.17898  -3.95101   0.03989  -0.50660  -0.50424
  -0.30849   5.57166  -4.64292   0.03559  -0.66018  -0.64888
  -0.28152   6.26967  -5.04068   0.04807  -0.75111  -0.72957
  -0.26244   6.90491  -5.29979   0.04448  -0.79573  -0.76951
  -0.42371  -1.87607  -3.16259   0.02750  -0.32431   0.23474
  -0.43319  -1.14543  -3.01993   0.02931  -0.29359   0.14059
  -0.43561   0.00825  -2.92767   0.02685  -0.27207  -0.00296
  -0.43638   1.13681  -2.96668   0.02638  -0.28430  -0.14827
  -0.43263   2.27005  -3.20358   0.02601  -0.32914  -0.29474
  -0.42361   3.34262  -3.62305   0.03184  -0.40808  -0.43178
  -0.42156   4.38794  -4.20882   0.03198  -0.53911  -0.55495
  -0.38237   5.75488  -5.06961   0.03895  -0.73768  -0.70414
  -0.35973   6.34281  -5.33024   0.03231  -0.78499  -0.73661
  -0.33599   6.96124  -5.51988   0.02252  -0.81936  -0.76578
  -0.55978  -1.99052  -3.28189   0.03281  -0.33747   0.26212
  -0.56097  -1.20333  -3.13052   0.03489  -0.30102   0.16508
  -0.56780   0.00822  -3.03069   0.03283  -0.27575   0.00133
  -0.56585   1.20684  -3.09733   0.02921  -0.28819  -0.16698
  -0.56077   2.38833  -3.37942   0.03283  -0.34453  -0.32490
  -0.56127   3.50402  -3.86802   0.03765  -0.43775  -0.47572
  -0.55471   4.63154  -4.40147   0.03559  -0.58536  -0.58893
  -0.53668   6.21138  -4.75608   0.01255  -0.76399  -0.71459
  -0.52198   7.02319  -4.82785   0.00213  -0.80721  -0.77332
  -0.49609   7.83063  -4.87477  -0.00454  -0.82241  -0.82778
  -0.90471  -2.03009  -3.47441   0.03547  -0.38565   0.27077
  -0.90876  -1.20626  -3.29335   0.03436  -0.34506   0.15799
  -0.92223   0.04992  -3.20661   0.03511  -0.31733  -0.01329
  -0.91572   1.31248  -3.26484   0.03201  -0.32403  -0.18946
  -0.89674   2.55441  -3.53820   0.03737  -0.37945  -0.37208
  -0.88399   3.75691  -3.99788   0.04287  -0.49145  -0.54961
  -0.88823   4.88267  -4.64025   0.04343  -0.66651  -0.68820
  -0.89759   6.24765  -5.72105   0.04386  -0.91756  -0.79815
  -0.88104   7.04803  -6.07695   0.04091  -0.99011  -0.84405
  -0.84891   7.95703  -6.21260   0.03328  -1.01789  -0.88718
  -0.39251  -1.06954   0.00000   0.00000   0.00000   0.05692
  -0.39785  -0.56904   0.00000   0.00000   0.00000   0.01120
  -0.39728   0.02093   0.00000   0.00000   0.00000  -0.02338
  -0.41638   0.57946   0.00000   0.00000   0.00000  -0.05333
  -0.39126   1.30867   0.00000   0.00000   0.00000  -0.12136
  -0.38669   2.23295   0.00000   0.00000   0.00000  -0.22209
  -0.35955   3.27982   0.00000   0.00000   0.00000  -0.34574
  -0.30129   4.76254   0.00000   0.00000   0.00000  -0.51588
  -0.25493   5.54930   0.00000   0.00000   0.00000  -0.60208
  -0.22034   6.32089   0.00000   0.00000   0.00000  -0.68625
  -0.38553  -1.06742   0.00000   0.00000   0.00000   0.05817
  -0.39328  -0.58063   0.00000   0.00000   0.00000   0.01321
  -0.39432   0.01170   0.00000   0.00000   0.00000  -0.02198
  -0.39870   0.57483   0.00000   0.00000   0.00000  -0.05170
  -0.38547   1.31760   0.00000   0.00000   0.00000  -0.12095
  -0.37300   2.21808   0.00000   0.00000   0.00000  -0.22000
  -0.34732   3.27928   0.00000   0.00000   0.00000  -0.34522
  -0.28730   4.75356   0.00000   0.00000   0.00000  -0.51203
  -0.25000   5.53548   0.00000   0.00000   0.00000  -0.59681
  -0.21376   6.32496   0.00000   0.00000   0.00000  -0.67961
  -0.37592  -1.06980   0.00000   0.00000   0.00000   0.05872
  -0.38286  -0.57931   0.00000   0.00000   0.00000   0.01404
  -0.38721   0.01429   0.00000   0.00000   0.00000  -0.02172
  -0.38623   0.57866   0.00000   0.00000   0.00000  -0.05217
  -0.37793   1.32464   0.00000   0.00000   0.00000  -0.12197
  -0.36548   2.22196   0.00000   0.00000   0.00000  -0.22095
  -0.33433   3.24573   0.00000   0.00000   0.00000  -0.34173
  -0.27943   4.81383   0.00000   0.00000   0.00000  -0.51943
  -0.23388   5.50435   0.00000   0.00000   0.00000  -0.59416
  -0.19478   6.27352   0.00000   0.00000   0.00000  -0.67469
  -0.39778  -1.05252   0.00000   0.00000   0.00000   0.05448
  -0.39918  -0.58064   0.00000   0.00000   0.00000   0.01506
  -0.39993  -0.00904   0.00000   0.00000   0.00000  -0.01147
  -0.40233   0.58840   0.00000   0.00000   0.00000  -0.03996
  -0.41771   1.32173   0.00000   0.00000   0.00000  -0.10750
  -0.41077   2.29469   0.00000   0.00000   0.00000  -0.20894
  -0.39433   3.32561   0.00000   0.00000   0.00000  -0.33118
  -0.36518   4.96728   0.00000   0.00000   0.00000  -0.51249
  -0.34750   5.78693   0.00000   0.00000   0.00000  -0.60263
  -0.30823   6.57548   0.00000   0.00000   0.00000  -0.68692
  -0.42604  -1.00398   0.00000   0.00000   0.00000   0.04996
  -0.43028  -0.52470   0.00000   0.00000   0.00000   0.00935
  -0.42857   0.08697   0.00000   0.00000   0.00000  -0.01699
  -0.44426   0.69257   0.00000   0.00000   0.00000  -0.04618
  -0.45599   1.46302   0.00000   0.00000   0.00000  -0.11913
  -0.46503   2.42911   0.00000   0.00000   0.00000  -0.22187
  -0.45823   3.49803   0.00000   0.00000   0.00000  -0.34604
  -0.44932   5.10129   0.00000   0.00000   0.00000  -0.52599
  -0.43594   5.93036   0.00000   0.00000   0.00000  -0.61509
  -0.41550   6.70702   0.00000   0.00000   0.00000  -0.69234
  -0.51566  -1.12292   0.00000   0.00000   0.00000   0.07234
  -0.51855  -0.61142   0.00000   0.00000   0.00000   0.02751
  -0.51147   0.00678   0.00000   0.00000   0.00000   0.00026
  -0.51116   0.62506   0.00000   0.00000   0.00000  -0.03245
  -0.51370   1.43984   0.00000   0.00000   0.00000  -0.10681
  -0.52428   2.44261   0.00000   0.00000   0.00000  -0.21384
  -0.53077   3.57676   0.00000   0.00000   0.00000  -0.34091
  -0.53305   5.22130   0.00000   0.00000   0.00000  -0.51982
  -0.54717   6.03384   0.00000   0.00000   0.00000  -0.59387
  -0.54110   6.80806   0.00000   0.00000   0.00000  -0.64795
  -0.84618  -1.15450   0.00000   0.00000   0.00000   0.07131
  -0.85574  -0.61152   0.00000   0.00000   0.00000   0.02625
  -0.84125   0.03974   0.00000   0.00000   0.00000  -0.00269
  -0.86103   0.70051   0.00000   0.00000   0.00000  -0.03982
  -0.87871   1.58678   0.00000   0.00000   0.00000  -0.12588
  -0.89105   2.63350   0.00000   0.00000   0.00000  -0.23676
  -0.89421   3.83572   0.00000   0.00000   0.00000  -0.38222
  -0.87333   5.61875   0.00000   0.00000   0.00000  -0.60273
  -0.85611   6.51268   0.00000   0.00000   0.00000  -0.68194
  -0.83416   7.39467   0.00000   0.00000   0.00000  -0.73278
  -0.38582  -1.24219  -1.11739  -0.00016  -0.11725   0.09402
  -0.39225  -0.74156  -0.96644  -0.00002  -0.08358   0.04739
  -0.39001  -0.00275  -0.84225  -0.00018  -0.05774  -0.01874
  -0.40002   0.72818  -0.92748  -0.00036  -0.07599  -0.08498
  -0.39041   1.49065  -1.15370   0.00069  -0.12639  -0.15687
  -0.36640   2.39238  -1.40204   0.00226  -0.18051  -0.25697
  -0.33550   3.39365  -1.59155   0.00390  -0.22239  -0.37209
  -0.28829   4.91309  -1.92302   0.00555  -0.29384  -0.54725
  -0.24993   5.68521  -2.07520   0.00775  -0.32483  -0.63271
  -0.22213   6.48577  -2.26512   0.00864  -0.37236  -0.71958
  -0.38440  -1.25471  -1.11932  -0.00029  -0.11943   0.09689
  -0.38163  -0.74340  -0.96557   0.00007  -0.08588   0.05023
  -0.39029  -0.01996  -0.85815  -0.00042  -0.06184  -0.01559
  -0.39703   0.70903  -0.94128  -0.00064  -0.07954  -0.08161
  -0.38464   1.46772  -1.14835   0.00036  -0.12676  -0.15349
  -0.35824   2.39949  -1.41190   0.00201  -0.18253  -0.25812
  -0.32225   3.36494  -1.60569   0.00311  -0.22644  -0.36889
  -0.28137   4.88830  -1.92489   0.00517  -0.29366  -0.54282
  -0.25026   5.67531  -2.11291   0.00721  -0.33005  -0.62664
  -0.21326   6.45853  -2.29827   0.00871  -0.37510  -0.70796
  -0.37661  -1.25026  -1.13394  -0.00018  -0.12075   0.09744
  -0.37162  -0.73065  -0.96977   0.00017  -0.08611   0.04930
  -0.38026  -0.01328  -0.85155  -0.00047  -0.06213  -0.01616
  -0.39194   0.72608  -0.95449  -0.00079  -0.08282  -0.08322
  -0.37844   1.49449  -1.17006   0.00035  -0.13072  -0.15660
  -0.34837   2.39282  -1.40405   0.00170  -0.18301  -0.25814
  -0.31314   3.39171  -1.62273   0.00269  -0.23042  -0.37274
  -0.26975   4.94138  -1.95008   0.00514  -0.29760  -0.54932
  -0.23548   5.63363  -2.11494   0.00621  -0.33242  -0.62238
  -0.20074   6.44312  -2.32510   0.00831  -0.38189  -0.70573
  -0.39319  -1.18335  -1.06992   0.00072  -0.10352   0.08822
  -0.39093  -0.67978  -0.90097   0.00458  -0.06847   0.04693
  -0.39476   0.02670  -0.81112  -0.00042  -0.04374  -0.01054
  -0.39280   0.75323  -0.92537  -0.00346  -0.07304  -0.06861
  -0.40089   1.48797  -1.12457   0.00731  -0.12038  -0.13539
  -0.39752   2.39586  -1.35167   0.00097  -0.16942  -0.23110
  -0.38546   3.43907  -1.57360   0.00292  -0.21745  -0.34888
  -0.37200   5.00819  -1.81908   0.00407  -0.26833  -0.52443
  -0.36285   5.80905  -2.02462   0.00943  -0.30307  -0.61278
  -0.33521   6.57376  -2.18905   0.01525  -0.32822  -0.68976
  -0.43424  -1.22319  -1.18386  -0.00123  -0.11759   0.10471
  -0.43643  -0.68468  -1.03593  -0.00134  -0.08218   0.05999
  -0.43854   0.04679  -0.94879  -0.00326  -0.05827  -0.00383
  -0.44346   0.81087  -1.04200  -0.00618  -0.08401  -0.06743
  -0.44786   1.62871  -1.28277  -0.00705  -0.13702  -0.14148
  -0.44639   2.55173  -1.54357   0.00013  -0.19504  -0.24178
  -0.43998   3.62426  -1.78386  -0.00113  -0.24322  -0.36182
  -0.42423   5.19582  -2.09109   0.00159  -0.30863  -0.53711
  -0.41440   6.03030  -2.26881   0.00347  -0.34037  -0.62371
  -0.39906   6.79840  -2.40474   0.00162  -0.37547  -0.69497
  -0.55968  -1.27777  -1.22750  -0.00261  -0.11599   0.11147
  -0.55414  -0.75421  -1.04608   0.00029  -0.08012   0.06634
  -0.54917   0.03006  -0.93647   0.00290  -0.05170  -0.00355
  -0.54939   0.80352  -1.06283  -0.00053  -0.07693  -0.06909
  -0.55667   1.63434  -1.36898  -0.00011  -0.14277  -0.14558
  -0.54757   2.60320  -1.65010   0.00636  -0.19743  -0.25536
  -0.55497   3.70111  -1.98760   0.01099  -0.25235  -0.38455
  -0.57083   5.30587  -2.42361   0.00973  -0.33495  -0.56023
  -0.54549   6.11004  -2.44315   0.00175  -0.36590  -0.63246
  -0.52331   6.91743  -2.32385  -0.01297  -0.39780  -0.68979
  -0.88107  -1.37914  -1.29759  -0.00133  -0.12681   0.12167
  -0.88304  -0.82130  -1.12465  -0.00094  -0.08989   0.06950
  -0.87031   0.01945  -1.01231  -0.00170  -0.06841  -0.00696
  -0.88173   0.83890  -1.12995  -0.00203  -0.09609  -0.07740
  -0.88636   1.71244  -1.43090   0.00252  -0.15958  -0.16189
  -0.88946   2.72595  -1.73144   0.00320  -0.23837  -0.27729
  -0.87823   3.85141  -2.02911   0.00739  -0.29787  -0.41470
  -0.87200   5.54852  -2.42891   0.01164  -0.38190  -0.61261
  -0.86591   6.43146  -2.63360   0.00828  -0.43489  -0.68685
  -0.85315   7.31908  -2.79627  -0.00048  -0.49161  -0.73883
  -0.36531  -1.83399  -2.91251   0.00325  -0.30396   0.21938
  -0.37662  -1.11346  -2.75114   0.00322  -0.26984   0.12557
  -0.39034  -0.01672  -2.67907   0.00182  -0.25118  -0.01991
  -0.39225   1.04055  -2.71152  -0.00005  -0.26165  -0.15831
  -0.35773   2.11890  -2.94477  -0.00043  -0.31390  -0.29372
  -0.33075   3.16999  -3.34082   0.00176  -0.39392  -0.42834
  -0.29547   4.18946  -3.90560   0.00433  -0.51458  -0.54345
  -0.23278   5.54009  -4.77582   0.00514  -0.70467  -0.69262
  -0.18609   6.29022  -5.21467   0.00877  -0.80136  -0.78052
  -0.15165   6.97390  -5.53346   0.01032  -0.88622  -0.85980
  -0.35354  -1.83277  -2.92445   0.00293  -0.30587   0.22241
  -0.36791  -1.11954  -2.78346   0.00307  -0.27543   0.12964
  -0.38183  -0.02240  -2.67917   0.00151  -0.25286  -0.01690
  -0.38074   1.04387  -2.73499  -0.00035  -0.26643  -0.15748
  -0.35497   2.12218  -2.97364  -0.00091  -0.31761  -0.29429
  -0.32253   3.20415  -3.38659   0.00153  -0.40006  -0.43393
  -0.28847   4.20821  -3.93864   0.00314  -0.51934  -0.54717
  -0.22977   5.53897  -4.79831   0.00576  -0.70387  -0.69051
  -0.19840   6.27151  -5.27095   0.00842  -0.80293  -0.77037
  -0.15544   7.02406  -5.69241   0.01114  -0.90326  -0.85249
  -0.35060  -1.84603  -2.95659   0.00303  -0.31046   0.22600
  -0.36410  -1.11079  -2.80506   0.00295  -0.27930   0.12929
  -0.37487  -0.01453  -2.70772   0.00152  -0.25806  -0.01818
  -0.37360   1.06287  -2.78115  -0.00025  -0.27422  -0.16090
  -0.35768   2.16304  -3.03770  -0.00134  -0.32642  -0.30085
  -0.32039   3.21271  -3.40670   0.00131  -0.40308  -0.43674
  -0.28541   4.22393  -3.97167   0.00294  -0.52438  -0.55180
  -0.23264   5.62869  -4.91452   0.00552  -0.72130  -0.70376
  -0.19701   6.27841  -5.31862   0.00904  -0.81331  -0.77295
  -0.15536   6.97249  -5.72628   0.01067  -0.90700  -0.84738
  -0.36162  -1.75648  -2.79389   0.00159  -0.27438   0.20781
  -0.37521  -1.03885  -2.66203   0.00097  -0.23496   0.11641
  -0.37200   0.03162  -2.63236  -0.00222  -0.22033  -0.01581
  -0.37402   1.07747  -2.73844  -0.00624  -0.24133  -0.14984
  -0.35882   2.16855  -2.93213  -0.00268  -0.29117  -0.28082
  -0.34512   3.20729  -3.37523  -0.00247  -0.38053  -0.40078
  -0.33761   4.17527  -3.95794   0.00243  -0.51645  -0.50715
  -0.29411   5.52244  -4.73396   0.00518  -0.68510  -0.64702
  -0.26175   6.23670  -5.08556   0.00850  -0.76288  -0.72180
  -0.23068   6.96298  -5.40798   0.01359  -0.83257  -0.80039
  -0.39123  -1.82461  -3.08221  -0.00008  -0.31282   0.22825
  -0.40051  -1.09598  -2.92801  -0.00233  -0.27813   0.13533
  -0.40974   0.04976  -2.87871  -0.00517  -0.25577  -0.00928
  -0.40870   1.17577  -2.92365  -0.00555  -0.27407  -0.15672
  -0.40629   2.29034  -3.19333  -0.00274  -0.33091  -0.29452
  -0.39035   3.36482  -3.66145  -0.00069  -0.42313  -0.42612
  -0.38798   4.38856  -4.27931   0.00477  -0.55974  -0.54200
  -0.33501   5.72535  -5.11342   0.00646  -0.75933  -0.67785
  -0.31775   6.43382  -5.50566   0.00657  -0.84511  -0.74844
  -0.30691   7.11497  -5.78284   0.00232  -0.90824  -0.80394
  -0.52323  -2.00719  -3.26099   0.00880  -0.32550   0.24528
  -0.52842  -1.20660  -3.09071   0.01165  -0.28889   0.13583
  -0.53204   0.03121  -2.99726   0.01068  -0.25867  -0.02262
  -0.53795   1.21168  -3.08480   0.00626  -0.27508  -0.18705
  -0.53574   2.36731  -3.39437   0.00730  -0.33875  -0.33964
  -0.53606   3.41569  -3.92998   0.01515  -0.43749  -0.47436
  -0.52775   4.44637  -4.65719   0.03060  -0.57179  -0.61712
  -0.50676   5.81554  -5.59237   0.03645  -0.78070  -0.76749
  -0.48810   6.56533  -5.87228   0.02573  -0.86048  -0.82577
  -0.46228   7.33907  -6.05875   0.01026  -0.92177  -0.87287
  -0.86086  -2.03319  -3.43767   0.00501  -0.37425   0.27305
  -0.87077  -1.19283  -3.26777   0.00377  -0.32712   0.15407
  -0.88484   0.09049  -3.17186   0.00286  -0.29433  -0.02465
  -0.88544   1.35040  -3.26372  -0.00089  -0.32015  -0.20258
  -0.86142   2.58881  -3.56257   0.00343  -0.39379  -0.37843
  -0.85972   3.77458  -4.06096   0.00821  -0.52112  -0.54246
  -0.86200   4.86821  -4.76400   0.01115  -0.71162  -0.66657
  -0.85600   6.23427  -5.82362   0.01112  -0.96995  -0.77370
  -0.85200   7.04786  -6.27553   0.01202  -1.06007  -0.83337
  -0.84794   7.97427  -6.59531   0.01133  -1.11610  -0.89873
  -0.41539  -1.10861  -0.02853  -0.02658  -0.00103   0.07242
  -0.42361  -0.61091  -0.01878  -0.02509  -0.00001   0.02540
  -0.42104   0.02429  -0.01912  -0.02360   0.00005  -0.02301
  -0.42690   0.61949  -0.01138  -0.02495   0.00044  -0.06665
  -0.42060   1.35496  -0.02364  -0.02757  -0.00259  -0.13696
  -0.40799   2.26831  -0.02441  -0.02949  -0.00296  -0.23524
  -0.37793   3.27444  -0.00714  -0.03111   0.00000  -0.35119
  -0.31549   4.78367  -0.01526  -0.03255   0.00021  -0.51673
  -0.26661   5.59462  -0.02187  -0.03237  -0.00424  -0.61092
  -0.23521   6.38189  -0.01931  -0.03239  -0.00626  -0.69861
  -0.41599  -1.10746  -0.01767  -0.02669  -0.00034   0.07398
  -0.41369  -0.60272  -0.01879  -0.02483  -0.00087   0.02651
  -0.42685   0.01502  -0.01315  -0.02370  -0.00060  -0.02063
  -0.42903   0.61263  -0.01640  -0.02519  -0.00049  -0.06472
  -0.41525   1.35581  -0.01973  -0.02750  -0.00178  -0.13611
  -0.40270   2.26393  -0.00615  -0.02934  -0.00118  -0.23441
  -0.37771   3.30314  -0.00504  -0.03073  -0.00098  -0.35291
  -0.30738   4.75851   0.00494  -0.03179   0.00196  -0.51202
  -0.26965   5.50768  -0.00378  -0.03126  -0.00245  -0.59772
  -0.23464   6.31974  -0.00511  -0.03155  -0.00354  -0.68547
  -0.41398  -1.11518  -0.01767  -0.02666  -0.00056   0.07492
  -0.40994  -0.59759  -0.01828  -0.02473  -0.00148   0.02632
  -0.41454   0.02106  -0.01867  -0.02336  -0.00182  -0.02135
  -0.42368   0.60332  -0.01380  -0.02466  -0.00205  -0.06406
  -0.41292   1.36623  -0.01144  -0.02738  -0.00192  -0.13777
  -0.39991   2.26701  -0.00841  -0.02918  -0.00220  -0.23534
  -0.37605   3.30969  -0.00052  -0.03061  -0.00177  -0.35452
  -0.30634   4.78250   0.00738  -0.03180   0.00187  -0.51484
  -0.26970   5.57535  -0.02363  -0.03199  -0.00694  -0.60495
  -0.23423   6.35301  -0.01165  -0.03168  -0.00700  -0.68869
  -0.42408  -1.10040  -0.01512  -0.02056   0.00195   0.08269
  -0.40866  -0.61656   0.01872  -0.02477  -0.00197   0.04046
  -0.40863   0.01081   0.00547  -0.02153   0.00213  -0.00325
  -0.41462   0.61998  -0.00062  -0.02082   0.00550  -0.04209
  -0.42631   1.38331   0.02779  -0.02304   0.00770  -0.11114
  -0.42642   2.32633   0.01418  -0.03125   0.00720  -0.20968
  -0.41393   3.40563  -0.00139  -0.03223   0.00895  -0.32976
  -0.37981   4.96260   0.03062  -0.03263   0.00736  -0.50149
  -0.36403   5.77487  -0.01145  -0.03019   0.01656  -0.58962
  -0.32601   6.55904  -0.00435  -0.03656   0.00541  -0.67119
  -0.44493  -1.13648  -0.04937  -0.02366  -0.01009   0.08360
  -0.44629  -0.64426  -0.05707  -0.02473  -0.00816   0.03744
  -0.44567   0.02360  -0.05989  -0.01864  -0.00637  -0.00478
  -0.45598   0.63415  -0.02872  -0.02300  -0.00932  -0.04422
  -0.46282   1.41602  -0.01509  -0.02325  -0.00934  -0.11888
  -0.46619   2.37250  -0.03256  -0.02881  -0.00904  -0.21975
  -0.46291   3.48535  -0.03474  -0.02985  -0.00562  -0.34155
  -0.45750   5.06548  -0.04385  -0.02549  -0.00987  -0.51835
  -0.44234   5.89188  -0.02517  -0.02674  -0.00289  -0.60426
  -0.42020   6.66472   0.01361  -0.02491   0.00527  -0.68150
  -0.56655  -1.18669  -0.01507  -0.02662   0.00210   0.08816
  -0.55486  -0.65390   0.00433  -0.02463   0.00131   0.03981
  -0.54835  -0.00507  -0.02345  -0.02483  -0.00368  -0.00335
  -0.55615   0.62097  -0.04091  -0.02325  -0.01045  -0.04441
  -0.56528   1.43518  -0.07288  -0.02628  -0.01707  -0.12278
  -0.57378   2.43114  -0.06509  -0.03187  -0.00947  -0.22666
  -0.58374   3.54990  -0.08289  -0.03451  -0.00332  -0.35085
  -0.59565   5.15795   0.00640  -0.03053   0.00265  -0.51884
  -0.59031   6.02378  -0.10910  -0.03427   0.01260  -0.60376
  -0.57640   6.85565  -0.30933  -0.03876   0.01187  -0.67256
  -0.87045  -1.22941   0.02020  -0.02888   0.01142   0.09044
  -0.87098  -0.67096   0.02263  -0.02535   0.00919   0.03988
  -0.86842   0.01965   0.01030  -0.02583   0.00658  -0.00776
  -0.88731   0.69101  -0.00216  -0.02605   0.00208  -0.05625
  -0.89510   1.55640  -0.01056  -0.03062  -0.00322  -0.13928
  -0.92010   2.58725  -0.02010  -0.03557  -0.00537  -0.24934
  -0.93094   3.76792  -0.01557  -0.03757   0.00074  -0.38993
  -0.91058   5.47360   0.00151  -0.03598   0.00039  -0.58926
  -0.89866   6.35200   0.01295  -0.03531   0.00558  -0.66678
  -0.88127   7.23006   0.05070  -0.03329   0.01560  -0.72223
  -0.40509  -1.24586  -1.09970  -0.02572  -0.11480   0.09947
  -0.40576  -0.73370  -0.96709  -0.02508  -0.08792   0.04915
  -0.42237   0.00204  -0.87770  -0.02544  -0.07069  -0.02341
  -0.43199   0.73755  -0.94646  -0.02582  -0.08645  -0.09150
  -0.40998   1.50453  -1.16439  -0.02587  -0.13096  -0.16434
  -0.39685   2.39263  -1.39229  -0.02732  -0.17940  -0.26323
  -0.36605   3.41811  -1.60528  -0.02747  -0.22349  -0.37793
  -0.32390   4.90975  -1.91456  -0.02719  -0.29438  -0.54995
  -0.28080   5.66810  -2.08295  -0.02459  -0.32862  -0.63377
  -0.25653   6.50481  -2.25250  -0.02398  -0.36794  -0.72319
  -0.42269  -1.27561  -1.13843  -0.02660  -0.12047   0.10511
  -0.42425  -0.75568  -0.99407  -0.02585  -0.09240   0.05302
  -0.42331   0.01185  -0.88519  -0.02612  -0.07362  -0.02255
  -0.42998   0.72833  -0.96210  -0.02647  -0.08988  -0.08908
  -0.41763   1.50324  -1.16753  -0.02668  -0.13210  -0.16347
  -0.39481   2.42420  -1.41915  -0.02799  -0.18351  -0.26678
  -0.36167   3.43011  -1.62300  -0.02847  -0.22740  -0.37924
  -0.31573   4.86584  -1.91173  -0.02737  -0.29359  -0.54350
  -0.28687   5.70425  -2.12205  -0.02500  -0.33460  -0.63204
  -0.25135   6.47172  -2.31127  -0.02356  -0.37419  -0.70762
  -0.41697  -1.27132  -1.14951  -0.02640  -0.12197   0.10516
  -0.41594  -0.75025  -1.00078  -0.02556  -0.09330   0.05304
  -0.41883   0.00321  -0.89040  -0.02595  -0.07450  -0.02142
  -0.43047   0.73781  -0.98050  -0.02697  -0.09392  -0.09039
  -0.41571   1.50885  -1.17846  -0.02699  -0.13413  -0.16505
  -0.38735   2.40285  -1.40468  -0.02776  -0.18314  -0.26528
  -0.35529   3.41994  -1.63018  -0.02841  -0.23022  -0.37899
  -0.31313   4.91685  -1.95609  -0.02740  -0.30022  -0.54961
  -0.28011   5.67459  -2.15472  -0.02519  -0.34013  -0.62944
  -0.24449   6.41126  -2.32675  -0.02373  -0.37832  -0.70105
  -0.42389  -1.20441  -1.03698  -0.02680  -0.09956   0.10327
  -0.42129  -0.68821  -0.90751  -0.02376  -0.07162   0.05589
  -0.42371   0.03301  -0.85087  -0.02396  -0.05425  -0.00952
  -0.42368   0.73772  -0.97309  -0.02855  -0.08645  -0.06859
  -0.42532   1.51849  -1.10908  -0.02558  -0.12876  -0.13986
  -0.42962   2.45293  -1.35793  -0.02133  -0.17469  -0.23774
  -0.41791   3.47715  -1.57447  -0.02783  -0.21511  -0.35104
  -0.39299   5.03950  -1.84482  -0.02412  -0.27410  -0.52527
  -0.36135   5.83527  -2.02875  -0.02380  -0.31302  -0.60734
  -0.33928   6.60349  -2.20973  -0.01490  -0.34354  -0.68386
  -0.52359  -1.25106  -1.18345  -0.02652  -0.11254   0.10897
  -0.48431  -0.73898  -1.03957  -0.02508  -0.08485   0.06055
  -0.47224   0.04519  -0.95002  -0.02725  -0.06479  -0.01254
  -0.47865   0.77776  -1.03783  -0.02629  -0.08879  -0.07339
  -0.48785   1.57947  -1.26410  -0.02768  -0.13378  -0.14387
  -0.48398   2.50425  -1.47374  -0.02816  -0.17846  -0.24515
  -0.48582   3.56628  -1.70180  -0.02658  -0.22546  -0.36059
  -0.48583   5.18570  -2.03963  -0.02745  -0.29551  -0.54046
  -0.47540   6.01157  -2.21688  -0.02941  -0.32923  -0.62495
  -0.45878   6.78985  -2.34010  -0.02945  -0.36138  -0.69599
  -0.58112  -1.29617  -1.19947  -0.02318  -0.11497   0.11272
  -0.57496  -0.77186  -1.02226  -0.02079  -0.08057   0.06256
  -0.55937   0.03238  -0.90601  -0.02026  -0.06044  -0.01510
  -0.56029   0.79108  -1.03577  -0.02426  -0.08005  -0.07891
  -0.57729   1.60569  -1.32513  -0.02272  -0.13633  -0.15446
  -0.57941   2.54883  -1.57132  -0.02120  -0.18832  -0.25553
  -0.60070   3.62322  -1.86114  -0.01994  -0.23792  -0.37843
  -0.61763   5.21973  -2.20934  -0.02188  -0.31004  -0.54768
  -0.60777   6.01576  -2.34786  -0.02278  -0.34508  -0.61832
  -0.58966   6.79581  -2.52436  -0.02209  -0.38424  -0.67829
  -0.94350  -1.40708  -1.23895  -0.02467  -0.11408   0.12519
  -0.91880  -0.82361  -1.07180  -0.02694  -0.08371   0.06421
  -0.88888   0.02457  -0.96703  -0.02464  -0.06305  -0.01979
  -0.88994   0.83127  -1.07230  -0.02535  -0.08262  -0.08820
  -0.89650   1.68021  -1.33857  -0.02459  -0.13737  -0.16789
  -0.90044   2.66789  -1.58910  -0.02724  -0.19896  -0.27721
  -0.91152   3.78973  -1.86565  -0.02673  -0.25970  -0.40941
  -0.91224   5.47760  -2.23630  -0.02488  -0.34712  -0.60626
  -0.90771   6.32899  -2.43134  -0.02647  -0.39973  -0.68496
  -0.89602   7.17695  -2.67745  -0.02678  -0.45474  -0.74641
  -0.38859  -1.79897  -2.89324  -0.02635  -0.30359   0.21014
  -0.39993  -1.08617  -2.75457  -0.02644  -0.27515   0.11758
  -0.41873   0.00687  -2.68575  -0.02793  -0.25820  -0.02612
  -0.41841   1.07740  -2.74774  -0.02916  -0.27205  -0.16554
  -0.39282   2.12518  -2.95232  -0.02959  -0.31884  -0.29574
  -0.36085   3.18916  -3.36906  -0.02782  -0.39993  -0.42954
  -0.32086   4.17640  -3.89755  -0.02582  -0.51601  -0.53996
  -0.25934   5.50162  -4.73711  -0.02604  -0.69975  -0.68430
  -0.21090   6.23125  -5.16964  -0.02240  -0.79063  -0.76449
  -0.18075   6.98715  -5.55407  -0.02048  -0.88878  -0.85383
  -0.38945  -1.81711  -2.92406  -0.02697  -0.30785   0.21630
  -0.40179  -1.09431  -2.78733  -0.02690  -0.28029   0.12193
  -0.41846  -0.00088  -2.71845  -0.02843  -0.26328  -0.02349
  -0.41743   1.04331  -2.76060  -0.02975  -0.27519  -0.16030
  -0.39262   2.15149  -3.00758  -0.03031  -0.32588  -0.29888
  -0.35484   3.16995  -3.37025  -0.02814  -0.39938  -0.42738
  -0.32137   4.20103  -3.94793  -0.02725  -0.52298  -0.54415
  -0.26267   5.53091  -4.79203  -0.02558  -0.70320  -0.68358
  -0.22625   6.22516  -5.23993  -0.02323  -0.79599  -0.75367
  -0.18367   6.97944  -5.67740  -0.02038  -0.89975  -0.83820
  -0.38626  -1.81859  -2.97239  -0.02713  -0.31462   0.21757
  -0.39839  -1.08813  -2.82094  -0.02699  -0.28477   0.12188
  -0.41517   0.00816  -2.73445  -0.02852  -0.26594  -0.02481
  -0.41374   1.06120  -2.80140  -0.03018  -0.28254  -0.16258
  -0.38378   2.12990  -2.99593  -0.03018  -0.32618  -0.29657
  -0.34844   3.18861  -3.37862  -0.02812  -0.40278  -0.43099
  -0.31612   4.20858  -3.96423  -0.02745  -0.52637  -0.54757
  -0.26266   5.60019  -4.88116  -0.02579  -0.71627  -0.69459
  -0.22354   6.20415  -5.26339  -0.02345  -0.79990  -0.75256
  -0.18101   6.94531  -5.70992  -0.01998  -0.90371  -0.83507
  -0.39252  -1.70945  -2.88239  -0.02136  -0.28707   0.20798
  -0.40598  -1.02315  -2.72232  -0.01672  -0.25050   0.11620
  -0.40953   0.10767  -2.67170  -0.02337  -0.23695  -0.02169
  -0.40569   1.19706  -2.80614  -0.02703  -0.26158  -0.15683
  -0.38987   2.23793  -2.98828  -0.02487  -0.30673  -0.28196
  -0.37678   3.25757  -3.43260  -0.01899  -0.39049  -0.39826
  -0.37744   4.22366  -4.05744  -0.01839  -0.53234  -0.50234
  -0.31582   5.55114  -4.74183  -0.02105  -0.68635  -0.63469
  -0.28783   6.27999  -5.07086  -0.01759  -0.76296  -0.71102
  -0.25743   6.99991  -5.41200  -0.00810  -0.83802  -0.79012
  -0.44374  -1.82904  -3.10372  -0.02654  -0.30554   0.22103
  -0.45392  -1.05584  -2.93423  -0.02583  -0.26925   0.12570
  -0.46094   0.03631  -2.87648  -0.03059  -0.25307  -0.01379
  -0.45148   1.19328  -2.92299  -0.03063  -0.26895  -0.15709
  -0.44799   2.25847  -3.16303  -0.03203  -0.32165  -0.28924
  -0.44801   3.31944  -3.59098  -0.02683  -0.40955  -0.41124
  -0.44246   4.33834  -4.20225  -0.02476  -0.54003  -0.52663
  -0.40799   5.65378  -5.05312  -0.02708  -0.73582  -0.65849
  -0.38632   6.35158  -5.45837  -0.02421  -0.82485  -0.72975
  -0.36274   7.07808  -5.79599  -0.02261  -0.90781  -0.80289
  -0.54297  -1.91255  -3.19646  -0.01532  -0.32078   0.22074
  -0.54262  -1.11755  -3.04487  -0.01425  -0.28333   0.11876
  -0.52549   0.11312  -2.95801  -0.01840  -0.25772  -0.03422
  -0.52099   1.29102  -3.06774  -0.02089  -0.28170  -0.19191
  -0.51797   2.43120  -3.34952  -0.02325  -0.34724  -0.32256
  -0.52281   3.49672  -3.81719  -0.02300  -0.46245  -0.43308
  -0.52737   4.54077  -4.42971  -0.02203  -0.61061  -0.54817
  -0.50862   6.07473  -4.88614  -0.03485  -0.79952  -0.69754
  -0.50702   6.85659  -5.05079  -0.04097  -0.86289  -0.77461
  -0.50412   7.67996  -5.15571  -0.04541  -0.90529  -0.85633
  -0.84211  -1.91047  -3.27137  -0.02460  -0.33670   0.24343
  -0.83875  -1.08322  -3.11270  -0.02547  -0.29935   0.12518
  -0.83234   0.16272  -3.02934  -0.02608  -0.27620  -0.04928
  -0.81174   1.39013  -3.12836  -0.02429  -0.29941  -0.22116
  -0.80518   2.57664  -3.43324  -0.01979  -0.37173  -0.38141
  -0.81615   3.68880  -3.92915  -0.01886  -0.49898  -0.51932
  -0.83193   4.74041  -4.64428  -0.01781  -0.68826  -0.64274
  -0.83254   6.10828  -5.77681  -0.00904  -0.94804  -0.77851
  -0.83174   6.93187  -6.07299  -0.01227  -1.02560  -0.83808
  -0.83001   7.85760  -6.12244  -0.02307  -1.06343  -0.89190
  -0.52045  -1.17059  -0.01620  -0.05561  -0.00433   0.09573
  -0.52317  -0.63395  -0.01058  -0.05375  -0.00209   0.03893
  -0.52390   0.02912  -0.00865  -0.05211   0.00093  -0.02349
  -0.53650   0.65580   0.00877  -0.05393   0.00555  -0.08271
  -0.52718   1.40893   0.00604  -0.05625   0.00668  -0.16149
  -0.51439   2.32677   0.01086  -0.05870   0.00588  -0.26209
  -0.49604   3.34951   0.01155  -0.06187   0.00651  -0.37506
  -0.43139   4.79361   0.03235  -0.06401   0.01434  -0.52755
  -0.38408   5.60905   0.05513  -0.06389   0.01700  -0.61898
  -0.35058   6.32181   0.07262  -0.06235   0.01888  -0.69429
  -0.51531  -1.14496  -0.01995  -0.05499  -0.00530   0.09516
  -0.52484  -0.63908  -0.00990  -0.05377  -0.00295   0.04139
  -0.53025   0.01175  -0.00548  -0.05190   0.00016  -0.02031
  -0.54099   0.64852   0.00582  -0.05425   0.00527  -0.08040
  -0.52569   1.42185   0.00309  -0.05672   0.00736  -0.16159
  -0.51509   2.33951   0.01378  -0.05932   0.00649  -0.26301
  -0.49092   3.33776   0.01890  -0.06135   0.00645  -0.37292
  -0.42733   4.78959   0.05311  -0.06362   0.01617  -0.52460
  -0.39410   5.58574   0.04713  -0.06354   0.01444  -0.61183
  -0.35954   6.33804   0.05513  -0.06212   0.01519  -0.68792
  -0.51394  -1.16080  -0.01782  -0.05555  -0.00519   0.09688
  -0.51810  -0.64781  -0.01717  -0.05385  -0.00397   0.04225
  -0.51705   0.01416  -0.00215  -0.05174  -0.00033  -0.02051
  -0.52737   0.64501   0.00450  -0.05388   0.00385  -0.08009
  -0.51323   1.39946   0.01007  -0.05614   0.00666  -0.15982
  -0.50420   2.32650   0.01087  -0.05895   0.00483  -0.26192
  -0.48492   3.33247   0.02913  -0.06102   0.00632  -0.37307
  -0.42235   4.79684   0.04670  -0.06369   0.01440  -0.52558
  -0.38776   5.58867   0.03262  -0.06396   0.01078  -0.61152
  -0.35500   6.34779   0.04532  -0.06233   0.01134  -0.68801
  -0.50521  -1.15453  -0.01018  -0.05486   0.01578   0.10259
  -0.49582  -0.65934   0.03107  -0.05682   0.01250   0.05338
  -0.50091   0.03150   0.00436  -0.04524   0.00187  -0.00725
  -0.51571   0.67058  -0.01473  -0.04917   0.00774  -0.06474
  -0.51738   1.46364   0.05022  -0.05654   0.00347  -0.14665
  -0.52894   2.42899   0.01651  -0.05455   0.01249  -0.24464
  -0.51946   3.43616   0.00030  -0.05857   0.01392  -0.36058
  -0.49232   4.98847   0.02432  -0.06269   0.00519  -0.52045
  -0.46521   5.77751   0.04021  -0.06190  -0.00102  -0.60289
  -0.43443   6.56007   0.02436  -0.06301  -0.00470  -0.67758
  -0.54064  -1.17880  -0.05789  -0.05272  -0.01237   0.10974
  -0.53385  -0.65666  -0.06465  -0.05300  -0.01081   0.05584
  -0.52997   0.03233  -0.05298  -0.04948  -0.00669  -0.00623
  -0.54463   0.69541  -0.03313  -0.05124  -0.00725  -0.06687
  -0.55349   1.49858  -0.01059  -0.05286  -0.00128  -0.14956
  -0.56878   2.44608  -0.03600  -0.05856  -0.00417  -0.25232
  -0.56802   3.52199  -0.04137  -0.06110   0.00262  -0.36594
  -0.54954   5.08726  -0.00302  -0.05967   0.00599  -0.52691
  -0.53851   5.86891   0.00072  -0.05781   0.01138  -0.60517
  -0.51968   6.62068   0.04718  -0.05385   0.02219  -0.66583
  -0.66521  -1.22724  -0.03863  -0.05512   0.00007   0.11597
  -0.64992  -0.68175  -0.01881  -0.05465   0.00362   0.05934
  -0.64820   0.00582  -0.04812  -0.05281  -0.00308  -0.00236
  -0.66314   0.68260  -0.07363  -0.05586  -0.01003  -0.06672
  -0.67317   1.53148  -0.09082  -0.05759  -0.00880  -0.15445
  -0.69365   2.50631  -0.05579  -0.06289  -0.00168  -0.25968
  -0.71775   3.61241  -0.05404  -0.06433   0.00111  -0.37795
  -0.72741   5.17364   0.11386  -0.05893   0.01561  -0.54378
  -0.71801   6.01037   0.14303  -0.05767   0.02807  -0.62191
  -0.70565   6.79059   0.11500  -0.05473   0.03454  -0.67699
  -0.99668  -1.28060  -0.03289  -0.05969   0.00071   0.11992
  -0.98997  -0.70394  -0.03181  -0.05686   0.00175   0.06045
  -0.98848   0.04354  -0.03128  -0.05629   0.00342  -0.01030
  -1.00660   0.75868  -0.03436  -0.05928   0.00629  -0.07922
  -1.02748   1.64164  -0.03436  -0.06540   0.01012  -0.17393
  -1.04821   2.67026  -0.03482  -0.07020   0.01366  -0.28520
  -1.07010   3.82756  -0.04318  -0.07207   0.01316  -0.41361
  -1.06245   5.50873  -0.03142  -0.07435   0.01907  -0.60241
  -1.04797   6.34722  -0.02450  -0.07339   0.02391  -0.67013
  -1.02353   7.16945   0.01904  -0.06933   0.03046  -0.71178
  -0.51315  -1.31257  -1.12848  -0.05427  -0.11959   0.12102
  -0.50527  -0.76209  -1.00144  -0.05337  -0.09922   0.06104
  -0.52039  -0.01380  -0.91721  -0.05384  -0.08695  -0.01740
  -0.53495   0.75589  -0.99864  -0.05437  -0.10512  -0.09680
  -0.51169   1.53709  -1.20115  -0.05467  -0.14717  -0.17723
  -0.49409   2.40388  -1.41210  -0.05688  -0.19174  -0.27226
  -0.46991   3.39748  -1.58777  -0.05769  -0.22344  -0.38073
  -0.43753   4.91235  -1.90065  -0.05917  -0.29187  -0.55176
  -0.40072   5.69507  -2.10196  -0.05676  -0.33603  -0.63760
  -0.37340   6.49637  -2.26209  -0.05579  -0.37401  -0.72665
  -0.52411  -1.31951  -1.14834  -0.05507  -0.12282   0.12426
  -0.52264  -0.76873  -1.00442  -0.05361  -0.10104   0.06379
  -0.53020  -0.00958  -0.93109  -0.05460  -0.09036  -0.01599
  -0.54293   0.74844  -1.01367  -0.05504  -0.10895  -0.09531
  -0.52168   1.52487  -1.20175  -0.05517  -0.14918  -0.17479
  -0.49665   2.41295  -1.42889  -0.05723  -0.19539  -0.27321
  -0.47236   3.44574  -1.63165  -0.05927  -0.23201  -0.38541
  -0.43594   4.88042  -1.89481  -0.05930  -0.29017  -0.54557
  -0.40999   5.67240  -2.10984  -0.05702  -0.33525  -0.62806
  -0.37653   6.48248  -2.30821  -0.05544  -0.37700  -0.71220
  -0.52343  -1.31611  -1.15622  -0.05522  -0.12423   0.12377
  -0.52983  -0.78571  -1.03506  -0.05442  -0.10477   0.06581
  -0.52412  -0.01371  -0.91839  -0.05422  -0.09022  -0.01564
  -0.53582   0.73944  -1.01065  -0.05516  -0.11104  -0.09472
  -0.52502   1.52263  -1.21579  -0.05556  -0.15211  -0.17527
  -0.49335   2.41063  -1.42468  -0.05729  -0.19563  -0.27353
  -0.46545   3.39501  -1.60952  -0.05873  -0.23032  -0.37985
  -0.43836   4.93495  -1.94736  -0.05996  -0.29861  -0.55181
  -0.40920   5.67231  -2.14608  -0.05733  -0.34181  -0.62887
  -0.37554   6.49752  -2.35561  -0.05570  -0.38571  -0.71335
  -0.53064  -1.25750  -1.07732  -0.05592  -0.09820   0.12504
  -0.53163  -0.73841  -0.94582  -0.05414  -0.08533   0.06973
  -0.52792   0.02941  -0.88128  -0.05280  -0.06709  -0.00601
  -0.52889   0.78074  -1.01633  -0.05562  -0.10258  -0.07894
  -0.54568   1.59127  -1.19655  -0.05596  -0.14503  -0.15861
  -0.53385   2.50967  -1.36183  -0.05993  -0.17533  -0.25849
  -0.52913   3.54481  -1.58316  -0.06052  -0.22012  -0.36352
  -0.50406   5.12064  -1.86697  -0.05718  -0.27230  -0.53194
  -0.47774   5.92086  -2.07196  -0.05347  -0.32023  -0.61673
  -0.44633   6.68476  -2.26355  -0.04990  -0.34924  -0.69367
  -0.70652  -1.28825  -1.23243  -0.05614  -0.11848   0.12852
  -0.64591  -0.76057  -1.11212  -0.05907  -0.09859   0.07517
  -0.62446   0.03065  -1.03368  -0.05874  -0.08493  -0.00579
  -0.61431   0.79098  -1.10284  -0.05906  -0.10856  -0.08129
  -0.60753   1.61107  -1.32848  -0.05794  -0.15423  -0.16350
  -0.59941   2.54473  -1.53209  -0.06039  -0.19377  -0.26379
  -0.59600   3.55898  -1.71568  -0.05951  -0.22783  -0.36518
  -0.59079   5.10940  -2.04400  -0.05953  -0.29062  -0.52903
  -0.57167   5.95493  -2.21225  -0.06007  -0.32945  -0.61427
  -0.54369   6.72353  -2.33219  -0.06132  -0.36445  -0.68191
  -0.68157  -1.31892  -1.21373  -0.05256  -0.11851   0.12977
  -0.67757  -0.76517  -1.06722  -0.05171  -0.09639   0.07183
  -0.65634   0.04359  -0.95796  -0.05163  -0.07535  -0.01182
  -0.66078   0.82761  -1.07074  -0.05448  -0.09638  -0.09214
  -0.67128   1.66307  -1.33652  -0.05499  -0.15117  -0.17685
  -0.68644   2.60988  -1.59593  -0.05528  -0.20220  -0.27415
  -0.70696   3.64748  -1.82081  -0.05824  -0.24749  -0.38027
  -0.73279   5.20936  -2.11872  -0.06014  -0.31796  -0.54439
  -0.71302   6.03765  -2.08861  -0.07079  -0.35909  -0.61944
  -0.67586   6.87473  -1.97755  -0.08319  -0.39811  -0.68318
  -1.03521  -1.38717  -1.23991  -0.05630  -0.10888   0.13809
  -1.02861  -0.78901  -1.14167  -0.05756  -0.09148   0.07080
  -1.02785   0.06176  -1.11402  -0.05778  -0.08695  -0.02036
  -1.04763   0.88669  -1.28536  -0.05911  -0.11350  -0.09957
  -1.06732   1.79208  -1.58847  -0.05975  -0.17305  -0.19684
  -1.08381   2.76309  -1.86541  -0.06079  -0.22935  -0.29913
  -1.11281   3.85727  -2.19220  -0.06216  -0.28601  -0.41677
  -1.15286   5.49081  -2.66646  -0.06037  -0.37758  -0.59303
  -1.09607   6.32367  -2.64547  -0.06159  -0.41514  -0.66512
  -1.00829   7.20903  -2.53527  -0.06401  -0.44775  -0.72308
  -0.49518  -1.81946  -2.92441  -0.05606  -0.31405   0.21886
  -0.51141  -1.09832  -2.81570  -0.05616  -0.29370   0.12495
  -0.52818  -0.00863  -2.75554  -0.05684  -0.28344  -0.02006
  -0.52317   1.05357  -2.79785  -0.05749  -0.29551  -0.15544
  -0.49736   2.09565  -3.00257  -0.05835  -0.33762  -0.28468
  -0.47013   3.13812  -3.38534  -0.05812  -0.41081  -0.41248
  -0.43106   4.12240  -3.90981  -0.05726  -0.52141  -0.52290
  -0.36773   5.46446  -4.75150  -0.05870  -0.70110  -0.66800
  -0.32299   6.21229  -5.17809  -0.05492  -0.79062  -0.75029
  -0.30831   6.95400  -5.55648  -0.05376  -0.88365  -0.83110
  -0.49663  -1.82021  -2.96074  -0.05698  -0.31985   0.22234
  -0.51502  -1.10353  -2.86893  -0.05710  -0.30079   0.12816
  -0.52828  -0.01148  -2.75668  -0.05744  -0.28486  -0.01882
  -0.52370   1.02753  -2.80794  -0.05809  -0.29792  -0.15135
  -0.49392   2.10415  -3.01605  -0.05881  -0.33997  -0.28408
  -0.47012   3.16784  -3.42986  -0.05885  -0.41612  -0.41711
  -0.43726   4.16265  -3.95943  -0.05930  -0.52856  -0.52872
  -0.37656   5.51577  -4.82352  -0.05811  -0.70616  -0.67085
  -0.33941   6.21984  -5.26041  -0.05580  -0.79636  -0.74204
  -0.30844   6.92935  -5.67845  -0.05354  -0.89189  -0.81516
  -0.49851  -1.84657  -3.00749  -0.05763  -0.32576   0.22734
  -0.50512  -1.10289  -2.85301  -0.05657  -0.29991   0.12923
  -0.52707   0.00506  -2.80180  -0.05778  -0.29053  -0.02121
  -0.51351   1.07894  -2.82856  -0.05810  -0.30367  -0.15816
  -0.49971   2.16589  -3.09315  -0.06014  -0.35007  -0.29336
  -0.46433   3.19528  -3.42916  -0.05888  -0.41758  -0.42197
  -0.43888   4.24622  -4.01900  -0.06006  -0.53706  -0.54179
  -0.37022   5.51333  -4.82893  -0.05773  -0.70613  -0.67229
  -0.33696   6.26718  -5.30959  -0.05460  -0.80619  -0.74795
  -0.30376   6.94077  -5.70971  -0.05285  -0.89670  -0.81688
  -0.51418  -1.72179  -2.86187  -0.05187  -0.29050   0.21190
  -0.52050  -1.01926  -2.75453  -0.04618  -0.26542   0.12197
  -0.51850   0.09563  -2.72941  -0.05011  -0.26135  -0.01749
  -0.52203   1.15906  -2.86405  -0.05812  -0.29198  -0.14899
  -0.49684   2.21745  -3.02521  -0.05535  -0.32661  -0.27985
  -0.48917   3.23978  -3.47148  -0.04743  -0.40733  -0.39251
  -0.49019   4.18957  -4.05719  -0.05456  -0.53156  -0.49108
  -0.44188   5.49140  -4.71303  -0.05042  -0.67948  -0.61784
  -0.40720   6.21845  -5.06462  -0.04723  -0.76226  -0.69757
  -0.38036   6.94393  -5.42847  -0.04228  -0.84274  -0.77628
  -0.53076  -1.79581  -3.10540  -0.05733  -0.31133   0.21726
  -0.53840  -1.04688  -2.99740  -0.05548  -0.29024   0.12304
  -0.51634   0.06984  -2.93548  -0.05584  -0.28130  -0.01808
  -0.50226   1.18876  -3.01125  -0.05595  -0.30842  -0.16013
  -0.49596   2.27656  -3.25902  -0.05777  -0.35221  -0.29145
  -0.47677   3.30310  -3.67365  -0.05724  -0.43218  -0.40640
  -0.50219   4.27472  -4.23942  -0.05520  -0.55881  -0.51172
  -0.49181   5.59400  -5.03493  -0.05115  -0.72957  -0.64203
  -0.47066   6.28953  -5.41108  -0.04830  -0.80846  -0.70981
  -0.44167   7.00525  -5.74723  -0.04647  -0.88883  -0.77975
  -0.65860  -1.89645  -3.15435  -0.05026  -0.31744   0.22058
  -0.65909  -1.09997  -3.02439  -0.04780  -0.28999   0.12148
  -0.63418   0.07042  -2.98108  -0.04986  -0.28290  -0.03090
  -0.62201   1.23928  -3.10985  -0.04923  -0.31099  -0.18959
  -0.61124   2.35638  -3.38810  -0.04899  -0.36563  -0.31696
  -0.62709   3.48750  -3.76429  -0.05985  -0.47497  -0.40042
  -0.65934   4.51578  -4.33067  -0.06542  -0.62509  -0.50474
  -0.64423   6.24569  -4.42219  -0.08326  -0.76030  -0.66518
  -0.64445   6.98849  -4.67715  -0.08516  -0.82585  -0.73936
  -0.64684   7.67480  -5.04212  -0.08152  -0.89013  -0.80925
  -0.96401  -1.96222  -3.26400  -0.06054  -0.33045   0.24939
  -0.95985  -1.14406  -3.12221  -0.06238  -0.30245   0.13465
  -0.94848   0.09373  -3.08077  -0.05919  -0.29620  -0.03506
  -0.92180   1.31896  -3.19684  -0.05679  -0.32850  -0.20479
  -0.92149   2.48681  -3.47275  -0.05722  -0.39874  -0.35615
  -0.92302   3.56871  -3.94299  -0.05630  -0.51042  -0.48186
  -0.94739   4.62345  -4.61211  -0.05697  -0.69238  -0.60030
  -0.95929   5.99194  -5.61635  -0.05253  -0.91729  -0.73256
  -0.95870   6.76451  -6.03396  -0.05191  -1.00354  -0.78666
  -0.95111   7.59776  -6.37976  -0.05320  -1.07401  -0.83328
