  -0.43310  -1.12827   0.51143   0.00210   0.21688   0.08100
  -0.43548  -0.62012   0.48874   0.00086   0.20594   0.03156
  -0.44435   0.00771   0.45341   0.00010   0.19312  -0.01959
  -0.45350   0.61222   0.48639  -0.00104   0.20501  -0.06748
  -0.44410   1.36733   0.52398  -0.00203   0.22117  -0.14121
  -0.43520   2.28243   0.58198  -0.00349   0.24098  -0.24103
  -0.40700   3.29215   0.62188  -0.00396   0.25691  -0.35809
  -0.34204   4.77802   0.66382  -0.00316   0.27254  -0.52434
  -0.29933   5.60395   0.69917  -0.00328   0.28571  -0.62080
  -0.26344   6.33369   0.70524  -0.00293   0.28924  -0.70230
  -0.42581  -1.13147   0.53383   0.00166   0.22008   0.08380
  -0.41895  -0.60784   0.49119   0.00061   0.20367   0.03245
  -0.42227   0.01320   0.46767  -0.00051   0.19401  -0.01870
  -0.43772   0.60858   0.49527  -0.00124   0.20546  -0.06609
  -0.42897   1.37004   0.55035  -0.00216   0.22472  -0.14071
  -0.41957   2.26365   0.59929  -0.00350   0.24228  -0.23905
  -0.39907   3.29773   0.65058  -0.00459   0.26038  -0.35755
  -0.33388   4.77894   0.71276  -0.00343   0.27965  -0.52233
  -0.29585   5.57804   0.72277  -0.00323   0.28651  -0.61325
  -0.26021   6.36655   0.73243  -0.00303   0.29318  -0.69850
  -0.41975  -1.12626   0.53566   0.00159   0.21928   0.08403
  -0.42555  -0.62661   0.50204   0.00054   0.20740   0.03441
  -0.42145   0.01144   0.46901  -0.00066   0.19431  -0.01834
  -0.42997   0.61814   0.50336  -0.00176   0.20533  -0.06713
  -0.42540   1.35781   0.56157  -0.00232   0.22514  -0.14041
  -0.41630   2.26669   0.60896  -0.00370   0.24389  -0.24014
  -0.39412   3.28875   0.65498  -0.00464   0.25985  -0.35749
  -0.32898   4.75107   0.70200  -0.00358   0.27877  -0.51900
  -0.29309   5.58841   0.71894  -0.00303   0.28664  -0.61500
  -0.25925   6.37068   0.73309  -0.00261   0.29246  -0.69778
  -0.42225  -1.09630   0.51628  -0.00132   0.20171   0.09183
  -0.40602  -0.61039   0.52957   0.00447   0.19761   0.04355
  -0.41146   0.01910   0.47421   0.00127   0.18028  -0.00111
  -0.41827   0.63770   0.48266  -0.00407   0.18567  -0.04844
  -0.42423   1.43750   0.55177  -0.00037   0.20796  -0.12548
  -0.41785   2.39120   0.62913   0.00089   0.22974  -0.22338
  -0.40910   3.42912   0.66572  -0.00036   0.24202  -0.33604
  -0.38866   5.00177   0.66035   0.00054   0.25601  -0.51128
  -0.36655   5.77112   0.65504  -0.00089   0.25549  -0.59750
  -0.33683   6.57759   0.63875   0.00237   0.25520  -0.67914
  -0.46522  -1.17672   0.46165   0.00006   0.20389   0.09357
  -0.46463  -0.67961   0.44522   0.00109   0.19154   0.04491
  -0.45992   0.00916   0.40012   0.00097   0.18580  -0.00455
  -0.47147   0.65425   0.46103   0.00121   0.19740  -0.05496
  -0.47545   1.45917   0.52471  -0.00489   0.21540  -0.13352
  -0.48926   2.42560   0.55269  -0.00372   0.23793  -0.23525
  -0.48954   3.48509   0.59684  -0.00382   0.25747  -0.34936
  -0.47019   5.06901   0.62258  -0.00491   0.26413  -0.52718
  -0.45929   5.91754   0.62037  -0.00613   0.27070  -0.61507
  -0.43986   6.67206   0.59547  -0.00499   0.26331  -0.67929
  -0.58066  -1.22164   0.55524   0.00263   0.23926   0.09960
  -0.57212  -0.67062   0.53148   0.00596   0.22530   0.04615
  -0.56984  -0.01540   0.49064   0.00328   0.20974  -0.00472
  -0.57664   0.65496   0.51946   0.00108   0.22486  -0.05900
  -0.58044   1.47974   0.54880  -0.00081   0.24231  -0.14286
  -0.60190   2.45123   0.60350   0.00102   0.26619  -0.24576
  -0.61827   3.57273   0.66552   0.00028   0.28997  -0.36502
  -0.62740   5.15170   0.77053  -0.00204   0.29524  -0.52998
  -0.62117   5.98149   0.69690   0.00109   0.29552  -0.60202
  -0.61116   6.83540   0.45495   0.00535   0.27394  -0.67162
  -0.89393  -1.27715   0.57590   0.00251   0.25425   0.09951
  -0.88773  -0.71468   0.56014   0.00205   0.24351   0.04698
  -0.88385   0.00162   0.52475   0.00232   0.22920  -0.00754
  -0.90078   0.70382   0.55507   0.00067   0.24264  -0.06387
  -0.91780   1.58441   0.58821   0.00040   0.26090  -0.15396
  -0.93426   2.61076   0.63187   0.00101   0.28459  -0.26629
  -0.94297   3.78786   0.66738  -0.00149   0.30433  -0.40577
  -0.92885   5.50598   0.68967  -0.00219   0.30343  -0.60187
  -0.90932   6.36687   0.66284  -0.00109   0.29451  -0.67290
  -0.88049   7.21641   0.64621  -0.00050   0.28042  -0.71893
  -0.41096  -1.23476  -0.60537   0.00144   0.09379   0.09128
  -0.41044  -0.73396  -0.47521   0.00042   0.11507   0.04535
  -0.41928  -0.02443  -0.37774  -0.00022   0.13236  -0.01229
  -0.43687   0.67486  -0.42951  -0.00055   0.12439  -0.06953
  -0.42198   1.46816  -0.62261  -0.00080   0.09437  -0.14542
  -0.38781   2.33273  -0.79304  -0.00091   0.06293  -0.24249
  -0.36598   3.38942  -0.96267   0.00019   0.03956  -0.36192
  -0.32126   4.86497  -1.22603   0.00266  -0.01358  -0.52818
  -0.28987   5.62784  -1.36678   0.00514  -0.03698  -0.61290
  -0.25754   6.42527  -1.52575   0.00563  -0.07350  -0.69774
  -0.40152  -1.23386  -0.58888   0.00107   0.09441   0.09321
  -0.40454  -0.73460  -0.47895   0.00016   0.11529   0.04690
  -0.40864  -0.02522  -0.37861  -0.00063   0.13048  -0.01092
  -0.41410   0.68109  -0.44366  -0.00089   0.12092  -0.06847
  -0.41177   1.47346  -0.62119  -0.00135   0.09351  -0.14511
  -0.38941   2.35327  -0.81486  -0.00119   0.06193  -0.24453
  -0.35132   3.36375  -0.97758  -0.00049   0.03510  -0.35808
  -0.31472   4.84223  -1.24899   0.00247  -0.01706  -0.52274
  -0.28077   5.60857  -1.41970   0.00527  -0.04765  -0.60544
  -0.24714   6.42078  -1.59188   0.00631  -0.08272  -0.68716
  -0.41213  -1.25817  -0.63544   0.00098   0.09232   0.09565
  -0.41199  -0.74511  -0.49986   0.00020   0.11316   0.04839
  -0.40903  -0.02093  -0.39536  -0.00075   0.12836  -0.01126
  -0.42279   0.68908  -0.46242  -0.00106   0.11950  -0.06951
  -0.41735   1.47151  -0.63543  -0.00146   0.09117  -0.14459
  -0.38062   2.35751  -0.81877  -0.00132   0.05911  -0.24552
  -0.34936   3.38071  -0.99314  -0.00058   0.03207  -0.36042
  -0.31085   4.86139  -1.28759   0.00253  -0.02199  -0.52554
  -0.28048   5.66718  -1.46737   0.00515  -0.05434  -0.61176
  -0.24390   6.43281  -1.63744   0.00637  -0.08992  -0.68870
  -0.40922  -1.24288  -0.58798   0.00129   0.08281   0.09833
  -0.40758  -0.71757  -0.48570   0.00512   0.10933   0.05709
  -0.40839   0.01231  -0.40106   0.00494   0.12523   0.00042
  -0.41261   0.71780  -0.51047   0.00180   0.10261  -0.05172
  -0.41621   1.48232  -0.64152   0.00070   0.07176  -0.12352
  -0.41098   2.38860  -0.81494  -0.00521   0.05458  -0.21604
  -0.39658   3.44062  -1.00402   0.00273   0.01912  -0.32864
  -0.36941   4.99745  -1.20649  -0.00376  -0.02200  -0.50158
  -0.35866   5.78726  -1.41595   0.00389  -0.05428  -0.58970
  -0.33243   6.55531  -1.60929   0.01532  -0.08431  -0.67047
  -0.41854  -1.19717  -0.67379  -0.00335   0.09044   0.09365
  -0.42170  -0.68545  -0.55125  -0.00286   0.10867   0.05250
  -0.41309   0.04642  -0.46267  -0.00083   0.12856  -0.00675
  -0.41852   0.76322  -0.52953  -0.00130   0.11315  -0.06153
  -0.42689   1.57043  -0.73864  -0.00334   0.07758  -0.13812
  -0.41566   2.50431  -0.90785  -0.00115   0.05008  -0.23699
  -0.40639   3.58166  -1.08475   0.00001   0.02350  -0.35168
  -0.39914   5.16482  -1.38340   0.00504  -0.02451  -0.52577
  -0.38827   5.97922  -1.55332   0.00425  -0.05326  -0.60851
  -0.37375   6.75198  -1.71996   0.00592  -0.09135  -0.67918
  -0.53944  -1.24326  -0.65121   0.00510   0.11211   0.09738
  -0.53496  -0.70514  -0.49606   0.00334   0.13223   0.05183
  -0.52505   0.03841  -0.39979   0.00249   0.15374  -0.00592
  -0.52907   0.78827  -0.51776   0.00067   0.13401  -0.06737
  -0.52919   1.63073  -0.76452  -0.00054   0.09221  -0.14845
  -0.52350   2.58487  -0.95308   0.00043   0.05656  -0.24737
  -0.52730   3.68686  -1.10712  -0.00271   0.01568  -0.36368
  -0.53667   5.33100  -1.20663  -0.01097  -0.05742  -0.54061
  -0.53242   6.13338  -1.21624  -0.01713  -0.08469  -0.61564
  -0.51972   6.91416  -1.22998  -0.02240  -0.11117  -0.67504
  -0.85849  -1.29996  -0.68203   0.00499   0.12288   0.10368
  -0.85073  -0.74452  -0.53856   0.00174   0.14490   0.05527
  -0.83462   0.04500  -0.44212   0.00189   0.15947  -0.00897
  -0.84978   0.84930  -0.54783   0.00062   0.14253  -0.07754
  -0.84524   1.73899  -0.78260   0.00248   0.10239  -0.16911
  -0.84102   2.73978  -0.98577   0.00128   0.06194  -0.28537
  -0.84914   3.86513  -1.22141   0.00611   0.02677  -0.41271
  -0.84616   5.53987  -1.60196   0.01209  -0.04237  -0.60479
  -0.83315   6.38993  -1.80014   0.01092  -0.08967  -0.67399
  -0.81356   7.23105  -1.96340   0.00534  -0.14476  -0.71740
  -0.36065  -1.75940  -2.34410   0.00352  -0.07654   0.18758
  -0.37407  -1.06836  -2.21545   0.00323  -0.04849   0.10798
  -0.38778  -0.03303  -2.11243   0.00169  -0.02860  -0.01172
  -0.38643   0.98990  -2.16929   0.00006  -0.03974  -0.13154
  -0.36379   2.00023  -2.38445  -0.00070  -0.08349  -0.24690
  -0.32597   3.02497  -2.74450   0.00126  -0.14938  -0.37011
  -0.28921   4.06040  -3.28331   0.00310  -0.25653  -0.48513
  -0.22040   5.43998  -4.11374   0.00439  -0.42815  -0.64244
  -0.16597   6.13311  -4.48710   0.00812  -0.50755  -0.71973
  -0.13401   6.85355  -4.80253   0.00911  -0.58692  -0.80259
  -0.36090  -1.77552  -2.42108   0.00317  -0.08309   0.19394
  -0.37883  -1.08007  -2.29375   0.00272  -0.05520   0.11244
  -0.39661  -0.04343  -2.17901   0.00100  -0.03520  -0.00907
  -0.39117   0.98974  -2.25766  -0.00039  -0.04822  -0.13019
  -0.35861   2.01457  -2.43277  -0.00116  -0.09000  -0.24853
  -0.32281   3.05245  -2.79200   0.00099  -0.15354  -0.37547
  -0.28727   4.04554  -3.30547   0.00157  -0.25780  -0.48637
  -0.22565   5.45710  -4.16588   0.00545  -0.43004  -0.64139
  -0.18305   6.12717  -4.56045   0.00796  -0.51246  -0.71284
  -0.14075   6.87021  -4.96324   0.01005  -0.60152  -0.79531
  -0.35277  -1.76077  -2.41084   0.00297  -0.08442   0.19252
  -0.36828  -1.07335  -2.28712   0.00261  -0.05793   0.11229
  -0.38738  -0.02311  -2.21369   0.00098  -0.03863  -0.01076
  -0.38135   1.00186  -2.27290  -0.00070  -0.05345  -0.13211
  -0.35736   2.03278  -2.46474  -0.00147  -0.09313  -0.25177
  -0.32320   3.10150  -2.83208   0.00080  -0.15813  -0.38222
  -0.28138   4.05417  -3.31480   0.00149  -0.26125  -0.48888
  -0.22079   5.44462  -4.20753   0.00551  -0.43661  -0.64218
  -0.18534   6.14823  -4.62796   0.00837  -0.52253  -0.71655
  -0.14504   6.92389  -5.08169   0.01138  -0.61882  -0.80162
  -0.36528  -1.69808  -2.34479  -0.00037  -0.07419   0.18816
  -0.37666  -1.01708  -2.21762   0.00240  -0.04247   0.11350
  -0.37611   0.04166  -2.13361   0.00040  -0.01892   0.00117
  -0.36666   1.02494  -2.20661   0.00123  -0.04248  -0.11231
  -0.34730   2.07930  -2.40985   0.00262  -0.07733  -0.23401
  -0.33890   3.07854  -2.83941   0.00442  -0.15368  -0.34095
  -0.32164   4.06443  -3.37990   0.00101  -0.27357  -0.44377
  -0.26492   5.41970  -4.08089   0.00422  -0.43289  -0.58820
  -0.22894   6.15015  -4.42277   0.01109  -0.50149  -0.66955
  -0.19366   6.86835  -4.74466   0.01585  -0.56864  -0.74953
  -0.37333  -1.71472  -2.55208   0.00127  -0.08280   0.18810
  -0.38174  -1.00612  -2.39944  -0.00001  -0.05112   0.10985
  -0.38314   0.07503  -2.32119  -0.00349  -0.02948  -0.01101
  -0.37397   1.13253  -2.37801  -0.00372  -0.04520  -0.13308
  -0.36872   2.20852  -2.64332  -0.00471  -0.09835  -0.25674
  -0.36353   3.24839  -3.05847   0.00034  -0.17196  -0.37382
  -0.35493   4.26600  -3.65564   0.00589  -0.29261  -0.48809
  -0.30650   5.62985  -4.49086   0.00688  -0.47813  -0.63105
  -0.28021   6.33247  -4.87074   0.01061  -0.55320  -0.70469
  -0.25369   7.05139  -5.19977   0.01331  -0.62406  -0.77915
  -0.50025  -1.86887  -2.61683   0.01217  -0.07677   0.18770
  -0.50262  -1.12788  -2.47040   0.01209  -0.03795   0.10527
  -0.50020   0.03177  -2.39527   0.00747  -0.01492  -0.02493
  -0.49177   1.18205  -2.49319   0.00436  -0.03664  -0.15778
  -0.48537   2.30036  -2.76748   0.00329  -0.09156  -0.28356
  -0.48446   3.43840  -3.24183   0.00778  -0.18302  -0.40370
  -0.47851   4.46519  -3.88383   0.01355  -0.31132  -0.52862
  -0.43835   5.90788  -4.47622  -0.00004  -0.51250  -0.66579
  -0.42454   6.72886  -4.55019  -0.01190  -0.57331  -0.73425
  -0.41248   7.56568  -4.59598  -0.02147  -0.61606  -0.80190
  -0.80828  -1.89559  -2.75012   0.00533  -0.08381   0.22158
  -0.81460  -1.10468  -2.59856   0.00192  -0.04545   0.12474
  -0.81975   0.09667  -2.51798   0.00249  -0.02223  -0.02489
  -0.80539   1.29675  -2.61010   0.00285  -0.04697  -0.17900
  -0.78504   2.49769  -2.88223   0.00644  -0.10236  -0.33539
  -0.78420   3.62597  -3.30715   0.00695  -0.20344  -0.47678
  -0.77517   4.68821  -3.96537   0.00871  -0.36853  -0.59420
  -0.73773   6.07958  -5.02344   0.01466  -0.60961  -0.72870
  -0.71931   6.86363  -5.46665   0.01633  -0.69561  -0.78740
  -0.70353   7.71689  -5.78974   0.01492  -0.75446  -0.83899
  -0.39251  -1.06954   0.00000   0.00000   0.00000   0.05692
  -0.39785  -0.56904   0.00000   0.00000   0.00000   0.01120
  -0.39728   0.02093   0.00000   0.00000   0.00000  -0.02338
  -0.41638   0.57946   0.00000   0.00000   0.00000  -0.05333
  -0.39126   1.30867   0.00000   0.00000   0.00000  -0.12136
  -0.38669   2.23295   0.00000   0.00000   0.00000  -0.22209
  -0.35955   3.27982   0.00000   0.00000   0.00000  -0.34574
  -0.30129   4.76254   0.00000   0.00000   0.00000  -0.51588
  -0.25493   5.54930   0.00000   0.00000   0.00000  -0.60208
  -0.22034   6.32089   0.00000   0.00000   0.00000  -0.68625
  -0.38553  -1.06742   0.00000   0.00000   0.00000   0.05817
  -0.39328  -0.58063   0.00000   0.00000   0.00000   0.01321
  -0.39432   0.01170   0.00000   0.00000   0.00000  -0.02198
  -0.39870   0.57483   0.00000   0.00000   0.00000  -0.05170
  -0.38547   1.31760   0.00000   0.00000   0.00000  -0.12095
  -0.37300   2.21808   0.00000   0.00000   0.00000  -0.22000
  -0.34732   3.27928   0.00000   0.00000   0.00000  -0.34522
  -0.28730   4.75356   0.00000   0.00000   0.00000  -0.51203
  -0.25000   5.53548   0.00000   0.00000   0.00000  -0.59681
  -0.21376   6.32496   0.00000   0.00000   0.00000  -0.67961
  -0.37592  -1.06980   0.00000   0.00000   0.00000   0.05872
  -0.38286  -0.57931   0.00000   0.00000   0.00000   0.01404
  -0.38721   0.01429   0.00000   0.00000   0.00000  -0.02172
  -0.38623   0.57866   0.00000   0.00000   0.00000  -0.05217
  -0.37793   1.32464   0.00000   0.00000   0.00000  -0.12197
  -0.36548   2.22196   0.00000   0.00000   0.00000  -0.22095
  -0.33433   3.24573   0.00000   0.00000   0.00000  -0.34173
  -0.27943   4.81383   0.00000   0.00000   0.00000  -0.51943
  -0.23388   5.50435   0.00000   0.00000   0.00000  -0.59416
  -0.19478   6.27352   0.00000   0.00000   0.00000  -0.67469
  -0.39778  -1.05252   0.00000   0.00000   0.00000   0.05448
  -0.39918  -0.58064   0.00000   0.00000   0.00000   0.01506
  -0.39993  -0.00904   0.00000   0.00000   0.00000  -0.01147
  -0.40233   0.58840   0.00000   0.00000   0.00000  -0.03996
  -0.41771   1.32173   0.00000   0.00000   0.00000  -0.10750
  -0.41077   2.29469   0.00000   0.00000   0.00000  -0.20894
  -0.39433   3.32561   0.00000   0.00000   0.00000  -0.33118
  -0.36518   4.96728   0.00000   0.00000   0.00000  -0.51249
  -0.34750   5.78693   0.00000   0.00000   0.00000  -0.60263
  -0.30823   6.57548   0.00000   0.00000   0.00000  -0.68692
  -0.42604  -1.00398   0.00000   0.00000   0.00000   0.04996
  -0.43028  -0.52470   0.00000   0.00000   0.00000   0.00935
  -0.42857   0.08697   0.00000   0.00000   0.00000  -0.01699
  -0.44426   0.69257   0.00000   0.00000   0.00000  -0.04618
  -0.45599   1.46302   0.00000   0.00000   0.00000  -0.11913
  -0.46503   2.42911   0.00000   0.00000   0.00000  -0.22187
  -0.45823   3.49803   0.00000   0.00000   0.00000  -0.34604
  -0.44932   5.10129   0.00000   0.00000   0.00000  -0.52599
  -0.43594   5.93036   0.00000   0.00000   0.00000  -0.61509
  -0.41550   6.70702   0.00000   0.00000   0.00000  -0.69234
  -0.51566  -1.12292   0.00000   0.00000   0.00000   0.07234
  -0.51855  -0.61142   0.00000   0.00000   0.00000   0.02751
  -0.51147   0.00678   0.00000   0.00000   0.00000   0.00026
  -0.51116   0.62506   0.00000   0.00000   0.00000  -0.03245
  -0.51370   1.43984   0.00000   0.00000   0.00000  -0.10681
  -0.52428   2.44261   0.00000   0.00000   0.00000  -0.21384
  -0.53077   3.57676   0.00000   0.00000   0.00000  -0.34091
  -0.53305   5.22130   0.00000   0.00000   0.00000  -0.51982
  -0.54717   6.03384   0.00000   0.00000   0.00000  -0.59387
  -0.54110   6.80806   0.00000   0.00000   0.00000  -0.64795
  -0.84618  -1.15450   0.00000   0.00000   0.00000   0.07131
  -0.85574  -0.61152   0.00000   0.00000   0.00000   0.02625
  -0.84125   0.03974   0.00000   0.00000   0.00000  -0.00269
  -0.86103   0.70051   0.00000   0.00000   0.00000  -0.03982
  -0.87871   1.58678   0.00000   0.00000   0.00000  -0.12588
  -0.89105   2.63350   0.00000   0.00000   0.00000  -0.23676
  -0.89421   3.83572   0.00000   0.00000   0.00000  -0.38222
  -0.87333   5.61875   0.00000   0.00000   0.00000  -0.60273
  -0.85611   6.51268   0.00000   0.00000   0.00000  -0.68194
  -0.83416   7.39467   0.00000   0.00000   0.00000  -0.73278
  -0.38582  -1.24219  -1.11739  -0.00016  -0.11725   0.09402
  -0.39225  -0.74156  -0.96644  -0.00002  -0.08358   0.04739
  -0.39001  -0.00275  -0.84225  -0.00018  -0.05774  -0.01874
  -0.40002   0.72818  -0.92748  -0.00036  -0.07599  -0.08498
  -0.39041   1.49065  -1.15370   0.00069  -0.12639  -0.15687
  -0.36640   2.39238  -1.40204   0.00226  -0.18051  -0.25697
  -0.33550   3.39365  -1.59155   0.00390  -0.22239  -0.37209
  -0.28829   4.91309  -1.92302   0.00555  -0.29384  -0.54725
  -0.24993   5.68521  -2.07520   0.00775  -0.32483  -0.63271
  -0.22213   6.48577  -2.26512   0.00864  -0.37236  -0.71958
  -0.38440  -1.25471  -1.11932  -0.00029  -0.11943   0.09689
  -0.38163  -0.74340  -0.96557   0.00007  -0.08588   0.05023
  -0.39029  -0.01996  -0.85815  -0.00042  -0.06184  -0.01559
  -0.39703   0.70903  -0.94128  -0.00064  -0.07954  -0.08161
  -0.38464   1.46772  -1.14835   0.00036  -0.12676  -0.15349
  -0.35824   2.39949  -1.41190   0.00201  -0.18253  -0.25812
  -0.32225   3.36494  -1.60569   0.00311  -0.22644  -0.36889
  -0.28137   4.88830  -1.92489   0.00517  -0.29366  -0.54282
  -0.25026   5.67531  -2.11291   0.00721  -0.33005  -0.62664
  -0.21326   6.45853  -2.29827   0.00871  -0.37510  -0.70796
  -0.37661  -1.25026  -1.13394  -0.00018  -0.12075   0.09744
  -0.37162  -0.73065  -0.96977   0.00017  -0.08611   0.04930
  -0.38026  -0.01328  -0.85155  -0.00047  -0.06213  -0.01616
  -0.39194   0.72608  -0.95449  -0.00079  -0.08282  -0.08322
  -0.37844   1.49449  -1.17006   0.00035  -0.13072  -0.15660
  -0.34837   2.39282  -1.40405   0.00170  -0.18301  -0.25814
  -0.31314   3.39171  -1.62273   0.00269  -0.23042  -0.37274
  -0.26975   4.94138  -1.95008   0.00514  -0.29760  -0.54932
  -0.23548   5.63363  -2.11494   0.00621  -0.33242  -0.62238
  -0.20074   6.44312  -2.32510   0.00831  -0.38189  -0.70573
  -0.39319  -1.18335  -1.06992   0.00072  -0.10352   0.08822
  -0.39093  -0.67978  -0.90097   0.00458  -0.06847   0.04693
  -0.39476   0.02670  -0.81112  -0.00042  -0.04374  -0.01054
  -0.39280   0.75323  -0.92537  -0.00346  -0.07304  -0.06861
  -0.40089   1.48797  -1.12457   0.00731  -0.12038  -0.13539
  -0.39752   2.39586  -1.35167   0.00097  -0.16942  -0.23110
  -0.38546   3.43907  -1.57360   0.00292  -0.21745  -0.34888
  -0.37200   5.00819  -1.81908   0.00407  -0.26833  -0.52443
  -0.36285   5.80905  -2.02462   0.00943  -0.30307  -0.61278
  -0.33521   6.57376  -2.18905   0.01525  -0.32822  -0.68976
  -0.43424  -1.22319  -1.18386  -0.00123  -0.11759   0.10471
  -0.43643  -0.68468  -1.03593  -0.00134  -0.08218   0.05999
  -0.43854   0.04679  -0.94879  -0.00326  -0.05827  -0.00383
  -0.44346   0.81087  -1.04200  -0.00618  -0.08401  -0.06743
  -0.44786   1.62871  -1.28277  -0.00705  -0.13702  -0.14148
  -0.44639   2.55173  -1.54357   0.00013  -0.19504  -0.24178
  -0.43998   3.62426  -1.78386  -0.00113  -0.24322  -0.36182
  -0.42423   5.19582  -2.09109   0.00159  -0.30863  -0.53711
  -0.41440   6.03030  -2.26881   0.00347  -0.34037  -0.62371
  -0.39906   6.79840  -2.40474   0.00162  -0.37547  -0.69497
  -0.55968  -1.27777  -1.22750  -0.00261  -0.11599   0.11147
  -0.55414  -0.75421  -1.04608   0.00029  -0.08012   0.06634
  -0.54917   0.03006  -0.93647   0.00290  -0.05170  -0.00355
  -0.54939   0.80352  -1.06283  -0.00053  -0.07693  -0.06909
  -0.55667   1.63434  -1.36898  -0.00011  -0.14277  -0.14558
  -0.54757   2.60320  -1.65010   0.00636  -0.19743  -0.25536
  -0.55497   3.70111  -1.98760   0.01099  -0.25235  -0.38455
  -0.57083   5.30587  -2.42361   0.00973  -0.33495  -0.56023
  -0.54549   6.11004  -2.44315   0.00175  -0.36590  -0.63246
  -0.52331   6.91743  -2.32385  -0.01297  -0.39780  -0.68979
  -0.88107  -1.37914  -1.29759  -0.00133  -0.12681   0.12167
  -0.88304  -0.82130  -1.12465  -0.00094  -0.08989   0.06950
  -0.87031   0.01945  -1.01231  -0.00170  -0.06841  -0.00696
  -0.88173   0.83890  -1.12995  -0.00203  -0.09609  -0.07740
  -0.88636   1.71244  -1.43090   0.00252  -0.15958  -0.16189
  -0.88946   2.72595  -1.73144   0.00320  -0.23837  -0.27729
  -0.87823   3.85141  -2.02911   0.00739  -0.29787  -0.41470
  -0.87200   5.54852  -2.42891   0.01164  -0.38190  -0.61261
  -0.86591   6.43146  -2.63360   0.00828  -0.43489  -0.68685
  -0.85315   7.31908  -2.79627  -0.00048  -0.49161  -0.73883
  -0.36531  -1.83399  -2.91251   0.00325  -0.30396   0.21938
  -0.37662  -1.11346  -2.75114   0.00322  -0.26984   0.12557
  -0.39034  -0.01672  -2.67907   0.00182  -0.25118  -0.01991
  -0.39225   1.04055  -2.71152  -0.00005  -0.26165  -0.15831
  -0.35773   2.11890  -2.94477  -0.00043  -0.31390  -0.29372
  -0.33075   3.16999  -3.34082   0.00176  -0.39392  -0.42834
  -0.29547   4.18946  -3.90560   0.00433  -0.51458  -0.54345
  -0.23278   5.54009  -4.77582   0.00514  -0.70467  -0.69262
  -0.18609   6.29022  -5.21467   0.00877  -0.80136  -0.78052
  -0.15165   6.97390  -5.53346   0.01032  -0.88622  -0.85980
  -0.35354  -1.83277  -2.92445   0.00293  -0.30587   0.22241
  -0.36791  -1.11954  -2.78346   0.00307  -0.27543   0.12964
  -0.38183  -0.02240  -2.67917   0.00151  -0.25286  -0.01690
  -0.38074   1.04387  -2.73499  -0.00035  -0.26643  -0.15748
  -0.35497   2.12218  -2.97364  -0.00091  -0.31761  -0.29429
  -0.32253   3.20415  -3.38659   0.00153  -0.40006  -0.43393
  -0.28847   4.20821  -3.93864   0.00314  -0.51934  -0.54717
  -0.22977   5.53897  -4.79831   0.00576  -0.70387  -0.69051
  -0.19840   6.27151  -5.27095   0.00842  -0.80293  -0.77037
  -0.15544   7.02406  -5.69241   0.01114  -0.90326  -0.85249
  -0.35060  -1.84603  -2.95659   0.00303  -0.31046   0.22600
  -0.36410  -1.11079  -2.80506   0.00295  -0.27930   0.12929
  -0.37487  -0.01453  -2.70772   0.00152  -0.25806  -0.01818
  -0.37360   1.06287  -2.78115  -0.00025  -0.27422  -0.16090
  -0.35768   2.16304  -3.03770  -0.00134  -0.32642  -0.30085
  -0.32039   3.21271  -3.40670   0.00131  -0.40308  -0.43674
  -0.28541   4.22393  -3.97167   0.00294  -0.52438  -0.55180
  -0.23264   5.62869  -4.91452   0.00552  -0.72130  -0.70376
  -0.19701   6.27841  -5.31862   0.00904  -0.81331  -0.77295
  -0.15536   6.97249  -5.72628   0.01067  -0.90700  -0.84738
  -0.36162  -1.75648  -2.79389   0.00159  -0.27438   0.20781
  -0.37521  -1.03885  -2.66203   0.00097  -0.23496   0.11641
  -0.37200   0.03162  -2.63236  -0.00222  -0.22033  -0.01581
  -0.37402   1.07747  -2.73844  -0.00624  -0.24133  -0.14984
  -0.35882   2.16855  -2.93213  -0.00268  -0.29117  -0.28082
  -0.34512   3.20729  -3.37523  -0.00247  -0.38053  -0.40078
  -0.33761   4.17527  -3.95794   0.00243  -0.51645  -0.50715
  -0.29411   5.52244  -4.73396   0.00518  -0.68510  -0.64702
  -0.26175   6.23670  -5.08556   0.00850  -0.76288  -0.72180
  -0.23068   6.96298  -5.40798   0.01359  -0.83257  -0.80039
  -0.39123  -1.82461  -3.08221  -0.00008  -0.31282   0.22825
  -0.40051  -1.09598  -2.92801  -0.00233  -0.27813   0.13533
  -0.40974   0.04976  -2.87871  -0.00517  -0.25577  -0.00928
  -0.40870   1.17577  -2.92365  -0.00555  -0.27407  -0.15672
  -0.40629   2.29034  -3.19333  -0.00274  -0.33091  -0.29452
  -0.39035   3.36482  -3.66145  -0.00069  -0.42313  -0.42612
  -0.38798   4.38856  -4.27931   0.00477  -0.55974  -0.54200
  -0.33501   5.72535  -5.11342   0.00646  -0.75933  -0.67785
  -0.31775   6.43382  -5.50566   0.00657  -0.84511  -0.74844
  -0.30691   7.11497  -5.78284   0.00232  -0.90824  -0.80394
  -0.52323  -2.00719  -3.26099   0.00880  -0.32550   0.24528
  -0.52842  -1.20660  -3.09071   0.01165  -0.28889   0.13583
  -0.53204   0.03121  -2.99726   0.01068  -0.25867  -0.02262
  -0.53795   1.21168  -3.08480   0.00626  -0.27508  -0.18705
  -0.53574   2.36731  -3.39437   0.00730  -0.33875  -0.33964
  -0.53606   3.41569  -3.92998   0.01515  -0.43749  -0.47436
  -0.52775   4.44637  -4.65719   0.03060  -0.57179  -0.61712
  -0.50676   5.81554  -5.59237   0.03645  -0.78070  -0.76749
  -0.48810   6.56533  -5.87228   0.02573  -0.86048  -0.82577
  -0.46228   7.33907  -6.05875   0.01026  -0.92177  -0.87287
  -0.86086  -2.03319  -3.43767   0.00501  -0.37425   0.27305
  -0.87077  -1.19283  -3.26777   0.00377  -0.32712   0.15407
  -0.88484   0.09049  -3.17186   0.00286  -0.29433  -0.02465
  -0.88544   1.35040  -3.26372  -0.00089  -0.32015  -0.20258
  -0.86142   2.58881  -3.56257   0.00343  -0.39379  -0.37843
  -0.85972   3.77458  -4.06096   0.00821  -0.52112  -0.54246
  -0.86200   4.86821  -4.76400   0.01115  -0.71162  -0.66657
  -0.85600   6.23427  -5.82362   0.01112  -0.96995  -0.77370
  -0.85200   7.04786  -6.27553   0.01202  -1.06007  -0.83337
  -0.84794   7.97427  -6.59531   0.01133  -1.11610  -0.89873
  -0.43310  -1.12827  -0.51143   0.00210  -0.21688   0.08100
  -0.43548  -0.62012  -0.48874   0.00086  -0.20594   0.03156
  -0.44435   0.00771  -0.45341   0.00010  -0.19312  -0.01959
  -0.45350   0.61222  -0.48639  -0.00104  -0.20501  -0.06748
  -0.44410   1.36733  -0.52398  -0.00203  -0.22117  -0.14121
  -0.43520   2.28243  -0.58198  -0.00349  -0.24098  -0.24103
  -0.40700   3.29215  -0.62188  -0.00396  -0.25691  -0.35809
  -0.34204   4.77802  -0.66382  -0.00316  -0.27254  -0.52434
  -0.29933   5.60395  -0.69917  -0.00328  -0.28571  -0.62080
  -0.26344   6.33369  -0.70524  -0.00293  -0.28924  -0.70230
  -0.42581  -1.13147  -0.53383   0.00166  -0.22008   0.08380
  -0.41895  -0.60784  -0.49119   0.00061  -0.20367   0.03245
  -0.42227   0.01320  -0.46767  -0.00051  -0.19401  -0.01870
  -0.43772   0.60858  -0.49527  -0.00124  -0.20546  -0.06609
  -0.42897   1.37004  -0.55035  -0.00216  -0.22472  -0.14071
  -0.41957   2.26365  -0.59929  -0.00350  -0.24228  -0.23905
  -0.39907   3.29773  -0.65058  -0.00459  -0.26038  -0.35755
  -0.33388   4.77894  -0.71276  -0.00343  -0.27965  -0.52233
  -0.29585   5.57804  -0.72277  -0.00323  -0.28651  -0.61325
  -0.26021   6.36655  -0.73243  -0.00303  -0.29318  -0.69850
  -0.41975  -1.12626  -0.53566   0.00159  -0.21928   0.08403
  -0.42555  -0.62661  -0.50204   0.00054  -0.20740   0.03441
  -0.42145   0.01144  -0.46901  -0.00066  -0.19431  -0.01834
  -0.42997   0.61814  -0.50336  -0.00176  -0.20533  -0.06713
  -0.42540   1.35781  -0.56157  -0.00232  -0.22514  -0.14041
  -0.41630   2.26669  -0.60896  -0.00370  -0.24389  -0.24014
  -0.39412   3.28875  -0.65498  -0.00464  -0.25985  -0.35749
  -0.32898   4.75107  -0.70200  -0.00358  -0.27877  -0.51900
  -0.29309   5.58841  -0.71894  -0.00303  -0.28664  -0.61500
  -0.25925   6.37068  -0.73309  -0.00261  -0.29246  -0.69778
  -0.42225  -1.09630  -0.51628   0.00132  -0.20171   0.09183
  -0.40602  -0.61039  -0.52957  -0.00447  -0.19761   0.04355
  -0.41146   0.01910  -0.47421  -0.00127  -0.18028  -0.00111
  -0.41827   0.63770  -0.48266   0.00407  -0.18567  -0.04844
  -0.42423   1.43750  -0.55177   0.00037  -0.20796  -0.12548
  -0.41785   2.39120  -0.62913  -0.00089  -0.22974  -0.22338
  -0.40910   3.42912  -0.66572   0.00036  -0.24202  -0.33604
  -0.38866   5.00177  -0.66035  -0.00054  -0.25601  -0.51128
  -0.36655   5.77112  -0.65504   0.00089  -0.25549  -0.59750
  -0.33683   6.57759  -0.63875  -0.00237  -0.25520  -0.67914
  -0.46522  -1.17672  -0.46165   0.00006  -0.20389   0.09357
  -0.46463  -0.67961  -0.44522   0.00109  -0.19154   0.04491
  -0.45992   0.00916  -0.40012   0.00097  -0.18580  -0.00455
  -0.47147   0.65425  -0.46103   0.00121  -0.19740  -0.05496
  -0.47545   1.45917  -0.52471  -0.00489  -0.21540  -0.13352
  -0.48926   2.42560  -0.55269  -0.00372  -0.23793  -0.23525
  -0.48954   3.48509  -0.59684  -0.00382  -0.25747  -0.34936
  -0.47019   5.06901  -0.62258  -0.00491  -0.26413  -0.52718
  -0.45929   5.91754  -0.62037  -0.00613  -0.27070  -0.61507
  -0.43986   6.67206  -0.59547  -0.00499  -0.26331  -0.67929
  -0.58066  -1.22164  -0.55524   0.00263  -0.23926   0.09960
  -0.57212  -0.67062  -0.53148   0.00596  -0.22530   0.04615
  -0.56984  -0.01540  -0.49064   0.00328  -0.20974  -0.00472
  -0.57664   0.65496  -0.51946   0.00108  -0.22486  -0.05900
  -0.58044   1.47974  -0.54880  -0.00081  -0.24231  -0.14286
  -0.60190   2.45123  -0.60350   0.00102  -0.26619  -0.24576
  -0.61827   3.57273  -0.66552   0.00028  -0.28997  -0.36502
  -0.62740   5.15170  -0.77053  -0.00204  -0.29524  -0.52998
  -0.62117   5.98149  -0.69690   0.00109  -0.29552  -0.60202
  -0.61116   6.83540  -0.45495   0.00535  -0.27394  -0.67162
  -0.89393  -1.27715  -0.57590   0.00251  -0.25425   0.09951
  -0.88773  -0.71468  -0.56014   0.00205  -0.24351   0.04698
  -0.88385   0.00162  -0.52475   0.00232  -0.22920  -0.00754
  -0.90078   0.70382  -0.55507   0.00067  -0.24264  -0.06387
  -0.91780   1.58441  -0.58821   0.00040  -0.26090  -0.15396
  -0.93426   2.61076  -0.63187   0.00101  -0.28459  -0.26629
  -0.94297   3.78786  -0.66738  -0.00149  -0.30433  -0.40577
  -0.92885   5.50598  -0.68967  -0.00219  -0.30343  -0.60187
  -0.90932   6.36687  -0.66284  -0.00109  -0.29451  -0.67290
  -0.88049   7.21641  -0.64621  -0.00050  -0.28042  -0.71893
  -0.44710  -1.31281  -1.66823  -0.00081  -0.34180   0.12441
  -0.44164  -0.78237  -1.50843   0.00012  -0.30670   0.06834
  -0.44987   0.00256  -1.41279   0.00047  -0.28741  -0.02128
  -0.46213   0.77813  -1.47448   0.00052  -0.30225  -0.10878
  -0.45135   1.59487  -1.73076   0.00243  -0.35856  -0.19599
  -0.42716   2.48547  -1.98806   0.00457  -0.42065  -0.29749
  -0.40432   3.50036  -2.21583   0.00673  -0.47453  -0.41369
  -0.34877   4.97508  -2.56759   0.00840  -0.56394  -0.58563
  -0.31864   5.75677  -2.77034   0.01034  -0.61062  -0.67325
  -0.29963   6.51425  -2.91937   0.01002  -0.64892  -0.75251
  -0.43854  -1.32062  -1.67751  -0.00083  -0.34396   0.12911
  -0.43511  -0.78634  -1.51307   0.00003  -0.30976   0.07167
  -0.43808  -0.00035  -1.40794   0.00029  -0.28872  -0.01893
  -0.44885   0.79676  -1.50669   0.00069  -0.30987  -0.11009
  -0.44295   1.58731  -1.72178   0.00214  -0.35854  -0.19431
  -0.42145   2.48185  -1.99004   0.00434  -0.42147  -0.29748
  -0.39376   3.49972  -2.22886   0.00616  -0.47883  -0.41282
  -0.34488   4.96811  -2.58669   0.00791  -0.56683  -0.58316
  -0.31772   5.79117  -2.80437   0.01102  -0.61587  -0.67114
  -0.29623   6.54381  -2.97672   0.01033  -0.65586  -0.74434
  -0.43597  -1.31693  -1.69715  -0.00045  -0.34798   0.12908
  -0.43520  -0.78924  -1.54981   0.00033  -0.31616   0.07210
  -0.44019  -0.00158  -1.41865   0.00017  -0.29168  -0.01913
  -0.45211   0.80845  -1.53385   0.00047  -0.31725  -0.11225
  -0.43917   1.59199  -1.73530   0.00229  -0.36196  -0.19649
  -0.42256   2.48852  -2.00795   0.00400  -0.42625  -0.29973
  -0.39450   3.50696  -2.24293   0.00587  -0.48233  -0.41514
  -0.34329   4.98103  -2.61475   0.00767  -0.57192  -0.58552
  -0.31979   5.81517  -2.84519   0.01053  -0.62502  -0.67461
  -0.30088   6.58848  -3.02868   0.01075  -0.66737  -0.74911
  -0.45224  -1.26438  -1.58995   0.00106  -0.31657   0.13131
  -0.44578  -0.73044  -1.42551   0.00891  -0.28792   0.07890
  -0.44273   0.01649  -1.32492   0.00331  -0.26380  -0.00666
  -0.44609   0.82794  -1.45905   0.00905  -0.28897  -0.09433
  -0.46007   1.64531  -1.66396   0.00627  -0.34416  -0.17635
  -0.45630   2.56354  -1.92485   0.01237  -0.40710  -0.27678
  -0.45661   3.58932  -2.22400   0.01479  -0.47549  -0.38786
  -0.44814   5.12031  -2.53760   0.01124  -0.54258  -0.55645
  -0.42870   5.95317  -2.69957   0.01903  -0.58336  -0.63971
  -0.39881   6.69682  -2.83776   0.02549  -0.60057  -0.71143
  -0.48335  -1.27692  -1.70250  -0.00171  -0.33072   0.13585
  -0.47558  -0.74752  -1.54641  -0.00019  -0.29964   0.08213
  -0.46416   0.04370  -1.43832  -0.00284  -0.27578  -0.00983
  -0.47468   0.85238  -1.53971  -0.00005  -0.29897  -0.09876
  -0.47973   1.68312  -1.80392   0.00188  -0.36031  -0.18433
  -0.47067   2.62998  -2.07486   0.00705  -0.42463  -0.28932
  -0.47802   3.70015  -2.34195   0.00793  -0.48769  -0.40226
  -0.47554   5.22956  -2.69057   0.01162  -0.56309  -0.56329
  -0.46589   6.04922  -2.85546   0.01248  -0.59432  -0.64459
  -0.45139   6.77085  -2.95343   0.00869  -0.61071  -0.69339
  -0.58556  -1.33621  -1.73728   0.00389  -0.35262   0.14524
  -0.57928  -0.78171  -1.55795   0.00484  -0.31490   0.08754
  -0.56841   0.05693  -1.44671   0.00543  -0.28762  -0.00945
  -0.56933   0.88582  -1.57161   0.00558  -0.31296  -0.10407
  -0.58031   1.73467  -1.90307   0.00867  -0.39288  -0.19457
  -0.57878   2.71168  -2.16747   0.00980  -0.46540  -0.30210
  -0.59133   3.81356  -2.41623   0.00740  -0.55046  -0.42179
  -0.59738   5.41136  -2.37733  -0.01267  -0.62420  -0.58123
  -0.59931   6.23626  -2.37955  -0.01992  -0.64363  -0.65667
  -0.58443   7.03573  -2.38863  -0.02492  -0.64869  -0.71880
  -0.89986  -1.38037  -1.76840   0.00552  -0.35915   0.14772
  -0.89100  -0.80183  -1.59630   0.00382  -0.32347   0.08815
  -0.87081   0.06665  -1.47582   0.00393  -0.29941  -0.01258
  -0.88186   0.92002  -1.59557   0.00477  -0.32259  -0.10845
  -0.88997   1.81813  -1.89065   0.00845  -0.39464  -0.21034
  -0.88268   2.83308  -2.18836   0.01047  -0.47816  -0.33140
  -0.88982   3.94707  -2.49014   0.01547  -0.54942  -0.46270
  -0.91006   5.57579  -2.87990   0.01860  -0.64152  -0.63788
  -0.91473   6.40592  -3.06897   0.01681  -0.68337  -0.70611
  -0.90944   7.22914  -3.21533   0.01094  -0.71842  -0.75367
  -0.45378  -1.88505  -3.52617   0.00228  -0.55876   0.24660
  -0.46755  -1.13697  -3.39146   0.00337  -0.52926   0.14110
  -0.47531   0.01498  -3.29076   0.00298  -0.50851  -0.02655
  -0.47940   1.12882  -3.34001   0.00136  -0.51855  -0.18569
  -0.44121   2.22950  -3.53566   0.00154  -0.56147  -0.33774
  -0.41841   3.34981  -3.97157   0.00356  -0.64497  -0.49049
  -0.38660   4.38195  -4.53377   0.00584  -0.76871  -0.61461
  -0.33487   5.75108  -5.43110   0.00633  -0.97284  -0.77267
  -0.28660   6.45814  -5.84812   0.00917  -1.06693  -0.85205
  -0.29266   7.10122  -6.10336   0.00214  -1.12561  -0.89064
  -0.44609  -1.88898  -3.53299   0.00221  -0.56012   0.24995
  -0.46267  -1.15479  -3.42582   0.00329  -0.53591   0.14652
  -0.47615  -0.00212  -3.32555   0.00273  -0.51533  -0.02239
  -0.46890   1.14151  -3.39968   0.00190  -0.52954  -0.18739
  -0.44345   2.21967  -3.57469   0.00130  -0.56813  -0.33677
  -0.41171   3.33744  -3.97726   0.00344  -0.64582  -0.49058
  -0.38612   4.36446  -4.54928   0.00476  -0.77140  -0.61348
  -0.34185   5.77029  -5.48044   0.00751  -0.97725  -0.77096
  -0.30549   6.45353  -5.91961   0.00888  -1.07262  -0.84256
  -0.29817   7.03953  -6.20100   0.00171  -1.12587  -0.86483
  -0.44283  -1.89587  -3.54559   0.00205  -0.56254   0.25191
  -0.45140  -1.13033  -3.41421   0.00376  -0.53445   0.14310
  -0.47063  -0.00557  -3.33543   0.00267  -0.51838  -0.02289
  -0.46662   1.11962  -3.40691   0.00138  -0.53223  -0.18429
  -0.44095   2.22248  -3.58862   0.00088  -0.57163  -0.33772
  -0.40748   3.31350  -3.96201   0.00306  -0.64458  -0.48854
  -0.38545   4.37954  -4.57166   0.00440  -0.77609  -0.61792
  -0.34186   5.72407  -5.47692   0.00659  -0.97388  -0.76765
  -0.31288   6.44456  -5.95176   0.00934  -1.07896  -0.84041
  -0.30692   7.09415  -6.28177   0.00133  -1.13813  -0.86806
  -0.55829  -1.85771  -3.49922  -0.00342  -0.52843   0.25219
  -0.52615  -1.09964  -3.36974  -0.00233  -0.49690   0.14466
  -0.48480   0.03059  -3.30194  -0.00564  -0.47924  -0.01532
  -0.42789   1.17989  -3.43450  -0.00646  -0.50630  -0.17424
  -0.35692   2.29946  -3.62907  -0.00172  -0.54313  -0.32831
  -0.30063   3.34531  -4.07449   0.00129  -0.63673  -0.45932
  -0.24302   4.35559  -4.66354   0.00291  -0.76640  -0.57160
  -0.12629   5.66291  -5.38340   0.00425  -0.93887  -0.70936
  -0.06006   6.35392  -5.66733   0.00845  -1.00101  -0.76369
   0.00191   6.97190  -5.89235   0.00705  -1.04024  -0.79265
  -0.48405  -1.84103  -3.63840   0.00338  -0.54870   0.25101
  -0.49023  -1.05928  -3.50053   0.00418  -0.51824   0.14013
  -0.49787   0.11579  -3.46780  -0.00192  -0.50700  -0.02518
  -0.48721   1.26686  -3.49555   0.00075  -0.51708  -0.18852
  -0.47672   2.42069  -3.76625   0.00302  -0.56961  -0.34438
  -0.47316   3.53259  -4.24826   0.00617  -0.66795  -0.49006
  -0.47099   4.54727  -4.86269   0.01165  -0.80195  -0.60900
  -0.45093   5.82048  -5.66944   0.01017  -0.98733  -0.72978
  -0.43152   6.42195  -5.94847   0.00860  -1.02818  -0.75684
  -0.40885   7.04795  -6.18181   0.00553  -1.06418  -0.78693
  -0.59833  -2.00015  -3.79419   0.01363  -0.59847   0.25745
  -0.60170  -1.16534  -3.64219   0.01437  -0.56022   0.14213
  -0.59676   0.10582  -3.56187   0.01107  -0.53861  -0.03837
  -0.59114   1.35407  -3.63641   0.00929  -0.55347  -0.21787
  -0.59141   2.55139  -3.91872   0.01030  -0.61671  -0.38167
  -0.60421   3.70044  -4.39644   0.01222  -0.72873  -0.52044
  -0.61874   4.77724  -4.92265   0.00897  -0.87048  -0.63947
  -0.61763   6.26010  -5.41040  -0.00765  -1.05568  -0.77383
  -0.61623   6.96186  -5.58703  -0.01473  -1.10059  -0.82617
  -0.60967   7.61116  -5.78101  -0.01820  -1.11841  -0.86503
  -0.90970  -2.02867  -3.90786   0.00998  -0.61569   0.29205
  -0.91055  -1.16209  -3.74928   0.00854  -0.57715   0.15963
  -0.91309   0.13993  -3.68029   0.00861  -0.55406  -0.03632
  -0.90145   1.43081  -3.74072   0.00745  -0.57016  -0.23351
  -0.89416   2.68805  -4.02064   0.01249  -0.63492  -0.42578
  -0.91270   3.87382  -4.52390   0.01387  -0.76741  -0.60218
  -0.93687   4.94462  -5.21743   0.01580  -0.95464  -0.72947
  -0.96633   6.29316  -6.22256   0.01873  -1.18157  -0.84583
  -0.97208   7.04149  -6.63237   0.01883  -1.25625  -0.88590
  -0.97066   7.84616  -6.92289   0.01546  -1.30295  -0.91233
