  -0.90441  -2.98572   0.00000   0.00000   0.00000   0.82950
  -0.87226  -2.42929   0.00000   0.00000   0.00000   0.76224
  -0.81466  -1.66879   0.00000   0.00000   0.00000   0.66192
  -0.77470  -1.02874   0.00000   0.00000   0.00000   0.59503
  -0.73607  -0.27677   0.00000   0.00000   0.00000   0.51751
  -0.66664   0.63971   0.00000   0.00000   0.00000   0.41157
  -0.59848   1.63442   0.00000   0.00000   0.00000   0.31298
  -0.50965   3.01791   0.00000   0.00000   0.00000   0.18479
  -0.44382   3.76987   0.00000   0.00000   0.00000   0.11442
  -0.39874   4.50267   0.00000   0.00000   0.00000   0.04360
  -0.89946  -2.99817   0.00000   0.00000   0.00000   0.83680
  -0.86442  -2.43186   0.00000   0.00000   0.00000   0.76514
  -0.80925  -1.68778   0.00000   0.00000   0.00000   0.66780
  -0.76891  -1.03893   0.00000   0.00000   0.00000   0.60087
  -0.72452  -0.28449   0.00000   0.00000   0.00000   0.52198
  -0.66291   0.62673   0.00000   0.00000   0.00000   0.41838
  -0.58684   1.60936   0.00000   0.00000   0.00000   0.31669
  -0.50053   3.00454   0.00000   0.00000   0.00000   0.19010
  -0.44681   3.77137   0.00000   0.00000   0.00000   0.11883
  -0.40440   4.53113   0.00000   0.00000   0.00000   0.05175
  -0.90330  -2.99806   0.00000   0.00000   0.00000   0.84002
  -0.86434  -2.42724   0.00000   0.00000   0.00000   0.76528
  -0.81892  -1.69765   0.00000   0.00000   0.00000   0.67169
  -0.77145  -1.04490   0.00000   0.00000   0.00000   0.60217
  -0.72574  -0.28294   0.00000   0.00000   0.00000   0.52268
  -0.66331   0.63507   0.00000   0.00000   0.00000   0.41933
  -0.58892   1.61009   0.00000   0.00000   0.00000   0.31912
  -0.49901   3.01838   0.00000   0.00000   0.00000   0.19168
  -0.44770   3.73209   0.00000   0.00000   0.00000   0.12077
  -0.40134   4.49676   0.00000   0.00000   0.00000   0.05269
  -0.90211  -3.00638   0.00000   0.00000   0.00000   0.84956
  -0.85792  -2.46206   0.00000   0.00000   0.00000   0.78130
  -0.79916  -1.67904   0.00000   0.00000   0.00000   0.67622
  -0.76577  -0.98612   0.00000   0.00000   0.00000   0.61134
  -0.71921  -0.20051   0.00000   0.00000   0.00000   0.52870
  -0.67141   0.72938   0.00000   0.00000   0.00000   0.42720
  -0.62144   1.73257   0.00000   0.00000   0.00000   0.33071
  -0.54438   3.21308   0.00000   0.00000   0.00000   0.20266
  -0.49444   4.01244   0.00000   0.00000   0.00000   0.12956
  -0.44590   4.73483   0.00000   0.00000   0.00000   0.05941
  -0.93334  -2.99434   0.00000   0.00000   0.00000   0.85595
  -0.89543  -2.44162   0.00000   0.00000   0.00000   0.78879
  -0.83349  -1.67063   0.00000   0.00000   0.00000   0.68622
  -0.79484  -1.01681   0.00000   0.00000   0.00000   0.63369
  -0.75268  -0.19364   0.00000   0.00000   0.00000   0.54431
  -0.70664   0.75275   0.00000   0.00000   0.00000   0.43987
  -0.66280   1.76507   0.00000   0.00000   0.00000   0.34820
  -0.60462   3.24464   0.00000   0.00000   0.00000   0.21800
  -0.56602   4.03163   0.00000   0.00000   0.00000   0.15413
  -0.52571   4.78456   0.00000   0.00000   0.00000   0.09262
  -1.06301  -3.09266   0.00000   0.00000   0.00000   0.90269
  -1.01836  -2.53573   0.00000   0.00000   0.00000   0.83116
  -0.94574  -1.74996   0.00000   0.00000   0.00000   0.72505
  -0.91101  -1.09364   0.00000   0.00000   0.00000   0.66833
  -0.86863  -0.24124   0.00000   0.00000   0.00000   0.57657
  -0.82436   0.72397   0.00000   0.00000   0.00000   0.47250
  -0.79098   1.77142   0.00000   0.00000   0.00000   0.37436
  -0.74893   3.23690   0.00000   0.00000   0.00000   0.25506
  -0.73098   4.01029   0.00000   0.00000   0.00000   0.20452
  -0.70254   4.81681   0.00000   0.00000   0.00000   0.14138
  -1.32496  -3.14422   0.00000   0.00000   0.00000   0.90629
  -1.29655  -2.55842   0.00000   0.00000   0.00000   0.84088
  -1.24703  -1.79266   0.00000   0.00000   0.00000   0.75555
  -1.21935  -1.09694   0.00000   0.00000   0.00000   0.69840
  -1.18985  -0.22790   0.00000   0.00000   0.00000   0.60755
  -1.16789   0.75621   0.00000   0.00000   0.00000   0.50937
  -1.12716   1.84067   0.00000   0.00000   0.00000   0.40372
  -1.07122   3.37223   0.00000   0.00000   0.00000   0.27500
  -1.03837   4.17552   0.00000   0.00000   0.00000   0.20877
  -0.99853   5.00928   0.00000   0.00000   0.00000   0.14088
  -0.89971  -3.10757  -1.22629   0.00197  -0.15871   0.84783
  -0.85421  -2.51208  -1.09874   0.00283  -0.13822   0.76727
  -0.82064  -1.72675  -0.97654   0.00245  -0.10901   0.67773
  -0.78936  -0.95221  -0.97471   0.00114  -0.09929   0.58725
  -0.73256  -0.14566  -1.15987   0.00109  -0.12754   0.50337
  -0.65609   0.75433  -1.36596   0.00037  -0.16564   0.39512
  -0.58930   1.75448  -1.55446   0.00106  -0.19506   0.29221
  -0.51806   3.11547  -1.78394   0.00131  -0.23343   0.16789
  -0.47322   3.84830  -1.92060   0.00327  -0.25245   0.10530
  -0.43115   4.55384  -2.02910   0.00345  -0.27583   0.03510
  -0.89263  -3.11763  -1.23904   0.00170  -0.16428   0.85435
  -0.85766  -2.55876  -1.11985   0.00263  -0.14383   0.78189
  -0.81609  -1.75050  -0.98073   0.00197  -0.11136   0.68339
  -0.77429  -0.95753  -0.99333   0.00108  -0.10170   0.59316
  -0.73134  -0.16470  -1.16172   0.00078  -0.12814   0.50835
  -0.65416   0.74551  -1.38310   0.00006  -0.16855   0.40143
  -0.58855   1.72621  -1.56421  -0.00012  -0.19837   0.29843
  -0.51604   3.12624  -1.81956   0.00090  -0.23829   0.17383
  -0.47282   3.81321  -1.92659   0.00268  -0.25196   0.11276
  -0.43469   4.58512  -2.09372   0.00333  -0.28156   0.04808
  -0.88587  -3.10595  -1.25499   0.00139  -0.16690   0.85065
  -0.84427  -2.54787  -1.12915   0.00249  -0.14477   0.78071
  -0.80094  -1.72450  -0.97446   0.00157  -0.11159   0.67556
  -0.77229  -0.96060  -1.00415   0.00058  -0.10443   0.59401
  -0.73080  -0.17031  -1.17175   0.00034  -0.13009   0.51076
  -0.64873   0.73334  -1.37485  -0.00022  -0.16814   0.40056
  -0.57725   1.71847  -1.55656  -0.00051  -0.19882   0.29597
  -0.50617   3.08113  -1.81218   0.00044  -0.23765   0.17361
  -0.46840   3.83278  -1.96403   0.00255  -0.25849   0.11125
  -0.42787   4.57525  -2.10209   0.00314  -0.28526   0.04718
  -0.90182  -3.10693  -1.21077  -0.00063  -0.15241   0.85203
  -0.86794  -2.55800  -1.08614   0.00056  -0.12505   0.78782
  -0.82152  -1.74652  -0.98492  -0.00742  -0.09977   0.69360
  -0.77024  -0.96781  -1.02788  -0.00698  -0.10402   0.61218
  -0.72127  -0.14630  -1.17520  -0.00622  -0.12708   0.52003
  -0.66173   0.78414  -1.37348  -0.00496  -0.16089   0.41320
  -0.61342   1.79722  -1.56873  -0.00515  -0.19885   0.31581
  -0.56360   3.21063  -1.81407  -0.00259  -0.23965   0.19063
  -0.52542   3.98601  -1.92917   0.00459  -0.25509   0.12230
  -0.48107   4.75262  -2.08755   0.00766  -0.27512   0.05449
  -0.93560  -3.08119  -1.28347   0.00034  -0.15163   0.86478
  -0.90057  -2.53740  -1.17278   0.00028  -0.13613   0.80169
  -0.84951  -1.73195  -1.04585   0.00004  -0.09997   0.71163
  -0.80164  -0.92503  -1.06687   0.00240  -0.09790   0.62829
  -0.73915  -0.10437  -1.27515   0.00002  -0.14025   0.53750
  -0.68450   0.84121  -1.51083   0.00160  -0.17691   0.42656
  -0.64105   1.86307  -1.69951   0.00264  -0.21214   0.32842
  -0.60245   3.33541  -1.96706   0.00254  -0.25515   0.20140
  -0.57487   4.08967  -2.06909   0.00016  -0.26859   0.13671
  -0.54316   4.84250  -2.15591  -0.00115  -0.28755   0.07624
  -1.06811  -3.16516  -1.31382   0.00745  -0.15672   0.90147
  -1.03533  -2.61543  -1.17905   0.00803  -0.13717   0.84218
  -0.98214  -1.82415  -1.01517   0.00684  -0.09143   0.76057
  -0.92100  -0.98274  -1.07691   0.00437  -0.09015   0.66620
  -0.86349  -0.11146  -1.35774   0.00616  -0.14305   0.56551
  -0.80182   0.84134  -1.59252   0.00930  -0.18800   0.45563
  -0.77019   1.86790  -1.81338   0.00930  -0.22441   0.35671
  -0.73464   3.34685  -1.95418   0.00139  -0.27656   0.22743
  -0.71023   4.14842  -1.85918  -0.01281  -0.29490   0.16712
  -0.68639   4.95481  -1.83345  -0.02382  -0.31250   0.10985
  -1.35629  -3.27265  -1.31288   0.00728  -0.14762   0.93401
  -1.31772  -2.66270  -1.16282   0.00559  -0.11767   0.86350
  -1.26729  -1.81564  -1.05564   0.00650  -0.09257   0.77153
  -1.23028  -0.98381  -1.14904   0.00422  -0.10475   0.69061
  -1.20115  -0.10462  -1.39419   0.00586  -0.15168   0.59792
  -1.14112   0.89575  -1.62095   0.00522  -0.20134   0.48241
  -1.10293   1.97189  -1.86418   0.00652  -0.24535   0.37154
  -1.07138   3.49695  -2.16488   0.00789  -0.30210   0.24728
  -1.04424   4.30161  -2.28122   0.00771  -0.31648   0.18464
  -1.00547   5.12580  -2.34827   0.00478  -0.32379   0.12580
  -0.86819  -3.62613  -3.11124   0.00322  -0.39019   0.94552
  -0.85085  -2.90603  -2.94277   0.00520  -0.35190   0.85076
  -0.83226  -1.82587  -2.80873   0.00544  -0.31349   0.70703
  -0.78274  -0.73000  -2.83682   0.00457  -0.30505   0.56052
  -0.69660   0.35205  -2.93866   0.00273  -0.31618   0.41147
  -0.63224   1.40806  -3.27111   0.00209  -0.35865   0.28513
  -0.55866   2.37212  -3.70793   0.00148  -0.43446   0.18356
  -0.45194   3.65497  -4.46669  -0.00177  -0.57694   0.06408
  -0.39181   4.33150  -4.79545   0.00066  -0.63670  -0.00916
  -0.34738   5.04357  -5.09677   0.00255  -0.70340  -0.08361
  -0.86683  -3.65206  -3.14074   0.00198  -0.39632   0.95532
  -0.84739  -2.91981  -2.97851   0.00426  -0.35820   0.85865
  -0.81280  -1.82437  -2.81835   0.00498  -0.31493   0.71017
  -0.76909  -0.74857  -2.83630   0.00405  -0.30544   0.56252
  -0.69519   0.34775  -2.97474   0.00225  -0.31870   0.41675
  -0.63034   1.39592  -3.28695   0.00134  -0.35895   0.28858
  -0.55506   2.36531  -3.72510  -0.00007  -0.43681   0.18512
  -0.46040   3.68713  -4.53840  -0.00145  -0.58032   0.06589
  -0.39962   4.34411  -4.86623   0.00068  -0.63933  -0.00237
  -0.35266   5.10683  -5.28306   0.00312  -0.71915  -0.07307
  -0.86331  -3.66019  -3.17442   0.00143  -0.40195   0.95927
  -0.85664  -2.96444  -3.04835   0.00348  -0.36825   0.87186
  -0.81229  -1.83416  -2.85988   0.00476  -0.32011   0.71394
  -0.76056  -0.73018  -2.87301   0.00395  -0.31042   0.56119
  -0.69038   0.35643  -2.97915   0.00181  -0.31955   0.41427
  -0.62436   1.40653  -3.28979   0.00116  -0.35979   0.28440
  -0.56444   2.41678  -3.82032  -0.00047  -0.44767   0.18461
  -0.45602   3.69165  -4.57102  -0.00155  -0.58254   0.06237
  -0.40490   4.39849  -4.97417   0.00069  -0.65297  -0.00436
  -0.34910   5.04566  -5.27449   0.00307  -0.71703  -0.07138
  -0.87293  -3.50331  -3.05045   0.00529  -0.36141   0.93734
  -0.84839  -2.80628  -2.89667   0.00713  -0.32104   0.84735
  -0.81745  -1.70569  -2.82514   0.00876  -0.29109   0.70957
  -0.75952  -0.57190  -2.89652  -0.00098  -0.29043   0.56428
  -0.68143   0.51840  -3.00746   0.00163  -0.30382   0.41892
  -0.63053   1.53022  -3.38245   0.00718  -0.35687   0.29690
  -0.59040   2.45615  -3.90259   0.00409  -0.45222   0.20936
  -0.47838   3.79437  -4.52361   0.00572  -0.56767   0.08756
  -0.42018   4.50783  -4.79265   0.00971  -0.63128   0.01621
  -0.36846   5.20203  -5.08441   0.01264  -0.68310  -0.05292
  -0.90526  -3.56027  -3.19595   0.00238  -0.35742   0.94075
  -0.88351  -2.88454  -3.05968   0.00506  -0.32303   0.85969
  -0.83393  -1.76610  -2.97364   0.00016  -0.29678   0.72633
  -0.77862  -0.62529  -3.00802   0.00223  -0.30232   0.57620
  -0.72065   0.50720  -3.20694   0.00396  -0.32728   0.42601
  -0.66758   1.55134  -3.56074   0.00524  -0.38232   0.30059
  -0.62621   2.55490  -4.09691   0.00643  -0.47842   0.20237
  -0.52685   3.85391  -4.75142   0.00820  -0.59551   0.07606
  -0.46981   4.53918  -5.07878   0.00741  -0.65428   0.01281
  -0.41291   5.24174  -5.37235   0.00473  -0.71717  -0.04857
  -1.03310  -3.58031  -3.23310   0.00529  -0.34915   0.95216
  -1.01052  -2.87098  -3.08467   0.00664  -0.31451   0.87238
  -0.96035  -1.72681  -2.98896   0.00567  -0.28981   0.73799
  -0.91277  -0.57839  -3.09785   0.00557  -0.30364   0.59199
  -0.84974   0.55158  -3.30022   0.00814  -0.33084   0.43405
  -0.80655   1.59642  -3.75852   0.01633  -0.39076   0.30349
  -0.74659   2.57988  -4.35171   0.02473  -0.47587   0.19418
  -0.64189   3.91616  -5.01518   0.02127  -0.61630   0.05959
  -0.59095   4.67315  -5.20182   0.01298  -0.67559  -0.00268
  -0.53978   5.51032  -5.25662   0.00120  -0.72484  -0.06122
  -1.35005  -3.84660  -3.47379   0.01074  -0.41494   1.04890
  -1.31764  -3.01530  -3.30004   0.00819  -0.36793   0.93722
  -1.27727  -1.79729  -3.16334   0.00938  -0.31797   0.77418
  -1.22932  -0.58583  -3.24126   0.00898  -0.32929   0.61057
  -1.18276   0.61240  -3.47536   0.01215  -0.37200   0.45044
  -1.13647   1.72069  -3.87559   0.01356  -0.45171   0.32097
  -1.07995   2.74354  -4.43147   0.01181  -0.56820   0.22106
  -0.97596   4.10442  -5.29245   0.01657  -0.71977   0.09037
  -0.92587   4.91515  -5.54227   0.01445  -0.76861   0.03603
  -0.88155   5.83489  -5.59557   0.00649  -0.79556  -0.00927
  -0.62051  -2.31581   0.00000   0.00000   0.00000   0.55776
  -0.59791  -1.75182   0.00000   0.00000   0.00000   0.48800
  -0.56611  -1.05068   0.00000   0.00000   0.00000   0.40579
  -0.54696  -0.42327   0.00000   0.00000   0.00000   0.34910
  -0.50019   0.32970   0.00000   0.00000   0.00000   0.27682
  -0.47094   1.20044   0.00000   0.00000   0.00000   0.18596
  -0.41913   2.16023   0.00000   0.00000   0.00000   0.09331
  -0.34823   3.54911   0.00000   0.00000   0.00000  -0.03086
  -0.28854   4.30413   0.00000   0.00000   0.00000  -0.10540
  -0.24968   5.04629   0.00000   0.00000   0.00000  -0.17720
  -0.61955  -2.31447   0.00000   0.00000   0.00000   0.56224
  -0.59943  -1.77480   0.00000   0.00000   0.00000   0.49661
  -0.57025  -1.05476   0.00000   0.00000   0.00000   0.40893
  -0.54531  -0.43490   0.00000   0.00000   0.00000   0.35299
  -0.50608   0.30896   0.00000   0.00000   0.00000   0.28082
  -0.46499   1.20046   0.00000   0.00000   0.00000   0.18761
  -0.41228   2.16702   0.00000   0.00000   0.00000   0.09485
  -0.34517   3.56935   0.00000   0.00000   0.00000  -0.02708
  -0.29820   4.27836   0.00000   0.00000   0.00000  -0.09893
  -0.25321   5.05995   0.00000   0.00000   0.00000  -0.17152
  -0.61153  -2.30145   0.00000   0.00000   0.00000   0.55998
  -0.59790  -1.77829   0.00000   0.00000   0.00000   0.49853
  -0.56096  -1.05636   0.00000   0.00000   0.00000   0.41103
  -0.53967  -0.43564   0.00000   0.00000   0.00000   0.35390
  -0.50164   0.31035   0.00000   0.00000   0.00000   0.28166
  -0.45737   1.18708   0.00000   0.00000   0.00000   0.18786
  -0.41141   2.16488   0.00000   0.00000   0.00000   0.09639
  -0.34104   3.56245   0.00000   0.00000   0.00000  -0.02578
  -0.29498   4.26095   0.00000   0.00000   0.00000  -0.09585
  -0.25164   5.04947   0.00000   0.00000   0.00000  -0.16895
  -0.62599  -2.27323   0.00000   0.00000   0.00000   0.55811
  -0.60080  -1.74542   0.00000   0.00000   0.00000   0.49628
  -0.56623  -1.02377   0.00000   0.00000   0.00000   0.41112
  -0.54913  -0.35574   0.00000   0.00000   0.00000   0.35490
  -0.52177   0.42276   0.00000   0.00000   0.00000   0.28021
  -0.48950   1.31075   0.00000   0.00000   0.00000   0.19539
  -0.46857   2.29864   0.00000   0.00000   0.00000   0.10905
  -0.40384   3.74943   0.00000   0.00000   0.00000  -0.01958
  -0.35268   4.52874   0.00000   0.00000   0.00000  -0.09435
  -0.30503   5.30497   0.00000   0.00000   0.00000  -0.16304
  -0.66622  -2.37219   0.00000   0.00000   0.00000   0.58443
  -0.63965  -1.82150   0.00000   0.00000   0.00000   0.51924
  -0.59752  -1.06357   0.00000   0.00000   0.00000   0.43260
  -0.57732  -0.36689   0.00000   0.00000   0.00000   0.37137
  -0.55444   0.42365   0.00000   0.00000   0.00000   0.29558
  -0.53098   1.36654   0.00000   0.00000   0.00000   0.20094
  -0.50947   2.38714   0.00000   0.00000   0.00000   0.11534
  -0.46831   3.86719   0.00000   0.00000   0.00000  -0.01309
  -0.44056   4.64857   0.00000   0.00000   0.00000  -0.08560
  -0.40482   5.41554   0.00000   0.00000   0.00000  -0.15374
  -0.78111  -2.51437   0.00000   0.00000   0.00000   0.64391
  -0.75716  -1.93723   0.00000   0.00000   0.00000   0.57250
  -0.70765  -1.14931   0.00000   0.00000   0.00000   0.48070
  -0.67729  -0.46890   0.00000   0.00000   0.00000   0.41637
  -0.64565   0.37559   0.00000   0.00000   0.00000   0.32710
  -0.63294   1.32946   0.00000   0.00000   0.00000   0.23658
  -0.61984   2.36602   0.00000   0.00000   0.00000   0.15108
  -0.60111   3.89538   0.00000   0.00000   0.00000   0.02425
  -0.58350   4.71304   0.00000   0.00000   0.00000  -0.04165
  -0.56488   5.56893   0.00000   0.00000   0.00000  -0.11135
  -1.10674  -2.56715   0.00000   0.00000   0.00000   0.65833
  -1.09379  -1.96973   0.00000   0.00000   0.00000   0.58977
  -1.04453  -1.17986   0.00000   0.00000   0.00000   0.50720
  -1.02753  -0.46904   0.00000   0.00000   0.00000   0.45047
  -1.02063   0.40676   0.00000   0.00000   0.00000   0.36313
  -1.00841   1.41071   0.00000   0.00000   0.00000   0.26943
  -0.99055   2.52469   0.00000   0.00000   0.00000   0.16500
  -0.94089   4.15751   0.00000   0.00000   0.00000   0.01383
  -0.90967   4.99955   0.00000   0.00000   0.00000  -0.04489
  -0.87150   5.86539   0.00000   0.00000   0.00000  -0.09219
  -0.62475  -2.45968  -1.24745   0.00195  -0.16515   0.58239
  -0.59443  -1.88114  -1.09253   0.00259  -0.13485   0.51000
  -0.56900  -1.10073  -0.94592   0.00212  -0.10081   0.42139
  -0.56499  -0.34649  -0.97332   0.00129  -0.09574   0.34230
  -0.51200   0.45341  -1.14731   0.00124  -0.12090   0.25879
  -0.45694   1.32159  -1.33158   0.00041  -0.15251   0.16609
  -0.41496   2.29932  -1.51389   0.00152  -0.18275   0.07159
  -0.34157   3.64613  -1.76099   0.00330  -0.23062  -0.05975
  -0.31253   4.45565  -1.92361   0.00602  -0.25702  -0.13133
  -0.27056   5.17444  -2.05717   0.00682  -0.28986  -0.20334
  -0.61235  -2.46162  -1.24501   0.00184  -0.16643   0.58557
  -0.59339  -1.91356  -1.10561   0.00241  -0.13873   0.52015
  -0.56715  -1.12485  -0.96599   0.00187  -0.10464   0.43083
  -0.53866  -0.33610  -0.98883   0.00114  -0.09880   0.34140
  -0.51137   0.43962  -1.15855   0.00078  -0.12245   0.26476
  -0.45363   1.30743  -1.33852   0.00030  -0.15344   0.16921
  -0.40330   2.28193  -1.52873   0.00064  -0.18600   0.07531
  -0.34205   3.66176  -1.77870   0.00297  -0.23204  -0.05686
  -0.30563   4.44021  -1.96076   0.00590  -0.26166  -0.12571
  -0.26511   5.18240  -2.11778   0.00676  -0.29535  -0.19264
  -0.61439  -2.46043  -1.25223   0.00171  -0.16821   0.58608
  -0.59155  -1.90777  -1.11256   0.00234  -0.13967   0.51894
  -0.56206  -1.11344  -0.96753   0.00172  -0.10562   0.42722
  -0.55249  -0.35484  -1.01041   0.00081  -0.10285   0.34834
  -0.50734   0.44431  -1.15966   0.00059  -0.12391   0.26347
  -0.45139   1.31610  -1.34740   0.00005  -0.15535   0.16846
  -0.39881   2.27747  -1.53186   0.00024  -0.18759   0.07461
  -0.33721   3.65778  -1.79914   0.00272  -0.23590  -0.05681
  -0.30260   4.39980  -1.97692   0.00505  -0.26572  -0.12327
  -0.26276   5.17817  -2.15760   0.00658  -0.30332  -0.19280
  -0.62702  -2.40776  -1.19823  -0.00290  -0.14954   0.57782
  -0.60218  -1.86698  -1.05382   0.00183  -0.12719   0.51597
  -0.57760  -1.06429  -0.96818  -0.00657  -0.09140   0.42840
  -0.53486  -0.27602  -1.00452  -0.00496  -0.10162   0.34700
  -0.50485   0.48532  -1.11818  -0.00059  -0.11570   0.26585
  -0.48158   1.38005  -1.32509  -0.00201  -0.14761   0.17778
  -0.45041   2.33962  -1.50853   0.00066  -0.18859   0.09354
  -0.39541   3.79336  -1.72793  -0.00371  -0.23017  -0.03684
  -0.37809   4.56423  -1.92411   0.00587  -0.26058  -0.11194
  -0.33798   5.32969  -2.10819   0.01193  -0.29497  -0.18012
  -0.64347  -2.44401  -1.26407  -0.00104  -0.15252   0.60014
  -0.61949  -1.89527  -1.13423   0.00019  -0.12626   0.53765
  -0.58327  -1.08926  -1.02492  -0.00193  -0.09913   0.44742
  -0.54427  -0.27677  -1.05099  -0.00342  -0.09814   0.36347
  -0.51080   0.52886  -1.24100  -0.00387  -0.13053   0.27790
  -0.47762   1.44635  -1.43455   0.00009  -0.15822   0.18498
  -0.46136   2.45659  -1.64606  -0.00105  -0.19433   0.09660
  -0.42740   3.91104  -1.91501  -0.00004  -0.24574  -0.03360
  -0.40887   4.68795  -2.08413   0.00345  -0.27491  -0.10258
  -0.38576   5.44138  -2.20909   0.00184  -0.30732  -0.16568
  -0.77103  -2.56714  -1.29299   0.00509  -0.15454   0.65219
  -0.74293  -2.00743  -1.11270   0.00741  -0.12429   0.58672
  -0.69552  -1.15977  -0.98071   0.00470  -0.09294   0.49010
  -0.65118  -0.32839  -1.05740   0.00410  -0.09355   0.39582
  -0.61726   0.52612  -1.29715   0.00364  -0.12945   0.29912
  -0.58922   1.46201  -1.52079   0.00541  -0.16480   0.20246
  -0.58042   2.46157  -1.75708   0.01013  -0.19880   0.11106
  -0.54999   3.96243  -1.94887   0.00217  -0.27096  -0.01550
  -0.53458   4.75399  -2.03590  -0.00428  -0.30347  -0.08405
  -0.51143   5.54948  -2.14511  -0.00807  -0.33299  -0.15361
  -1.06840  -2.61347  -1.29361   0.00512  -0.14907   0.65941
  -1.04274  -2.01217  -1.13756   0.00263  -0.11877   0.59029
  -0.99079  -1.15165  -1.00390   0.00463  -0.08467   0.49559
  -0.97660  -0.31248  -1.08717   0.00102  -0.09401   0.41183
  -0.95507   0.54720  -1.32837   0.00329  -0.13831   0.32522
  -0.92060   1.53065  -1.55458   0.00507  -0.18390   0.21925
  -0.90316   2.57367  -1.79049   0.00499  -0.22761   0.11844
  -0.89027   4.12688  -2.13647   0.00807  -0.30072  -0.02162
  -0.85539   4.95957  -2.27598   0.00866  -0.32949  -0.09286
  -0.80567   5.81370  -2.36647   0.00579  -0.35346  -0.15956
  -0.59667  -3.04909  -3.11156   0.00517  -0.39202   0.70686
  -0.57449  -2.30487  -2.94250   0.00739  -0.34723   0.60780
  -0.57479  -1.22810  -2.79332   0.00662  -0.30321   0.46541
  -0.53977  -0.13731  -2.77274   0.00508  -0.28262   0.31796
  -0.47415   0.93692  -2.88634   0.00387  -0.29276   0.17838
  -0.43458   1.96885  -3.21560   0.00328  -0.33569   0.05355
  -0.37632   2.94320  -3.67463   0.00258  -0.41820  -0.04986
  -0.27714   4.26591  -4.48069   0.00173  -0.58150  -0.18351
  -0.20717   4.96642  -4.86251   0.00577  -0.65910  -0.26015
  -0.17309   5.74562  -5.24279   0.00741  -0.74366  -0.34106
  -0.59587  -3.05748  -3.13987   0.00465  -0.39646   0.71298
  -0.59209  -2.33104  -2.98064   0.00640  -0.35513   0.61671
  -0.56782  -1.22263  -2.79920   0.00617  -0.30407   0.46598
  -0.54312  -0.15710  -2.80478   0.00453  -0.28734   0.32313
  -0.48528   0.93082  -2.92925   0.00315  -0.29657   0.18237
  -0.43188   1.99385  -3.25594   0.00294  -0.33961   0.05239
  -0.37621   2.97100  -3.71834   0.00143  -0.42295  -0.05224
  -0.27871   4.26028  -4.49678   0.00220  -0.57825  -0.18138
  -0.22886   5.01910  -4.98290   0.00489  -0.66896  -0.25537
  -0.17573   5.68254  -5.31183   0.00711  -0.74560  -0.32528
  -0.59184  -3.06739  -3.17677   0.00423  -0.40206   0.71634
  -0.58559  -2.34046  -2.99718   0.00606  -0.35834   0.61893
  -0.56612  -1.22439  -2.82684   0.00586  -0.30782   0.46641
  -0.53684  -0.15683  -2.80343   0.00399  -0.28892   0.32155
  -0.48029   0.93337  -2.93063   0.00265  -0.29756   0.18053
  -0.42734   1.99662  -3.26180   0.00258  -0.34079   0.04963
  -0.37677   2.99463  -3.75712   0.00088  -0.42770  -0.05508
  -0.27976   4.32604  -4.59964   0.00201  -0.59043  -0.18814
  -0.22904   5.01357  -5.02461   0.00473  -0.67545  -0.25521
  -0.17751   5.69420  -5.38510   0.00719  -0.75588  -0.32532
  -0.61977  -2.96853  -3.07361   0.00279  -0.37379   0.69207
  -0.60291  -2.23450  -2.91298   0.00652  -0.32912   0.60166
  -0.57330  -1.17164  -2.80052   0.00516  -0.28199   0.46485
  -0.53163  -0.03034  -2.83769   0.00139  -0.28238   0.32327
  -0.48721   1.03297  -2.98469   0.00204  -0.28807   0.17978
  -0.44897   2.03772  -3.33720   0.00123  -0.33746   0.06507
  -0.40427   3.00494  -3.80331   0.00445  -0.43021  -0.02476
  -0.32693   4.32135  -4.51890   0.00053  -0.57573  -0.15049
  -0.27054   5.02868  -4.83744   0.00424  -0.65050  -0.22399
  -0.22606   5.74349  -5.16753   0.01099  -0.72133  -0.29716
  -0.64187  -3.01385  -3.25635   0.00338  -0.38134   0.71596
  -0.62660  -2.26456  -3.09914   0.00415  -0.34332   0.62017
  -0.58770  -1.14456  -2.98429   0.00320  -0.30186   0.47923
  -0.54939  -0.02221  -2.99571   0.00498  -0.29003   0.33194
  -0.50187   1.12192  -3.15095   0.00328  -0.30792   0.18176
  -0.47223   2.15502  -3.52388   0.00397  -0.36010   0.06059
  -0.44072   3.14936  -4.05294   0.00351  -0.45575  -0.04021
  -0.36204   4.46932  -4.78279   0.00563  -0.61022  -0.16571
  -0.31550   5.16199  -5.16032   0.00796  -0.68823  -0.23343
  -0.27120   5.86067  -5.48454   0.00891  -0.76424  -0.30055
  -0.77761  -3.09252  -3.34658   0.00676  -0.38619   0.76419
  -0.75086  -2.34933  -3.17225   0.01315  -0.34945   0.66786
  -0.71126  -1.17498  -3.03025   0.01329  -0.30610   0.51044
  -0.66561   0.02454  -3.04948   0.00921  -0.29749   0.35018
  -0.62332   1.19153  -3.23898   0.01065  -0.31187   0.18856
  -0.58678   2.21360  -3.65078   0.01687  -0.36987   0.05528
  -0.55291   3.20578  -4.23968   0.01730  -0.47572  -0.04955
  -0.49327   4.54911  -5.07390   0.02026  -0.64961  -0.19253
  -0.44367   5.30128  -5.32684   0.01421  -0.72245  -0.26360
  -0.38226   6.12288  -5.44031   0.00334  -0.78436  -0.33126
  -1.07714  -3.27407  -3.46414   0.01083  -0.41844   0.81008
  -1.05439  -2.43974  -3.27942   0.01091  -0.36600   0.69522
  -1.02202  -1.21556  -3.14221   0.00966  -0.31850   0.53054
  -0.98898   0.01460  -3.17435   0.00986  -0.31030   0.35885
  -0.94643   1.23438  -3.38365   0.01239  -0.34292   0.19054
  -0.89838   2.36468  -3.76848   0.01219  -0.41992   0.05125
  -0.85378   3.38294  -4.36549   0.01199  -0.55184  -0.05630
  -0.78517   4.76311  -5.26809   0.01593  -0.74425  -0.18949
  -0.75255   5.57410  -5.60620   0.01432  -0.82024  -0.25140
  -0.72333   6.48610  -5.78567   0.00780  -0.87564  -0.30868
  -0.45432  -1.63470   0.00000   0.00000   0.00000   0.28610
  -0.44850  -1.10850   0.00000   0.00000   0.00000   0.22878
  -0.45172  -0.46611   0.00000   0.00000   0.00000   0.16911
  -0.44197   0.11761   0.00000   0.00000   0.00000   0.13246
  -0.41544   0.82084   0.00000   0.00000   0.00000   0.07531
  -0.39641   1.69221   0.00000   0.00000   0.00000  -0.00614
  -0.35779   2.68653   0.00000   0.00000   0.00000  -0.10772
  -0.28867   4.14463   0.00000   0.00000   0.00000  -0.25714
  -0.23727   4.89020   0.00000   0.00000   0.00000  -0.33852
  -0.19916   5.67599   0.00000   0.00000   0.00000  -0.42263
  -0.44730  -1.65730   0.00000   0.00000   0.00000   0.29227
  -0.44597  -1.13540   0.00000   0.00000   0.00000   0.23529
  -0.42976  -0.46475   0.00000   0.00000   0.00000   0.17162
  -0.42682   0.10928   0.00000   0.00000   0.00000   0.13490
  -0.39995   0.81883   0.00000   0.00000   0.00000   0.07688
  -0.38344   1.69670   0.00000   0.00000   0.00000  -0.00512
  -0.34602   2.68794   0.00000   0.00000   0.00000  -0.10531
  -0.27598   4.11241   0.00000   0.00000   0.00000  -0.25229
  -0.23068   4.89568   0.00000   0.00000   0.00000  -0.33580
  -0.19009   5.67888   0.00000   0.00000   0.00000  -0.41550
  -0.43805  -1.64142   0.00000   0.00000   0.00000   0.29020
  -0.42817  -1.10915   0.00000   0.00000   0.00000   0.23072
  -0.42440  -0.46588   0.00000   0.00000   0.00000   0.17228
  -0.41666   0.11580   0.00000   0.00000   0.00000   0.13538
  -0.39916   0.81908   0.00000   0.00000   0.00000   0.07833
  -0.37904   1.70553   0.00000   0.00000   0.00000  -0.00521
  -0.34142   2.67428   0.00000   0.00000   0.00000  -0.10389
  -0.26831   4.10599   0.00000   0.00000   0.00000  -0.25174
  -0.22776   4.89359   0.00000   0.00000   0.00000  -0.33468
  -0.18705   5.69242   0.00000   0.00000   0.00000  -0.41604
  -0.45199  -1.60720   0.00000   0.00000   0.00000   0.28461
  -0.44316  -1.07830   0.00000   0.00000   0.00000   0.22799
  -0.42389  -0.42416   0.00000   0.00000   0.00000   0.17375
  -0.42329   0.18564   0.00000   0.00000   0.00000   0.14004
  -0.41908   0.87989   0.00000   0.00000   0.00000   0.08026
  -0.40721   1.77104   0.00000   0.00000   0.00000   0.00070
  -0.37544   2.78895   0.00000   0.00000   0.00000  -0.09581
  -0.32199   4.32640   0.00000   0.00000   0.00000  -0.25161
  -0.28365   5.13811   0.00000   0.00000   0.00000  -0.33575
  -0.26720   5.93146   0.00000   0.00000   0.00000  -0.41601
  -0.47323  -1.60592   0.00000   0.00000   0.00000   0.29185
  -0.47167  -1.08446   0.00000   0.00000   0.00000   0.23215
  -0.46316  -0.41983   0.00000   0.00000   0.00000   0.17571
  -0.46061   0.20547   0.00000   0.00000   0.00000   0.13939
  -0.45641   0.97482   0.00000   0.00000   0.00000   0.07919
  -0.45173   1.85978   0.00000   0.00000   0.00000  -0.00201
  -0.43475   2.88893   0.00000   0.00000   0.00000  -0.09948
  -0.40255   4.45301   0.00000   0.00000   0.00000  -0.25698
  -0.39546   5.23670   0.00000   0.00000   0.00000  -0.34289
  -0.35730   6.00816   0.00000   0.00000   0.00000  -0.41477
  -0.57518  -1.62901   0.00000   0.00000   0.00000   0.29980
  -0.56006  -1.09651   0.00000   0.00000   0.00000   0.23996
  -0.54491  -0.40352   0.00000   0.00000   0.00000   0.18083
  -0.54051   0.19873   0.00000   0.00000   0.00000   0.14349
  -0.53868   0.95108   0.00000   0.00000   0.00000   0.07963
  -0.53416   1.87659   0.00000   0.00000   0.00000   0.00049
  -0.53515   2.90912   0.00000   0.00000   0.00000  -0.09358
  -0.53036   4.47750   0.00000   0.00000   0.00000  -0.24775
  -0.52467   5.26390   0.00000   0.00000   0.00000  -0.32024
  -0.51297   6.04642   0.00000   0.00000   0.00000  -0.38429
  -0.86041  -1.68240   0.00000   0.00000   0.00000   0.31599
  -0.84409  -1.10585   0.00000   0.00000   0.00000   0.25392
  -0.82538  -0.43095   0.00000   0.00000   0.00000   0.19653
  -0.82556   0.21792   0.00000   0.00000   0.00000   0.15592
  -0.83447   1.04027   0.00000   0.00000   0.00000   0.08689
  -0.83263   1.98764   0.00000   0.00000   0.00000  -0.00267
  -0.82974   3.07605   0.00000   0.00000   0.00000  -0.10907
  -0.79702   4.71138   0.00000   0.00000   0.00000  -0.28916
  -0.76694   5.54916   0.00000   0.00000   0.00000  -0.37024
  -0.72805   6.39173   0.00000   0.00000   0.00000  -0.44061
  -0.45290  -1.80299  -1.18502   0.00081  -0.14627   0.31857
  -0.44587  -1.27139  -1.03373   0.00127  -0.11258   0.26205
  -0.43335  -0.51615  -0.88640   0.00148  -0.07521   0.18609
  -0.43745   0.21383  -0.90551   0.00101  -0.07160   0.11759
  -0.41302   0.97821  -1.11241   0.00097  -0.10785   0.05056
  -0.37406   1.82502  -1.32566   0.00176  -0.15198  -0.03534
  -0.33012   2.79682  -1.51676   0.00346  -0.19218  -0.13626
  -0.27516   4.24009  -1.81880   0.00589  -0.25604  -0.28711
  -0.24188   5.01591  -1.98072   0.00826  -0.28634  -0.36634
  -0.20307   5.82358  -2.15712   0.00930  -0.32721  -0.44754
  -0.44426  -1.82199  -1.20109   0.00056  -0.14993   0.32482
  -0.43675  -1.28344  -1.04446   0.00103  -0.11625   0.26658
  -0.42717  -0.53130  -0.89701   0.00094  -0.07891   0.19036
  -0.41742   0.21026  -0.92516   0.00051  -0.07567   0.12029
  -0.40434   0.96386  -1.11421   0.00045  -0.10904   0.05236
  -0.36297   1.81333  -1.33847   0.00136  -0.15412  -0.03438
  -0.32058   2.79832  -1.54569   0.00266  -0.19825  -0.13412
  -0.26531   4.22402  -1.83076   0.00551  -0.25808  -0.28305
  -0.23647   4.98205  -2.00469   0.00801  -0.28970  -0.35787
  -0.19600   5.76676  -2.18959   0.00908  -0.32998  -0.43297
  -0.43805  -1.80709  -1.21040   0.00056  -0.15107   0.32261
  -0.42432  -1.27313  -1.05721   0.00109  -0.11716   0.26605
  -0.41882  -0.51717  -0.89793   0.00083  -0.07963   0.18838
  -0.41523   0.20569  -0.93509   0.00015  -0.07868   0.12062
  -0.40308   0.96150  -1.11788   0.00008  -0.11009   0.05246
  -0.36129   1.81647  -1.33378   0.00111  -0.15483  -0.03515
  -0.31589   2.79169  -1.54937   0.00222  -0.19947  -0.13453
  -0.26693   4.26027  -1.87004   0.00534  -0.26329  -0.28571
  -0.23105   4.98621  -2.04317   0.00805  -0.29777  -0.35914
  -0.19235   5.78957  -2.23766   0.00892  -0.33898  -0.43427
  -0.44749  -1.77782  -1.15787  -0.00509  -0.13123   0.31710
  -0.42836  -1.26043  -0.95299  -0.00001  -0.09039   0.26623
  -0.42487  -0.49422  -0.86261   0.00230  -0.05619   0.19322
  -0.41063   0.25572  -0.94987   0.00094  -0.06640   0.12644
  -0.40289   1.02092  -1.09430  -0.00264  -0.09841   0.06129
  -0.38553   1.90453  -1.30190   0.00221  -0.13985  -0.02547
  -0.36221   2.91316  -1.53226   0.00161  -0.19258  -0.12061
  -0.33316   4.41509  -1.81424   0.00373  -0.24731  -0.27645
  -0.30869   5.21518  -1.98709   0.01017  -0.28559  -0.35764
  -0.26662   6.01797  -2.14917   0.01462  -0.31050  -0.43466
  -0.46204  -1.78217  -1.24287  -0.00090  -0.14603   0.32695
  -0.45810  -1.24326  -1.08196  -0.00130  -0.11025   0.27059
  -0.43456  -0.45861  -0.95469  -0.00098  -0.07354   0.19409
  -0.41513   0.29633  -0.98611  -0.00106  -0.07893   0.12584
  -0.40969   1.08477  -1.18853   0.00241  -0.11381   0.05593
  -0.39178   2.00050  -1.42254   0.00322  -0.15766  -0.03160
  -0.38782   3.01786  -1.66108   0.00380  -0.21084  -0.12917
  -0.36865   4.57151  -1.98819   0.00998  -0.27386  -0.28336
  -0.35073   5.33879  -2.16007   0.00921  -0.30587  -0.35960
  -0.32444   6.12823  -2.30481   0.00793  -0.33623  -0.43211
  -0.58240  -1.83612  -1.26428   0.00520  -0.14504   0.34762
  -0.56975  -1.29042  -1.08865   0.00640  -0.11216   0.29123
  -0.54108  -0.50273  -0.94392   0.00518  -0.07179   0.21164
  -0.52628   0.29878  -1.01933   0.00425  -0.07477   0.13655
  -0.51792   1.10203  -1.27816   0.00417  -0.12356   0.06498
  -0.50880   2.04296  -1.52182   0.00666  -0.17540  -0.02293
  -0.50378   3.08814  -1.74049   0.00376  -0.23993  -0.12014
  -0.49495   4.68411  -1.85829  -0.00599  -0.32472  -0.27825
  -0.47366   5.49835  -1.86042  -0.01344  -0.35033  -0.35391
  -0.44400   6.31122  -1.85561  -0.02055  -0.36829  -0.42392
  -0.90019  -1.91247  -1.29504   0.00529  -0.14265   0.36399
  -0.88397  -1.35432  -1.13397   0.00405  -0.10865   0.30614
  -0.85716  -0.49914  -1.00656   0.00599  -0.07554   0.22067
  -0.85912   0.30632  -1.07477   0.00335  -0.08129   0.15005
  -0.85791   1.16766  -1.33849   0.00571  -0.13315   0.06998
  -0.83670   2.14954  -1.57838   0.00506  -0.18833  -0.03385
  -0.82951   3.24085  -1.87591   0.00920  -0.24898  -0.14767
  -0.81075   4.88280  -2.26344   0.01317  -0.33737  -0.31955
  -0.78917   5.73719  -2.46064   0.01254  -0.38074  -0.39039
  -0.75716   6.60520  -2.62359   0.00825  -0.42242  -0.44789
  -0.43682  -2.42704  -3.03286   0.00518  -0.35165   0.45671
  -0.44070  -1.70236  -2.85048   0.00613  -0.30792   0.36459
  -0.44983  -0.64050  -2.70539   0.00514  -0.26636   0.22666
  -0.42762   0.45074  -2.71579   0.00349  -0.25660   0.08337
  -0.37581   1.50876  -2.85861   0.00218  -0.28154  -0.05382
  -0.34171   2.59952  -3.26469   0.00306  -0.34642  -0.18906
  -0.28794   3.58262  -3.76590   0.00439  -0.45077  -0.29724
  -0.20403   4.87112  -4.57835   0.00503  -0.62966  -0.43449
  -0.15502   5.61903  -5.01600   0.00826  -0.71767  -0.51371
  -0.11781   6.35871  -5.38276   0.00950  -0.80805  -0.59375
  -0.43471  -2.45733  -3.07555   0.00475  -0.35851   0.46556
  -0.43327  -1.71979  -2.88948   0.00595  -0.31465   0.37105
  -0.43115  -0.63532  -2.73286   0.00511  -0.27046   0.22808
  -0.41519   0.43621  -2.74212   0.00320  -0.26160   0.08661
  -0.37117   1.52242  -2.90256   0.00185  -0.28716  -0.05371
  -0.33054   2.59395  -3.27807   0.00277  -0.34751  -0.18966
  -0.28291   3.58887  -3.79532   0.00315  -0.45442  -0.29866
  -0.21122   4.94810  -4.67942   0.00557  -0.63832  -0.43800
  -0.16680   5.61536  -5.09470   0.00777  -0.72401  -0.50549
  -0.11979   6.35507  -5.51742   0.00985  -0.82062  -0.58039
  -0.42598  -2.44040  -3.07576   0.00472  -0.35915   0.46353
  -0.43104  -1.72442  -2.90663   0.00579  -0.31715   0.37224
  -0.42852  -0.62440  -2.77213   0.00511  -0.27563   0.22709
  -0.40946   0.45786  -2.78389   0.00320  -0.26803   0.08386
  -0.36873   1.52962  -2.93680   0.00160  -0.29171  -0.05482
  -0.32374   2.57989  -3.25288   0.00241  -0.34564  -0.19070
  -0.28076   3.60759  -3.82405   0.00268  -0.45846  -0.30351
  -0.20510   4.92528  -4.70086   0.00538  -0.64108  -0.43865
  -0.16474   5.59195  -5.12120   0.00721  -0.72899  -0.50330
  -0.11931   6.30762  -5.53167   0.00955  -0.82268  -0.57677
  -0.44356  -2.35115  -2.94963  -0.00157  -0.32751   0.44430
  -0.45815  -1.65762  -2.80706   0.00383  -0.28019   0.35679
  -0.44450  -0.56112  -2.68632  -0.00286  -0.23958   0.22129
  -0.42528   0.52917  -2.73855  -0.00100  -0.24357   0.08637
  -0.38808   1.58073  -2.88601  -0.00105  -0.25633  -0.05074
  -0.36782   2.58263  -3.28995  -0.00339  -0.32871  -0.16394
  -0.34534   3.56712  -3.87645   0.00646  -0.45538  -0.26399
  -0.27159   4.88257  -4.63529   0.00476  -0.62198  -0.39729
  -0.21668   5.60943  -4.96610   0.00697  -0.70209  -0.47600
  -0.17596   6.33996  -5.28792   0.01293  -0.77285  -0.54828
  -0.46003  -2.34894  -3.15190   0.00077  -0.34245   0.45555
  -0.45223  -1.60851  -2.97096   0.00441  -0.29729   0.36201
  -0.43630  -0.49478  -2.87969   0.00184  -0.25840   0.22219
  -0.41731   0.63570  -2.86363   0.00132  -0.25425   0.07645
  -0.38885   1.74602  -3.08574  -0.00190  -0.28456  -0.06612
  -0.37610   2.80699  -3.52312   0.00382  -0.35908  -0.19099
  -0.35593   3.80380  -4.10510   0.00268  -0.48470  -0.29770
  -0.29461   5.12027  -4.94434   0.00411  -0.67515  -0.42265
  -0.25527   5.82680  -5.34212   0.00745  -0.75949  -0.49153
  -0.21839   6.54603  -5.68176   0.00990  -0.83809  -0.56223
  -0.58148  -2.52735  -3.26312   0.01392  -0.36618   0.48498
  -0.57391  -1.76107  -3.08490   0.01590  -0.31377   0.38626
  -0.55190  -0.55650  -2.96517   0.01277  -0.26683   0.22928
  -0.53185   0.64517  -3.02142   0.01093  -0.26058   0.06856
  -0.50983   1.83543  -3.26628   0.00693  -0.29803  -0.08011
  -0.49529   2.90278  -3.70363   0.00656  -0.38999  -0.19794
  -0.47771   3.98860  -4.26139   0.00711  -0.52788  -0.30966
  -0.43868   5.43937  -4.87151   0.00005  -0.72623  -0.45491
  -0.40793   6.21987  -5.04313  -0.00827  -0.79732  -0.52138
  -0.37672   7.03031  -5.17192  -0.01705  -0.85449  -0.58293
  -0.89258  -2.58163  -3.40509   0.00941  -0.38261   0.53070
  -0.88492  -1.74532  -3.20381   0.00770  -0.32814   0.41598
  -0.87133  -0.52238  -3.09389   0.00954  -0.28532   0.24931
  -0.84481   0.74543  -3.12999   0.00766  -0.28435   0.07114
  -0.82061   1.96368  -3.36831   0.00977  -0.32444  -0.10217
  -0.79375   3.11057  -3.81034   0.01094  -0.42122  -0.24796
  -0.77579   4.15502  -4.47042   0.01171  -0.59998  -0.36342
  -0.73122   5.56164  -5.52056   0.01368  -0.83602  -0.49000
  -0.71105   6.36012  -5.96491   0.01517  -0.92938  -0.55250
  -0.69302   7.22647  -6.29429   0.01508  -1.00373  -0.61316
  -0.39251  -1.06954   0.00000   0.00000   0.00000   0.05692
  -0.39785  -0.56904   0.00000   0.00000   0.00000   0.01120
  -0.39728   0.02093   0.00000   0.00000   0.00000  -0.02338
  -0.41638   0.57946   0.00000   0.00000   0.00000  -0.05333
  -0.39126   1.30867   0.00000   0.00000   0.00000  -0.12136
  -0.38669   2.23295   0.00000   0.00000   0.00000  -0.22209
  -0.35955   3.27982   0.00000   0.00000   0.00000  -0.34574
  -0.30129   4.76254   0.00000   0.00000   0.00000  -0.51588
  -0.25493   5.54930   0.00000   0.00000   0.00000  -0.60208
  -0.22034   6.32089   0.00000   0.00000   0.00000  -0.68625
  -0.38553  -1.06742   0.00000   0.00000   0.00000   0.05817
  -0.39328  -0.58063   0.00000   0.00000   0.00000   0.01321
  -0.39432   0.01170   0.00000   0.00000   0.00000  -0.02198
  -0.39870   0.57483   0.00000   0.00000   0.00000  -0.05170
  -0.38547   1.31760   0.00000   0.00000   0.00000  -0.12095
  -0.37300   2.21808   0.00000   0.00000   0.00000  -0.22000
  -0.34732   3.27928   0.00000   0.00000   0.00000  -0.34522
  -0.28730   4.75356   0.00000   0.00000   0.00000  -0.51203
  -0.25000   5.53548   0.00000   0.00000   0.00000  -0.59681
  -0.21376   6.32496   0.00000   0.00000   0.00000  -0.67961
  -0.37592  -1.06980   0.00000   0.00000   0.00000   0.05872
  -0.38286  -0.57931   0.00000   0.00000   0.00000   0.01404
  -0.38721   0.01429   0.00000   0.00000   0.00000  -0.02172
  -0.38623   0.57866   0.00000   0.00000   0.00000  -0.05217
  -0.37793   1.32464   0.00000   0.00000   0.00000  -0.12197
  -0.36548   2.22196   0.00000   0.00000   0.00000  -0.22095
  -0.33433   3.24573   0.00000   0.00000   0.00000  -0.34173
  -0.27943   4.81383   0.00000   0.00000   0.00000  -0.51943
  -0.23388   5.50435   0.00000   0.00000   0.00000  -0.59416
  -0.19478   6.27352   0.00000   0.00000   0.00000  -0.67469
  -0.39778  -1.05252   0.00000   0.00000   0.00000   0.05448
  -0.39918  -0.58064   0.00000   0.00000   0.00000   0.01506
  -0.39993  -0.00904   0.00000   0.00000   0.00000  -0.01147
  -0.40233   0.58840   0.00000   0.00000   0.00000  -0.03996
  -0.41771   1.32173   0.00000   0.00000   0.00000  -0.10750
  -0.41077   2.29469   0.00000   0.00000   0.00000  -0.20894
  -0.39433   3.32561   0.00000   0.00000   0.00000  -0.33118
  -0.36518   4.96728   0.00000   0.00000   0.00000  -0.51249
  -0.34750   5.78693   0.00000   0.00000   0.00000  -0.60263
  -0.30823   6.57548   0.00000   0.00000   0.00000  -0.68692
  -0.42604  -1.00398   0.00000   0.00000   0.00000   0.04996
  -0.43028  -0.52470   0.00000   0.00000   0.00000   0.00935
  -0.42857   0.08697   0.00000   0.00000   0.00000  -0.01699
  -0.44426   0.69257   0.00000   0.00000   0.00000  -0.04618
  -0.45599   1.46302   0.00000   0.00000   0.00000  -0.11913
  -0.46503   2.42911   0.00000   0.00000   0.00000  -0.22187
  -0.45823   3.49803   0.00000   0.00000   0.00000  -0.34604
  -0.44932   5.10129   0.00000   0.00000   0.00000  -0.52599
  -0.43594   5.93036   0.00000   0.00000   0.00000  -0.61509
  -0.41550   6.70702   0.00000   0.00000   0.00000  -0.69234
  -0.51566  -1.12292   0.00000   0.00000   0.00000   0.07234
  -0.51855  -0.61142   0.00000   0.00000   0.00000   0.02751
  -0.51147   0.00678   0.00000   0.00000   0.00000   0.00026
  -0.51116   0.62506   0.00000   0.00000   0.00000  -0.03245
  -0.51370   1.43984   0.00000   0.00000   0.00000  -0.10681
  -0.52428   2.44261   0.00000   0.00000   0.00000  -0.21384
  -0.53077   3.57676   0.00000   0.00000   0.00000  -0.34091
  -0.53305   5.22130   0.00000   0.00000   0.00000  -0.51982
  -0.54717   6.03384   0.00000   0.00000   0.00000  -0.59387
  -0.54110   6.80806   0.00000   0.00000   0.00000  -0.64795
  -0.84618  -1.15450   0.00000   0.00000   0.00000   0.07131
  -0.85574  -0.61152   0.00000   0.00000   0.00000   0.02625
  -0.84125   0.03974   0.00000   0.00000   0.00000  -0.00269
  -0.86103   0.70051   0.00000   0.00000   0.00000  -0.03982
  -0.87871   1.58678   0.00000   0.00000   0.00000  -0.12588
  -0.89105   2.63350   0.00000   0.00000   0.00000  -0.23676
  -0.89421   3.83572   0.00000   0.00000   0.00000  -0.38222
  -0.87333   5.61875   0.00000   0.00000   0.00000  -0.60273
  -0.85611   6.51268   0.00000   0.00000   0.00000  -0.68194
  -0.83416   7.39467   0.00000   0.00000   0.00000  -0.73278
  -0.38582  -1.24219  -1.11739  -0.00016  -0.11725   0.09402
  -0.39225  -0.74156  -0.96644  -0.00002  -0.08358   0.04739
  -0.39001  -0.00275  -0.84225  -0.00018  -0.05774  -0.01874
  -0.40002   0.72818  -0.92748  -0.00036  -0.07599  -0.08498
  -0.39041   1.49065  -1.15370   0.00069  -0.12639  -0.15687
  -0.36640   2.39238  -1.40204   0.00226  -0.18051  -0.25697
  -0.33550   3.39365  -1.59155   0.00390  -0.22239  -0.37209
  -0.28829   4.91309  -1.92302   0.00555  -0.29384  -0.54725
  -0.24993   5.68521  -2.07520   0.00775  -0.32483  -0.63271
  -0.22213   6.48577  -2.26512   0.00864  -0.37236  -0.71958
  -0.38440  -1.25471  -1.11932  -0.00029  -0.11943   0.09689
  -0.38163  -0.74340  -0.96557   0.00007  -0.08588   0.05023
  -0.39029  -0.01996  -0.85815  -0.00042  -0.06184  -0.01559
  -0.39703   0.70903  -0.94128  -0.00064  -0.07954  -0.08161
  -0.38464   1.46772  -1.14835   0.00036  -0.12676  -0.15349
  -0.35824   2.39949  -1.41190   0.00201  -0.18253  -0.25812
  -0.32225   3.36494  -1.60569   0.00311  -0.22644  -0.36889
  -0.28137   4.88830  -1.92489   0.00517  -0.29366  -0.54282
  -0.25026   5.67531  -2.11291   0.00721  -0.33005  -0.62664
  -0.21326   6.45853  -2.29827   0.00871  -0.37510  -0.70796
  -0.37661  -1.25026  -1.13394  -0.00018  -0.12075   0.09744
  -0.37162  -0.73065  -0.96977   0.00017  -0.08611   0.04930
  -0.38026  -0.01328  -0.85155  -0.00047  -0.06213  -0.01616
  -0.39194   0.72608  -0.95449  -0.00079  -0.08282  -0.08322
  -0.37844   1.49449  -1.17006   0.00035  -0.13072  -0.15660
  -0.34837   2.39282  -1.40405   0.00170  -0.18301  -0.25814
  -0.31314   3.39171  -1.62273   0.00269  -0.23042  -0.37274
  -0.26975   4.94138  -1.95008   0.00514  -0.29760  -0.54932
  -0.23548   5.63363  -2.11494   0.00621  -0.33242  -0.62238
  -0.20074   6.44312  -2.32510   0.00831  -0.38189  -0.70573
  -0.39319  -1.18335  -1.06992   0.00072  -0.10352   0.08822
  -0.39093  -0.67978  -0.90097   0.00458  -0.06847   0.04693
  -0.39476   0.02670  -0.81112  -0.00042  -0.04374  -0.01054
  -0.39280   0.75323  -0.92537  -0.00346  -0.07304  -0.06861
  -0.40089   1.48797  -1.12457   0.00731  -0.12038  -0.13539
  -0.39752   2.39586  -1.35167   0.00097  -0.16942  -0.23110
  -0.38546   3.43907  -1.57360   0.00292  -0.21745  -0.34888
  -0.37200   5.00819  -1.81908   0.00407  -0.26833  -0.52443
  -0.36285   5.80905  -2.02462   0.00943  -0.30307  -0.61278
  -0.33521   6.57376  -2.18905   0.01525  -0.32822  -0.68976
  -0.43424  -1.22319  -1.18386  -0.00123  -0.11759   0.10471
  -0.43643  -0.68468  -1.03593  -0.00134  -0.08218   0.05999
  -0.43854   0.04679  -0.94879  -0.00326  -0.05827  -0.00383
  -0.44346   0.81087  -1.04200  -0.00618  -0.08401  -0.06743
  -0.44786   1.62871  -1.28277  -0.00705  -0.13702  -0.14148
  -0.44639   2.55173  -1.54357   0.00013  -0.19504  -0.24178
  -0.43998   3.62426  -1.78386  -0.00113  -0.24322  -0.36182
  -0.42423   5.19582  -2.09109   0.00159  -0.30863  -0.53711
  -0.41440   6.03030  -2.26881   0.00347  -0.34037  -0.62371
  -0.39906   6.79840  -2.40474   0.00162  -0.37547  -0.69497
  -0.55968  -1.27777  -1.22750  -0.00261  -0.11599   0.11147
  -0.55414  -0.75421  -1.04608   0.00029  -0.08012   0.06634
  -0.54917   0.03006  -0.93647   0.00290  -0.05170  -0.00355
  -0.54939   0.80352  -1.06283  -0.00053  -0.07693  -0.06909
  -0.55667   1.63434  -1.36898  -0.00011  -0.14277  -0.14558
  -0.54757   2.60320  -1.65010   0.00636  -0.19743  -0.25536
  -0.55497   3.70111  -1.98760   0.01099  -0.25235  -0.38455
  -0.57083   5.30587  -2.42361   0.00973  -0.33495  -0.56023
  -0.54549   6.11004  -2.44315   0.00175  -0.36590  -0.63246
  -0.52331   6.91743  -2.32385  -0.01297  -0.39780  -0.68979
  -0.88107  -1.37914  -1.29759  -0.00133  -0.12681   0.12167
  -0.88304  -0.82130  -1.12465  -0.00094  -0.08989   0.06950
  -0.87031   0.01945  -1.01231  -0.00170  -0.06841  -0.00696
  -0.88173   0.83890  -1.12995  -0.00203  -0.09609  -0.07740
  -0.88636   1.71244  -1.43090   0.00252  -0.15958  -0.16189
  -0.88946   2.72595  -1.73144   0.00320  -0.23837  -0.27729
  -0.87823   3.85141  -2.02911   0.00739  -0.29787  -0.41470
  -0.87200   5.54852  -2.42891   0.01164  -0.38190  -0.61261
  -0.86591   6.43146  -2.63360   0.00828  -0.43489  -0.68685
  -0.85315   7.31908  -2.79627  -0.00048  -0.49161  -0.73883
  -0.36531  -1.83399  -2.91251   0.00325  -0.30396   0.21938
  -0.37662  -1.11346  -2.75114   0.00322  -0.26984   0.12557
  -0.39034  -0.01672  -2.67907   0.00182  -0.25118  -0.01991
  -0.39225   1.04055  -2.71152  -0.00005  -0.26165  -0.15831
  -0.35773   2.11890  -2.94477  -0.00043  -0.31390  -0.29372
  -0.33075   3.16999  -3.34082   0.00176  -0.39392  -0.42834
  -0.29547   4.18946  -3.90560   0.00433  -0.51458  -0.54345
  -0.23278   5.54009  -4.77582   0.00514  -0.70467  -0.69262
  -0.18609   6.29022  -5.21467   0.00877  -0.80136  -0.78052
  -0.15165   6.97390  -5.53346   0.01032  -0.88622  -0.85980
  -0.35354  -1.83277  -2.92445   0.00293  -0.30587   0.22241
  -0.36791  -1.11954  -2.78346   0.00307  -0.27543   0.12964
  -0.38183  -0.02240  -2.67917   0.00151  -0.25286  -0.01690
  -0.38074   1.04387  -2.73499  -0.00035  -0.26643  -0.15748
  -0.35497   2.12218  -2.97364  -0.00091  -0.31761  -0.29429
  -0.32253   3.20415  -3.38659   0.00153  -0.40006  -0.43393
  -0.28847   4.20821  -3.93864   0.00314  -0.51934  -0.54717
  -0.22977   5.53897  -4.79831   0.00576  -0.70387  -0.69051
  -0.19840   6.27151  -5.27095   0.00842  -0.80293  -0.77037
  -0.15544   7.02406  -5.69241   0.01114  -0.90326  -0.85249
  -0.35060  -1.84603  -2.95659   0.00303  -0.31046   0.22600
  -0.36410  -1.11079  -2.80506   0.00295  -0.27930   0.12929
  -0.37487  -0.01453  -2.70772   0.00152  -0.25806  -0.01818
  -0.37360   1.06287  -2.78115  -0.00025  -0.27422  -0.16090
  -0.35768   2.16304  -3.03770  -0.00134  -0.32642  -0.30085
  -0.32039   3.21271  -3.40670   0.00131  -0.40308  -0.43674
  -0.28541   4.22393  -3.97167   0.00294  -0.52438  -0.55180
  -0.23264   5.62869  -4.91452   0.00552  -0.72130  -0.70376
  -0.19701   6.27841  -5.31862   0.00904  -0.81331  -0.77295
  -0.15536   6.97249  -5.72628   0.01067  -0.90700  -0.84738
  -0.36162  -1.75648  -2.79389   0.00159  -0.27438   0.20781
  -0.37521  -1.03885  -2.66203   0.00097  -0.23496   0.11641
  -0.37200   0.03162  -2.63236  -0.00222  -0.22033  -0.01581
  -0.37402   1.07747  -2.73844  -0.00624  -0.24133  -0.14984
  -0.35882   2.16855  -2.93213  -0.00268  -0.29117  -0.28082
  -0.34512   3.20729  -3.37523  -0.00247  -0.38053  -0.40078
  -0.33761   4.17527  -3.95794   0.00243  -0.51645  -0.50715
  -0.29411   5.52244  -4.73396   0.00518  -0.68510  -0.64702
  -0.26175   6.23670  -5.08556   0.00850  -0.76288  -0.72180
  -0.23068   6.96298  -5.40798   0.01359  -0.83257  -0.80039
  -0.39123  -1.82461  -3.08221  -0.00008  -0.31282   0.22825
  -0.40051  -1.09598  -2.92801  -0.00233  -0.27813   0.13533
  -0.40974   0.04976  -2.87871  -0.00517  -0.25577  -0.00928
  -0.40870   1.17577  -2.92365  -0.00555  -0.27407  -0.15672
  -0.40629   2.29034  -3.19333  -0.00274  -0.33091  -0.29452
  -0.39035   3.36482  -3.66145  -0.00069  -0.42313  -0.42612
  -0.38798   4.38856  -4.27931   0.00477  -0.55974  -0.54200
  -0.33501   5.72535  -5.11342   0.00646  -0.75933  -0.67785
  -0.31775   6.43382  -5.50566   0.00657  -0.84511  -0.74844
  -0.30691   7.11497  -5.78284   0.00232  -0.90824  -0.80394
  -0.52323  -2.00719  -3.26099   0.00880  -0.32550   0.24528
  -0.52842  -1.20660  -3.09071   0.01165  -0.28889   0.13583
  -0.53204   0.03121  -2.99726   0.01068  -0.25867  -0.02262
  -0.53795   1.21168  -3.08480   0.00626  -0.27508  -0.18705
  -0.53574   2.36731  -3.39437   0.00730  -0.33875  -0.33964
  -0.53606   3.41569  -3.92998   0.01515  -0.43749  -0.47436
  -0.52775   4.44637  -4.65719   0.03060  -0.57179  -0.61712
  -0.50676   5.81554  -5.59237   0.03645  -0.78070  -0.76749
  -0.48810   6.56533  -5.87228   0.02573  -0.86048  -0.82577
  -0.46228   7.33907  -6.05875   0.01026  -0.92177  -0.87287
  -0.86086  -2.03319  -3.43767   0.00501  -0.37425   0.27305
  -0.87077  -1.19283  -3.26777   0.00377  -0.32712   0.15407
  -0.88484   0.09049  -3.17186   0.00286  -0.29433  -0.02465
  -0.88544   1.35040  -3.26372  -0.00089  -0.32015  -0.20258
  -0.86142   2.58881  -3.56257   0.00343  -0.39379  -0.37843
  -0.85972   3.77458  -4.06096   0.00821  -0.52112  -0.54246
  -0.86200   4.86821  -4.76400   0.01115  -0.71162  -0.66657
  -0.85600   6.23427  -5.82362   0.01112  -0.96995  -0.77370
  -0.85200   7.04786  -6.27553   0.01202  -1.06007  -0.83337
  -0.84794   7.97427  -6.59531   0.01133  -1.11610  -0.89873
  -0.39590  -0.59083   0.00000   0.00000   0.00000  -0.13481
  -0.40806  -0.10816   0.00000   0.00000   0.00000  -0.17504
  -0.42562   0.49664   0.00000   0.00000   0.00000  -0.21669
  -0.45128   1.10952   0.00000   0.00000   0.00000  -0.27286
  -0.44818   1.93279   0.00000   0.00000   0.00000  -0.36674
  -0.45281   2.87173   0.00000   0.00000   0.00000  -0.48077
  -0.44433   3.94703   0.00000   0.00000   0.00000  -0.61965
  -0.39826   5.49384   0.00000   0.00000   0.00000  -0.80587
  -0.36377   6.31546   0.00000   0.00000   0.00000  -0.90463
  -0.33744   7.04165   0.00000   0.00000   0.00000  -0.98550
  -0.39402  -0.58074   0.00000   0.00000   0.00000  -0.13409
  -0.40763  -0.10175   0.00000   0.00000   0.00000  -0.17434
  -0.41836   0.50895   0.00000   0.00000   0.00000  -0.21658
  -0.43701   1.14441   0.00000   0.00000   0.00000  -0.27623
  -0.44196   1.91831   0.00000   0.00000   0.00000  -0.36312
  -0.45103   2.88601   0.00000   0.00000   0.00000  -0.48206
  -0.44283   3.96442   0.00000   0.00000   0.00000  -0.62059
  -0.39914   5.52876   0.00000   0.00000   0.00000  -0.80621
  -0.36438   6.26294   0.00000   0.00000   0.00000  -0.89093
  -0.33963   7.05757   0.00000   0.00000   0.00000  -0.97842
  -0.39727  -0.57559   0.00000   0.00000   0.00000  -0.13593
  -0.40897  -0.09652   0.00000   0.00000   0.00000  -0.17544
  -0.42361   0.50297   0.00000   0.00000   0.00000  -0.21606
  -0.43849   1.13910   0.00000   0.00000   0.00000  -0.27582
  -0.44332   1.94144   0.00000   0.00000   0.00000  -0.36728
  -0.44513   2.87711   0.00000   0.00000   0.00000  -0.48149
  -0.43576   3.94564   0.00000   0.00000   0.00000  -0.61818
  -0.39234   5.53122   0.00000   0.00000   0.00000  -0.80616
  -0.36303   6.31549   0.00000   0.00000   0.00000  -0.89834
  -0.33326   7.05126   0.00000   0.00000   0.00000  -0.97582
  -0.41048  -0.61216   0.00000   0.00000   0.00000  -0.11436
  -0.42913  -0.16227   0.00000   0.00000   0.00000  -0.14968
  -0.43570   0.43892   0.00000   0.00000   0.00000  -0.18102
  -0.45264   1.08387   0.00000   0.00000   0.00000  -0.23718
  -0.46618   1.89101   0.00000   0.00000   0.00000  -0.32858
  -0.47999   2.87759   0.00000   0.00000   0.00000  -0.44339
  -0.49136   4.00218   0.00000   0.00000   0.00000  -0.58239
  -0.47132   5.57853   0.00000   0.00000   0.00000  -0.77123
  -0.45797   6.40153   0.00000   0.00000   0.00000  -0.86117
  -0.42691   7.17762   0.00000   0.00000   0.00000  -0.93853
  -0.41761  -0.59191   0.00000   0.00000   0.00000  -0.11777
  -0.42272  -0.11079   0.00000   0.00000   0.00000  -0.15370
  -0.43770   0.47667   0.00000   0.00000   0.00000  -0.18739
  -0.45627   1.14823   0.00000   0.00000   0.00000  -0.24752
  -0.47343   2.01801   0.00000   0.00000   0.00000  -0.34657
  -0.49091   3.02285   0.00000   0.00000   0.00000  -0.46636
  -0.50453   4.15443   0.00000   0.00000   0.00000  -0.60484
  -0.52487   5.75004   0.00000   0.00000   0.00000  -0.79072
  -0.51610   6.54740   0.00000   0.00000   0.00000  -0.87210
  -0.50436   7.27929   0.00000   0.00000   0.00000  -0.93149
  -0.53574  -0.59543   0.00000   0.00000   0.00000  -0.12605
  -0.53629  -0.10099   0.00000   0.00000   0.00000  -0.16440
  -0.54149   0.50173   0.00000   0.00000   0.00000  -0.20123
  -0.55814   1.18055   0.00000   0.00000   0.00000  -0.26214
  -0.58048   2.07092   0.00000   0.00000   0.00000  -0.36801
  -0.60975   3.13074   0.00000   0.00000   0.00000  -0.50205
  -0.64151   4.28963   0.00000   0.00000   0.00000  -0.64830
  -0.69833   5.89917   0.00000   0.00000   0.00000  -0.82823
  -0.71311   6.71628   0.00000   0.00000   0.00000  -0.90652
  -0.69624   7.43967   0.00000   0.00000   0.00000  -0.94996
  -0.83598  -0.63531   0.00000   0.00000   0.00000  -0.14502
  -0.84368  -0.10687   0.00000   0.00000   0.00000  -0.18493
  -0.84671   0.55411   0.00000   0.00000   0.00000  -0.22430
  -0.86477   1.27606   0.00000   0.00000   0.00000  -0.29413
  -0.89548   2.17692   0.00000   0.00000   0.00000  -0.39707
  -0.93409   3.24588   0.00000   0.00000   0.00000  -0.52760
  -0.95754   4.42185   0.00000   0.00000   0.00000  -0.67211
  -0.97366   6.11008   0.00000   0.00000   0.00000  -0.87575
  -0.96733   6.95450   0.00000   0.00000   0.00000  -0.95479
  -0.95182   7.77546   0.00000   0.00000   0.00000  -1.00732
  -0.40404  -0.73088  -1.06785  -0.00001  -0.10121  -0.10915
  -0.41147  -0.22592  -0.94003  -0.00051  -0.07974  -0.15330
  -0.43293   0.52702  -0.88466  -0.00112  -0.07730  -0.22758
  -0.45092   1.29657  -0.99421  -0.00073  -0.10737  -0.30748
  -0.45729   2.09618  -1.21976   0.00027  -0.15608  -0.39674
  -0.44219   3.01597  -1.43868   0.00162  -0.20432  -0.50987
  -0.43578   4.09201  -1.64514   0.00345  -0.24672  -0.64371
  -0.39498   5.60200  -1.96614   0.00470  -0.32231  -0.82848
  -0.38032   6.41435  -2.14328   0.00691  -0.36194  -0.92350
  -0.35756   7.19521  -2.30071   0.00688  -0.40304  -1.01018
  -0.39520  -0.73280  -1.07644  -0.00024  -0.10395  -0.10602
  -0.40602  -0.23453  -0.94927  -0.00074  -0.08279  -0.15155
  -0.42567   0.51534  -0.89255  -0.00154  -0.08072  -0.22598
  -0.44152   1.28083  -1.00831  -0.00121  -0.11103  -0.30527
  -0.45149   2.08568  -1.22848  -0.00014  -0.15984  -0.39531
  -0.43927   3.03366  -1.47515   0.00127  -0.21122  -0.51491
  -0.42154   4.08045  -1.66653   0.00275  -0.25264  -0.64257
  -0.39018   5.58377  -1.98673   0.00422  -0.32540  -0.82585
  -0.37574   6.42473  -2.18928   0.00735  -0.36861  -0.91999
  -0.35030   7.19451  -2.35288   0.00746  -0.40810  -1.00133
  -0.39835  -0.72531  -1.10522  -0.00019  -0.10690  -0.10658
  -0.41241  -0.23259  -0.99505  -0.00077  -0.08769  -0.15373
  -0.43260   0.51147  -0.91669  -0.00181  -0.08391  -0.22704
  -0.44082   1.27513  -1.02973  -0.00168  -0.11563  -0.30500
  -0.44719   2.08176  -1.24818  -0.00033  -0.16423  -0.39558
  -0.43296   3.01385  -1.47977   0.00102  -0.21335  -0.51233
  -0.41876   4.10310  -1.70026   0.00258  -0.25892  -0.64729
  -0.38951   5.64208  -2.05093   0.00427  -0.33601  -0.83455
  -0.36586   6.37254  -2.22521   0.00651  -0.37505  -0.91367
  -0.34446   7.20256  -2.43045   0.00724  -0.42210  -1.00194
  -0.41951  -0.68906  -1.05356  -0.00503  -0.09684  -0.09180
  -0.41711  -0.24598  -0.93787   0.00046  -0.07435  -0.13041
  -0.42838   0.53004  -0.89433  -0.00174  -0.07747  -0.20096
  -0.43188   1.28051  -1.00800   0.00352  -0.11405  -0.27108
  -0.45733   2.07058  -1.24285  -0.00262  -0.16341  -0.35588
  -0.45710   3.05669  -1.44256  -0.00006  -0.20712  -0.47405
  -0.47672   4.11994  -1.67840   0.00792  -0.25320  -0.60257
  -0.47218   5.69295  -1.93497   0.00166  -0.31206  -0.78765
  -0.46346   6.49121  -2.12005   0.00876  -0.34869  -0.87434
  -0.45101   7.25249  -2.29108   0.01293  -0.37355  -0.94611
  -0.42823  -0.73701  -1.13879  -0.00217  -0.09963  -0.09134
  -0.43243  -0.23390  -1.02155  -0.00167  -0.08228  -0.13555
  -0.44015   0.51456  -0.98323  -0.00569  -0.08040  -0.20343
  -0.46179   1.30091  -1.09473  -0.00106  -0.11390  -0.28111
  -0.48159   2.16157  -1.33888  -0.00103  -0.17090  -0.37569
  -0.48510   3.12335  -1.56889   0.00166  -0.21724  -0.49499
  -0.50626   4.22921  -1.78840   0.00338  -0.25946  -0.62460
  -0.51902   5.78202  -2.11726   0.00553  -0.32446  -0.80273
  -0.52121   6.60719  -2.29081   0.01094  -0.35143  -0.88860
  -0.51380   7.33628  -2.40825   0.00813  -0.37220  -0.94074
  -0.53933  -0.75764  -1.16712   0.00263  -0.09861  -0.10046
  -0.54216  -0.22733  -1.01372   0.00268  -0.07610  -0.14617
  -0.54359   0.56064  -0.95057   0.00286  -0.07283  -0.22243
  -0.56434   1.34937  -1.12202   0.00082  -0.11347  -0.30237
  -0.58513   2.22262  -1.42285   0.00321  -0.17893  -0.40152
  -0.60271   3.21700  -1.64575   0.00475  -0.23160  -0.52328
  -0.63193   4.37362  -1.84798   0.00428  -0.29055  -0.66535
  -0.66200   6.02606  -1.79616  -0.01564  -0.35968  -0.84622
  -0.67353   6.82151  -1.89685  -0.01628  -0.37898  -0.92353
  -0.68308   7.59056  -1.99456  -0.01737  -0.39495  -0.98204
  -0.86246  -0.78378  -1.20122   0.00335  -0.09907  -0.11916
  -0.85928  -0.22156  -1.05741   0.00177  -0.07818  -0.16893
  -0.85235   0.58518  -0.98804   0.00163  -0.07360  -0.24363
  -0.87638   1.41312  -1.12744   0.00288  -0.10477  -0.32619
  -0.89699   2.33121  -1.39706   0.00507  -0.16986  -0.43208
  -0.90865   3.36598  -1.64449   0.00800  -0.22465  -0.56488
  -0.93406   4.53853  -1.90396   0.01104  -0.27600  -0.72045
  -0.96860   6.22637  -2.26842   0.01675  -0.35222  -0.92265
  -0.97880   7.04674  -2.45781   0.01489  -0.39775  -0.99367
  -0.98187   7.84053  -2.61978   0.00844  -0.44604  -1.03463
  -0.37993  -1.21520  -2.86358   0.00087  -0.28650  -0.02571
  -0.39659  -0.47148  -2.75182   0.00050  -0.26955  -0.12388
  -0.42976   0.60414  -2.71987  -0.00100  -0.27274  -0.26484
  -0.45203   1.65894  -2.82235  -0.00256  -0.30446  -0.40203
  -0.42843   2.73644  -3.07447  -0.00193  -0.36802  -0.53766
  -0.41333   3.78862  -3.48901   0.00131  -0.45521  -0.67419
  -0.38997   4.85163  -4.06633   0.00434  -0.58009  -0.80259
  -0.34119   6.25340  -4.93365   0.00605  -0.77069  -0.97365
  -0.32038   6.99163  -5.35888   0.00868  -0.86449  -1.06115
  -0.31587   7.66316  -5.62203   0.00494  -0.92822  -1.12242
  -0.37183  -1.21747  -2.89711   0.00074  -0.29044  -0.02372
  -0.39430  -0.48372  -2.77701   0.00040  -0.27392  -0.12058
  -0.42866   0.61173  -2.76481  -0.00136  -0.27943  -0.26734
  -0.43551   1.66971  -2.85911  -0.00246  -0.31112  -0.40366
  -0.42531   2.71842  -3.09243  -0.00225  -0.37066  -0.53536
  -0.41074   3.83151  -3.54522   0.00134  -0.46251  -0.68243
  -0.38632   4.85917  -4.09998   0.00329  -0.58426  -0.80668
  -0.34678   6.26343  -4.97561   0.00743  -0.77298  -0.97103
  -0.32929   6.97092  -5.41291   0.00979  -0.86600  -1.04959
  -0.32044   7.65895  -5.73566   0.00580  -0.93269  -1.10610
  -0.36617  -1.22052  -2.91197   0.00026  -0.29254  -0.02145
  -0.38590  -0.45975  -2.79448   0.00023  -0.27667  -0.12398
  -0.42244   0.60005  -2.77283  -0.00174  -0.28225  -0.26460
  -0.43538   1.69102  -2.89690  -0.00310  -0.31822  -0.40813
  -0.41958   2.71641  -3.10734  -0.00293  -0.37393  -0.53633
  -0.39968   3.78269  -3.50956   0.00067  -0.45923  -0.67575
  -0.38139   4.85395  -4.11409   0.00292  -0.58750  -0.80684
  -0.34566   6.26178  -5.01811   0.00674  -0.77879  -0.97338
  -0.33593   6.97996  -5.46092   0.00980  -0.87470  -1.05006
  -0.32918   7.67037  -5.80053   0.00491  -0.93648  -1.10284
  -0.38834  -1.15608  -2.79199  -0.00669  -0.26293  -0.01507
  -0.41731  -0.44832  -2.70357   0.00194  -0.25065  -0.10906
  -0.43399   0.58690  -2.67863  -0.00663  -0.25048  -0.23477
  -0.44155   1.67679  -2.83279  -0.01079  -0.29743  -0.36993
  -0.44223   2.69238  -3.07036  -0.00864  -0.34475  -0.49978
  -0.44979   3.71416  -3.56178  -0.00433  -0.44605  -0.62453
  -0.44067   4.77498  -4.12842   0.00238  -0.57906  -0.74619
  -0.39085   6.25437  -4.95404   0.00473  -0.75857  -0.91473
  -0.36683   6.98555  -5.25283   0.00680  -0.82790  -0.98647
  -0.34686   7.64278  -5.47176   0.00043  -0.85496  -1.02460
  -0.39479  -1.20934  -3.00468  -0.00165  -0.28666  -0.01863
  -0.41127  -0.46014  -2.94635  -0.00423  -0.27408  -0.11527
  -0.44300   0.65199  -2.90770  -0.00426  -0.27452  -0.25557
  -0.45082   1.75942  -2.98247  -0.00564  -0.30827  -0.39370
  -0.46125   2.87040  -3.30304  -0.00514  -0.38270  -0.53043
  -0.46997   3.94759  -3.77487   0.00131  -0.48017  -0.66747
  -0.47475   4.96248  -4.37138   0.00694  -0.60982  -0.79062
  -0.46918   6.33559  -5.20160   0.01332  -0.78620  -0.94004
  -0.45782   6.93635  -5.45982   0.00788  -0.82488  -0.97495
  -0.44280   7.56431  -5.68045   0.00336  -0.85328  -1.01035
  -0.51709  -1.26352  -3.11565   0.00379  -0.29850  -0.02395
  -0.53277  -0.47954  -2.99858   0.00312  -0.28170  -0.12953
  -0.55236   0.71834  -2.96749   0.00469  -0.28479  -0.28823
  -0.55880   1.89401  -3.12020   0.00071  -0.33080  -0.43921
  -0.56816   3.03459  -3.43022   0.00496  -0.40981  -0.58533
  -0.59222   4.13156  -3.94731   0.01085  -0.51668  -0.73313
  -0.62160   5.18679  -4.49104   0.01274  -0.65068  -0.85055
  -0.65885   6.72449  -4.84993  -0.00869  -0.82814  -0.98857
  -0.64332   7.42877  -5.05558  -0.01589  -0.86846  -1.04099
  -0.60189   8.06176  -5.33432  -0.01750  -0.88211  -1.08096
  -0.83459  -1.31882  -3.21258   0.00362  -0.31873  -0.01913
  -0.84276  -0.48909  -3.08939   0.00201  -0.29583  -0.13497
  -0.86102   0.76451  -3.04258   0.00246  -0.29404  -0.30744
  -0.86376   1.96950  -3.16385   0.00094  -0.33149  -0.47574
  -0.87889   3.17520  -3.49464   0.00909  -0.40934  -0.64325
  -0.90902   4.34023  -4.01934   0.01466  -0.54962  -0.80540
  -0.93913   5.40664  -4.71119   0.01484  -0.73532  -0.92960
  -0.97395   6.78856  -5.71972   0.01555  -0.96457  -1.06181
  -0.98334   7.54931  -6.08771   0.01453  -1.03205  -1.11042
  -0.98672   8.35776  -6.31701   0.01033  -1.06635  -1.14432
