 -4.000000 -8.809920 -9.262280 -9.680970 -8.759790  0.904685  0.694507  1.620742  1.446857
 -2.000000 -8.957300 -9.241730 -9.313240 -8.854190  1.015206  0.979008  1.440709  1.297466
  0.000000 -9.206300 -9.037070 -9.016030 -8.981030  1.224595  1.194056  1.229147  1.111977
  2.000000 -9.501640 -8.827540 -8.806020 -9.228170  1.451434  1.339372  1.046289  0.828756
  4.000000 -9.702800 -8.662380 -8.666340 -9.203000  1.663587  1.471002  0.926640  0.594978
  6.000000-10.025500 -8.572480 -8.653640 -9.057570  1.874776  1.581810  0.796194  0.138564
  8.000000-10.417500 -8.558540 -8.742770 -8.952130  2.055363  1.697547  0.619422 -0.568790
 10.000000-10.690500 -8.749370 -8.885420 -8.638340  2.179378  1.846222  0.287110 -1.039870
 12.000000-10.814300 -9.073430 -8.945200 -8.155730  2.238575  1.981950 -0.191571 -1.280050
 16.000000-11.263100 -9.654960 -8.672020 -7.007900  2.313293  2.069188 -0.589560 -1.487650
 18.000000-11.508100 -9.857000 -8.534930 -6.377050  2.360754  1.970501 -0.695918 -1.507020
 20.000000-11.811300 -9.915710 -8.429080 -5.713120  2.437591  1.772866 -0.741543 -1.474280
 23.000000-12.335200 -9.629320 -8.302120 -4.629410  2.615161  1.334355 -0.663826 -1.353860
 25.000000-12.655000 -9.228800 -8.212550 -3.838180  2.735943  1.012552 -0.461427 -1.233070
 -4.000000-17.524000-18.896600-18.298800-17.084300  2.640752  2.421877  3.582252  3.185890
 -2.000000-17.895600-18.621300-17.710700-17.483900  2.823242  2.730918  3.233124  2.980550
  0.000000-18.095300-17.971500-17.566800-17.883300  3.073130  2.922366  2.993910  2.774599
  2.000000-18.494500-17.387400-17.418300-18.549100  3.425897  3.074919  2.796723  2.486418
  4.000000-18.622900-16.783100-17.199900-18.758600  3.663925  3.156477  2.670197  2.223735
  6.000000-18.646000-16.468000-17.248500-18.512900  3.802139  3.263387  2.496831  1.677373
  8.000000-19.292500-16.558900-17.336500-18.282800  4.073401  3.479462  2.303632  0.602671
 10.000000-20.306800-16.842400-17.344600-17.858100  4.479772  3.741445  2.026756 -0.684990
 12.000000-21.064500-17.271000-17.523000-16.992400  4.797249  3.978309  1.508340 -1.493690
 16.000000-22.727900-18.410800-17.632400-14.648500  5.223832  4.083358 -0.214621 -2.551430
 18.000000-23.379100-18.626500-17.408700-13.346600  5.333709  3.798053 -0.815908 -2.824640
 20.000000-24.078000-18.564300-17.084500-11.980000  5.583845  3.348976 -0.818566 -2.877950
 23.000000-25.111800-17.625800-16.645900 -9.678250  5.837116  2.455433 -0.396080 -2.718360
 25.000000-25.658500-16.533100-16.266300 -7.976230  6.103892  1.835196 -0.035239 -2.531670
 -4.000000-23.748900-25.822000-24.169900-23.101600  4.050683  4.160958  5.177983  4.720554
 -2.000000-24.108900-25.473000-22.246700-23.621500  4.446800  4.372565  4.318986  4.497637
  0.000000-23.881200-24.433200-22.167000-24.335300  4.591968  4.513594  4.101694  4.323396
  2.000000-23.590000-23.501600-22.858400-25.242500  4.759890  4.581836  4.217590  4.163435
  4.000000-22.335800-22.687000-22.699800-25.620000  4.512084  4.666151  4.193684  3.887368
  6.000000-22.223100-22.292900-22.619800-25.470500  4.578206  4.811575  4.072963  3.197059
  8.000000-23.546200-22.173400-22.531100-25.147700  5.050247  5.009390  3.834657  2.166882
 10.000000-25.593300-22.273500-22.569100-24.531500  5.870244  5.254400  3.470349  0.716022
 12.000000-27.571800-22.905200-22.813100-23.517400  6.706967  5.578450  2.969137 -1.245650
 16.000000-30.709800-24.320500-24.502600-20.784400  7.754093  5.653490 -0.091479 -3.868840
 18.000000-31.932800-24.427300-24.531200-18.775400  8.012693  5.166626 -1.911009 -3.925330
 20.000000-32.747700-24.022300-23.619200-16.685400  8.178128  4.440192 -1.875716 -3.884250
 23.000000-33.966100-22.529100-22.275500-13.294200  8.553023  3.181567 -1.220077 -3.645760
 25.000000-34.732100-21.018500-21.263400-10.838200  8.838441  2.397846  0.438524 -3.398820
 -4.000000-55.057000-57.075400-64.968100-62.163700 15.518500 13.398960 16.764221 17.563193
 -2.000000-57.429700-58.867000-62.599800-61.057400 15.198090 14.294520 15.830000 16.159194
  0.000000-59.846100-59.940200-59.718400-59.815900 15.035190 14.907760 14.898705 14.952628
  2.000000-62.500100-61.132800-57.259000-58.613400 15.824050 16.108800 15.042944 14.153682
  4.000000-65.175400-62.343500-54.982800-56.938600 17.004490 17.674500 15.660869 13.333680
  6.000000-67.672700-63.683500-52.914100-54.482700 18.079450 19.409130 16.357691 12.144959
  8.000000-69.721300-65.115600-51.197900-51.450700 18.892880 21.149000 16.947482 10.372082
 10.000000-70.527800-66.521000-49.924200-48.339300 20.715340 22.796040 17.189440  8.550632
 12.000000-72.453100-67.462100-48.982400-45.241200 22.022100 23.835610 17.098698  6.853899
 16.000000-75.800700-66.902300-48.081900-38.957000 23.716510 23.708880 16.442781  3.862031
 18.000000-76.977900-65.252300-48.027800-35.476800 24.208420 22.717610 15.753887  2.400600
 20.000000-77.793600-62.850600-48.024400-31.607200 24.718510 21.358210 14.672034  0.948906
 23.000000-78.184300-58.181200-46.854100-25.177900 25.215860 18.991670 11.406720 -1.129007
 25.000000-77.499600-54.521100-44.668900-20.427400 25.221480 17.296200  7.964587 -2.447277
 -4.000000 -8.408980 -8.301860 -9.799200 -9.315970 -0.386490 -0.767050  0.711426  0.272566
 -2.000000 -8.619720 -8.587980 -9.378520 -9.138810 -0.247940 -0.459750  0.344077  0.017751
  0.000000 -8.950100 -8.822100 -8.928890 -8.929890  0.009749 -0.134640 -0.029832 -0.251360
  2.000000 -9.457240 -9.038690 -8.502170 -8.685940  0.381346  0.097097 -0.291174 -0.579190
  4.000000 -9.826380 -9.256960 -8.198710 -8.399350  0.779740  0.298415 -0.460379 -0.871390
  6.000000-10.212900 -9.503230 -8.024050 -7.873930  1.127006  0.518730 -0.557841 -1.095660
  8.000000-10.730700 -9.739290 -7.887520 -7.202060  1.392200  0.803665 -0.663283 -1.294250
 10.000000-11.150100 -9.903180 -7.698790 -6.534770  1.564235  1.124541 -0.774132 -1.436240
 12.000000-11.351900-10.126500 -7.439200 -5.900480  1.668092  1.343498 -0.909318 -1.491360
 16.000000-11.472100-10.757900 -6.925030 -4.647110  1.801893  1.457207 -1.068473 -1.407590
 18.000000-11.417800-11.027600 -6.813660 -3.979110  1.822134  1.344720 -1.063124 -1.294900
 20.000000-11.616000-11.163200 -6.802120 -3.269210  1.887955  1.082312 -1.065297 -1.140340
 23.000000-12.118700-10.989600 -6.894400 -2.117350  2.035838  0.458036 -1.047584 -0.897210
 25.000000-12.501900-10.608500 -6.979190 -1.274530  2.157944 -0.074950 -1.002907 -0.732310
 -4.000000-16.665800-16.888900-19.035200-17.866600 -0.109300 -0.479050  2.155453  1.714173
 -2.000000-17.167200-17.389600-18.432300-17.725100  0.543605  0.215294  1.694336  1.223202
  0.000000-17.756300-17.437800-17.684100-17.638900  1.102392  0.848042  1.021462  0.663108
  2.000000-18.557700-17.542000-17.006700-17.436500  1.822073  1.348604  0.558969  0.095278
  4.000000-19.183600-17.689500-16.408700-17.123600  2.538242  1.781127  0.124272 -0.478530
  6.000000-19.984300-17.853700-16.270600-16.347500  3.064276  2.241853 -0.245269 -1.149040
  8.000000-20.969800-18.250900-16.083900-15.157400  3.529507  2.668092 -0.589019 -1.870690
 10.000000-21.631900-18.722400-15.892600-13.820700  3.858755  3.065628 -1.032601 -2.439420
 12.000000-21.908700-19.269900-15.449300-12.486500  4.035680  3.391351 -1.531569 -2.824090
 16.000000-22.380000-20.375000-14.376600 -9.873500  4.167588  3.575225 -1.850611 -2.820110
 18.000000-22.847300-20.700900-14.117900 -8.448410  4.229519  3.367587 -1.867863 -2.631850
 20.000000-23.243700-20.624600-14.015000 -6.931010  4.224980  2.906902 -1.860123 -2.363100
 23.000000-24.121500-19.804500-13.995300 -4.504150  4.477014  1.975356 -1.724458 -1.893080
 25.000000-24.814100-18.903500-13.959200 -2.735910  4.709325  1.180111 -1.550801 -1.577510
 -4.000000-22.627700-23.365900-25.642900-23.583000  1.175035  0.244285  4.012587  3.009818
 -2.000000-22.888400-23.506100-24.686700-23.781600  1.540689  1.055483  3.098041  2.380962
  0.000000-23.885200-23.390600-23.731000-23.677000  2.240492  1.835155  2.145161  1.826561
  2.000000-24.884800-23.151400-22.806300-23.665700  3.099185  2.461668  1.576411  1.209699
  4.000000-25.728400-23.122700-22.087100-23.293200  4.048131  2.996969  1.122776  0.442607
  6.000000-26.916800-23.203200-21.899100-22.562800  4.891782  3.467082  0.387243 -0.647340
  8.000000-27.425200-23.711200-22.336400-21.208000  5.314148  3.967190 -0.623133 -2.095350
 10.000000-28.145100-24.422600-22.515200-19.856200  5.680437  4.472560 -2.377938 -4.192500
 12.000000-28.911200-25.134000-21.719600-17.851500  6.002697  4.835500 -2.371866 -4.220470
 16.000000-30.325300-26.388900-20.015800-13.909600  6.413607  4.988944 -2.299968 -3.796300
 18.000000-30.991100-26.791400-19.479900-11.829200  6.497622  4.683778 -2.259881 -3.498330
 20.000000-31.569700-26.434100-19.185200 -9.653240  6.474828  4.056027 -2.243332 -3.152470
 23.000000-32.688200-25.045700-18.808300 -6.207780  6.707396  2.827032 -2.123010 -2.584030
 25.000000-33.687500-23.609500-18.464800 -3.769550  7.000133  1.973941 -1.975596 -2.195300
 -4.000000-46.475600-48.487600-59.562400-55.590400 11.570150  9.777795 14.153300 14.483486
 -2.000000-49.457900-50.995300-56.457100-54.439600 11.683110 11.018450 13.121249 13.299611
  0.000000-52.876600-52.940800-52.929000-52.965200 12.262390 12.157220 12.177731 12.143735
  2.000000-56.278900-54.354700-49.483200-51.096900 13.139590 13.253330 11.640438 11.042255
  4.000000-59.464300-55.470700-46.444500-48.628000 14.246920 14.391510 11.554270  9.812166
  6.000000-62.369100-56.611000-43.930200-45.447100 15.032810 15.611540 11.944805  8.235669
  8.000000-65.122500-57.953100-41.947300-41.951700 15.389790 16.984850 12.530366  6.528363
 10.000000-67.887200-59.250100-40.470300-38.509800 15.773920 18.304360 12.898096  4.931705
 12.000000-70.429900-60.215700-39.506800-35.101200 16.234790 19.279800 13.046382  3.497447
 16.000000-73.216000-59.859200-38.660300-28.005100 18.278970 19.422610 12.760744  1.095384
 18.000000-75.252400-58.336300-38.765700-24.065500 19.225910 18.601040 12.423080  0.029375
 20.000000-77.111200-56.148500-39.024900-19.756500 20.300540 17.516810 11.672942 -0.982611
 23.000000-79.631400-51.976400-39.097500-12.761400 21.307770 15.650010  9.567821 -2.203353
 25.000000-78.800800-48.714500-38.067200 -7.806700 22.057590 14.383910  6.883784 -2.817428
 -4.000000 -6.407580 -6.353850 -8.966910 -8.395040 -0.917880 -1.136170 -0.587083 -0.691080
 -2.000000 -6.874560 -6.999480 -8.235490 -8.017580 -0.900800 -1.037100 -0.730839 -0.802040
  0.000000 -7.466110 -7.552950 -7.500210 -7.565730 -0.828490 -0.929700 -0.831001 -0.933770
  2.000000 -8.224840 -8.009420 -6.882610 -7.021270 -0.714810 -0.803540 -0.913423 -1.051180
  4.000000 -8.971780 -8.391450 -6.424970 -6.325270 -0.580200 -0.678020 -0.934648 -1.143880
  6.000000 -9.612890 -8.767920 -6.066700 -5.530320 -0.346820 -0.576200 -0.956037 -1.242830
  8.000000-10.199700 -9.249570 -5.793240 -4.812290 -0.001900 -0.505930 -0.980569 -1.310740
 10.000000-10.657300 -9.730120 -5.521070 -4.200170  0.317196 -0.432570 -0.998056 -1.278400
 12.000000-11.066600-10.157300 -5.226650 -3.601260  0.596303 -0.352420 -1.009465 -1.173840
 16.000000-11.727500-10.778800 -4.837450 -2.317920  0.923626 -0.307770 -1.023834 -0.872310
 18.000000-11.876300-10.914600 -4.800860 -1.622590  1.035761 -0.378520 -1.021674 -0.697350
 20.000000-11.995400-10.863700 -4.844890 -0.879100  1.173376 -0.507810 -1.022340 -0.528480
 23.000000-12.223300-10.319400 -5.070680  0.314263  1.520563 -0.776740 -1.020008 -0.286420
 25.000000-12.405900 -9.630230 -5.299320  1.177995  1.741061 -0.942140 -1.002174 -0.135740
 -4.000000-13.305900-13.315400-18.075200-16.966800 -1.552720 -2.326380 -0.232169 -0.974120
 -2.000000-14.209200-14.535300-16.715000-16.175100 -1.490720 -1.729930 -0.800579 -1.069680
  0.000000-15.320800-15.467200-15.369900-15.498800 -1.225970 -1.468340 -1.182384 -1.440530
  2.000000-16.729200-16.244000-14.218600-14.555100 -0.820440 -1.157270 -1.533130 -1.756190
  4.000000-18.101700-16.964100-13.297300-13.283700 -0.313780 -0.909980 -1.660448 -2.130120
  6.000000-19.132800-17.629500-12.584100-11.629800  0.535035 -0.539540 -1.758864 -2.423570
  8.000000-20.174100-18.587300-12.030800-10.086400  1.460868 -0.247820 -1.825916 -2.664630
 10.000000-21.175900-19.461700-11.517800 -8.804160  2.127834  0.075854 -1.883697 -2.668920
 12.000000-22.104500-20.223300-10.965000 -7.569880  2.567956  0.428548 -1.909046 -2.458880
 16.000000-23.301600-21.266600-10.241500 -4.940930  3.019726  0.733015 -1.892763 -1.833310
 18.000000-23.246800-21.473000-10.152000 -3.499820  3.066693  0.495515 -1.840544 -1.484190
 20.000000-23.062200-21.322100-10.192600 -1.958190  3.175353  0.063374 -1.773719 -1.136790
 23.000000-23.408000-20.110500-10.563900  0.531099  3.460018 -0.792300 -1.695491 -0.647370
 25.000000-24.060500-18.649500-10.883400  2.335210  3.697687 -1.314630 -1.686724 -0.354640
 -4.000000-18.633800-18.729600-24.356000-22.328600 -2.903040 -3.736360  0.402901 -0.344270
 -2.000000-20.059600-20.607742-22.667700-22.300674 -2.878660 -2.470750 -0.446203 -2.911680
  0.000000-21.963200-22.070500-21.062400-21.645400 -2.682950 -2.989660 -1.718725 -2.468320
  2.000000-23.048200-23.097400-19.688400-20.509600 -0.900150 -2.445470 -2.115613 -3.024650
  4.000000-24.423200-23.412300-18.566300-18.701800  0.507215 -1.298410 -2.901047 -3.488230
  6.000000-25.629200-23.829000-17.522900-16.482600  1.827251 -0.272960 -2.851367 -4.091850
  8.000000-27.027500-24.742400-16.764900-14.230200  3.018698  0.477075 -2.783320 -4.118770
 10.000000-28.517700-25.906500-16.107200-12.286000  3.931633  1.188335 -2.663915 -3.862710
 12.000000-29.854800-26.844300-15.363100-10.528400  4.570305  1.887512 -2.503261 -3.465490
 16.000000-30.642200-28.017500-14.253800 -6.869150  5.002050  2.480621 -2.218266 -2.542470
 18.000000-30.058000-28.131000-13.931600 -4.912230  4.822697  2.126955 -2.052568 -2.046310
 20.000000-30.319800-27.862000-13.881100 -2.804730  4.907716  1.415069 -1.951153 -1.573460
 23.000000-31.704500-26.534600-13.890800  0.611266  5.229325 -0.185930 -1.748073 -0.942190
 25.000000-32.235400-24.785400-14.468700  3.081607  5.546373 -1.386890 -1.959094 -0.566300
 -4.000000-34.936900-36.544300-49.135800-44.759200  7.203176  5.318531 10.152157  9.865737
 -2.000000-37.879800-39.338300-45.418400-43.343700  7.172566  6.434714  8.795128  8.710383
  0.000000-41.406100-41.631500-41.553200-41.488700  7.721672  7.540023  7.678805  7.489057
  2.000000-45.234200-43.443500-38.011300-39.231700  8.819463  8.715923  7.146726  6.375404
  4.000000-48.969600-44.804500-34.982000-36.428900 10.146440  9.801213  7.172532  5.267590
  6.000000-52.501300-46.117200-32.535800-33.169700 11.193280 10.913270  7.639792  4.018889
  8.000000-56.012400-47.531500-30.598300-29.763400 11.854340 12.101690  8.251837  2.810060
 10.000000-59.649200-48.887400-29.154000-26.355700 12.292090 13.255770  8.783365  1.735458
 12.000000-63.281500-49.978300-28.170600-22.883900 12.592860 14.197770  9.102003  0.806967
 16.000000-70.145300-50.043800-27.594300-15.451800 12.770120 14.652700  9.437868 -0.434135
 18.000000-72.906100-48.878800-27.879600-11.332400 12.970920 14.226630  9.285582 -0.847694
 20.000000-74.959800-47.156300-28.445700 -6.820170 13.707470 13.475370  8.735603 -1.137113
 23.000000-77.392200-43.569500-29.062000  0.373037 15.381430 12.048650  6.862138 -1.419750
 25.000000-77.361500-40.630500-28.660600  5.446505 17.843700 11.101410  4.855013 -1.547046
 -4.000000  8.417469  8.931233  6.323382  6.406110  0.639566  0.548355  1.151938  0.881342
 -2.000000  8.039349  8.226794  6.974325  6.882178  0.740744  0.720710  1.050654  0.868806
  0.000000  7.581689  7.476979  7.492693  7.498149  0.868952  0.833623  0.929148  0.783778
  2.000000  7.029195  6.896864  7.934694  8.227686  0.976754  0.898362  0.792356  0.685076
  4.000000  6.342098  6.439197  8.328228  8.951563  1.069381  0.933272  0.688498  0.553821
  6.000000  5.562056  6.079278  8.714268  9.567816  1.187200  0.960666  0.609359  0.300317
  8.000000  4.840715  5.798633  9.179186 10.158390  1.262637  0.990070  0.536646 -0.066450
 10.000000  4.226205  5.506310  9.633892 10.635980  1.240606  1.013302  0.456573 -0.381574
 12.000000  3.621417  5.206301 10.029280 11.065410  1.151071  1.018839  0.361268 -0.642530
 16.000000  2.320765  4.831091 10.663340 11.733260  0.860444  1.021825  0.298721 -0.986194
 18.000000  1.615577  4.776217 10.815270 11.957350  0.684621  1.016015  0.378364 -1.104134
 20.000000  0.873261  4.821398 10.775820 12.104900  0.508141  1.009304  0.525339 -1.221988
 23.000000 -0.316940  5.061189 10.255500 12.317290  0.270332  1.001258  0.800629 -1.503379
 25.000000 -1.179480  5.291680  9.576758 12.455380  0.121498  0.993356  0.965703 -1.769896
 -4.000000 17.045130 17.985310 13.279000 13.301340  0.951057  0.179134  2.352892  1.493469
 -2.000000 16.227550 16.692510 14.496950 14.229380  1.039609  0.800067  1.842904  1.442949
  0.000000 15.557480 15.353720 15.437010 15.400680  1.357825  1.165298  1.545558  1.102387
  2.000000 14.581150 14.205770 16.183110 16.731930  1.671190  1.469771  1.189694  0.729123
  4.000000 13.337930 13.305260 16.859130 18.071290  2.022062  1.607773  0.915117  0.262377
  6.000000 11.674110 12.581340 17.521000 19.097920  2.330577  1.751340  0.594051 -0.590475
  8.000000 10.142270 12.017740 18.421490 20.166480  2.580696  1.844623  0.309352 -1.521301
 10.000000  8.840034 11.496250 19.269080 21.212440  2.584799  1.911195 -0.011690 -2.151147
 12.000000  7.595915 10.951070 19.987980 22.050150  2.400789  1.942419 -0.382320 -2.609935
 16.000000  4.926856 10.208690 21.033910 23.417940  1.803621  1.899099 -0.714730 -3.135736
 18.000000  3.476561 10.063880 21.289400 23.585030  1.448245  1.827013 -0.441190 -3.248194
 20.000000  1.943005 10.093640 21.151760 23.467920  1.096243  1.729349 -0.019890 -3.311727
 23.000000 -0.525160 10.463830 19.987440 23.791010  0.613682  1.645552  0.796919 -3.598518
 25.000000 -2.321440 10.796050 18.553330 24.329370  0.327533  1.653470  1.321513 -3.830670
 -4.000000 22.433740 24.206240 18.648390 18.527130  0.296683 -0.514780  3.778677  2.929337
 -2.000000 22.024340 22.615790 20.550420 19.905200  2.785990  0.352506  2.418152  2.894050
  0.000000 21.720080 21.042420 21.891290 21.805580  2.194004  1.673134  2.923649  2.664140
  2.000000 20.414000 19.598000 22.737230 22.994250  2.816819  2.264018  2.260238  0.769943
  4.000000 18.668530 18.406010 22.640020 24.383550  3.276650  2.354960  0.585037 -0.499218
  6.000000 16.485610 17.514400 23.455890 25.655820  3.919412  2.934421 -0.030710 -1.832810
  8.000000 14.226860 16.764580 24.503760 27.057480  3.950415  2.852737 -0.545990 -3.058420
 10.000000 12.312680 16.101800 25.546060 28.556670  3.747706  2.726848 -1.257910 -3.970167
 12.000000 10.548380 15.416380 26.326220 29.701330  3.376260  2.554023 -2.069320 -4.589584
 16.000000  6.846583 14.093040 27.494070 31.225970  2.483463  2.217269 -2.661200 -5.269606
 18.000000  4.882653 13.671220 27.676480 30.978690  1.995076  2.004251 -2.269650 -5.191516
 20.000000  2.788160 13.655080 27.494790 31.028970  1.524540  1.903161 -1.524630 -5.196929
 23.000000 -0.589270 13.708170 26.229160 32.251260  0.910665  1.679094  0.106600 -5.441534
 25.000000 -3.042630 14.343940 24.589240 32.500000  0.536234  1.953823  1.258162 -5.692898
 -4.000000 44.828350 49.003500 36.398700 34.950930-10.035600-10.113900 -5.260129 -7.162227
 -2.000000 43.409930 45.334940 39.192420 37.927760 -8.889660 -8.752030 -6.384162 -7.117566
  0.000000 41.522390 41.535200 41.470780 41.457200 -7.648300 -7.671920 -7.499390 -7.661589
  2.000000 39.282080 37.961740 43.256670 45.265200 -6.542240 -7.129130 -8.647253 -8.770799
  4.000000 36.515100 34.948940 44.552250 49.008790 -5.420000 -7.143110 -9.726293-10.129332
  6.000000 33.246810 32.537280 45.856220 52.527730 -4.188220 -7.597690-10.841924-11.218041
  8.000000 29.841710 30.606200 47.255260 56.073680 -2.974960 -8.241360-12.012534-12.001589
 10.000000 26.422750 29.120090 48.664140 59.739490 -1.879550 -8.700630-13.143918-12.436530
 12.000000 22.947160 28.124880 49.741900 63.394670 -0.874670 -9.014910-14.042110-12.681333
 16.000000 15.457320 27.475040 49.910280 70.289580  0.409036 -9.307880-14.571991-12.926392
 18.000000 11.283870 27.720540 48.815440 73.098910  0.835854 -9.154690-14.144976-13.150626
 20.000000  6.833833 28.279700 47.008990 75.170930  1.140935 -8.654040-13.391118-13.799275
 23.000000 -0.362630 28.818940 43.364470 77.876820  1.445246 -6.742070-11.905891-15.326864
 25.000000 -5.367770 28.331620 40.334060 77.403240  1.525494 -4.692930-10.866760-17.938110
 -4.000000  9.249510  9.763411  8.361264  8.234569 -0.439020 -0.832630  0.738113  0.433695
 -2.000000  9.016498  9.332520  8.646399  8.485355 -0.234960 -0.469340  0.383758  0.287467
  0.000000  8.802990  8.878556  8.875115  8.910497  0.003034 -0.094660  0.005615  0.013249
  2.000000  8.608645  8.471978  9.063676  9.346369  0.375474  0.185167 -0.265340 -0.365045
  4.000000  8.342352  8.215434  9.229645  9.660926  0.701748  0.355240 -0.491450 -0.755169
  6.000000  7.846375  8.039116  9.389565 10.067140  1.001402  0.498002 -0.755620 -1.099848
  8.000000  7.196038  7.920676  9.575363 10.621620  1.248429  0.619192 -1.041610 -1.381590
 10.000000  6.550982  7.721491  9.790329 11.075800  1.412448  0.744171 -1.279140 -1.563860
 12.000000  5.917800  7.410117 10.067080 11.384130  1.486817  0.878860 -1.454260 -1.690806
 16.000000  4.659043  6.909347 10.727320 11.445410  1.401293  1.058460 -1.543790 -1.838150
 18.000000  3.988742  6.805408 11.002170 11.346830  1.278430  1.063602 -1.419160 -1.837759
 20.000000  3.270646  6.799343 11.145710 11.573020  1.131551  1.061729 -1.160690 -1.895322
 23.000000  2.119887  6.902851 10.995860 12.087700  0.880981  1.040991 -0.487900 -2.043143
 25.000000  1.278045  6.989252 10.675390 12.505390  0.718762  0.995349  0.140255 -2.171701
 -4.000000 17.610910 18.842350 16.966610 16.414320 -1.912870 -2.303140  0.452924 -0.041585
 -2.000000 17.371790 18.100660 17.435220 16.918080 -1.485330 -1.979140 -0.385930 -0.539199
  0.000000 17.367410 17.458280 17.598270 17.602630 -0.973850 -1.290170 -0.979750 -1.088932
  2.000000 17.281520 16.890980 17.658770 18.282070 -0.381700 -0.772030 -1.565780 -1.807612
  4.000000 17.079010 16.394240 17.630280 18.850710  0.281552 -0.316670 -2.022210 -2.447936
  6.000000 16.302150 16.104510 17.808450 19.646020  1.114818  0.197242 -2.444600 -2.957286
  8.000000 15.126840 15.993970 18.188870 20.663830  1.795319  0.540033 -2.850740 -3.445642
 10.000000 13.831150 15.832730 18.654510 21.706480  2.405452  0.866803 -3.211330 -3.883308
 12.000000 12.514380 15.346770 19.233380 22.150480  2.834125  1.414346 -3.511620 -4.096486
 16.000000  9.896317 14.291000 20.420870 22.423170  2.822382  1.809569 -3.682650 -4.170153
 18.000000  8.464293 14.056660 20.676310 22.795030  2.619605  1.842803 -3.442060 -4.223855
 20.000000  6.933456 13.954320 20.618590 23.233970  2.349172  1.829612 -2.992730 -4.247081
 23.000000  4.491530 13.943620 19.883090 24.164530  1.878145  1.707920 -2.020710 -4.513211
 25.000000  2.719121 13.932740 18.995990 24.838430  1.583911  1.540109 -1.212360 -4.739688
 -4.000000 23.072700 25.155670 23.366340 22.122970 -3.069240 -4.077200 -0.573090 -1.304470
 -2.000000 23.092360 24.171740 23.595350 22.745060 -2.570720 -3.284560 -1.262010 -1.667155
  0.000000 23.399130 23.430450 23.697410 23.675140 -1.936020 -2.402340 -1.879990 -2.293921
  2.000000 23.558280 22.533020 23.564200 24.498630 -1.336590 -1.860850 -2.635330 -3.222706
  4.000000 23.446070 21.925770 23.408810 25.347710 -0.574320 -1.379610 -3.184950 -3.993390
  6.000000 22.665240 21.813660 23.736270 26.266710  0.830276 -0.678220 -3.681750 -4.681176
  8.000000 21.242890 22.188400 24.428890 27.340930  2.148158  0.779419 -4.232950 -5.263246
 10.000000 19.911920 22.420620 25.191340 28.413730  4.186961  2.376602 -4.751250 -5.758480
 12.000000 17.907820 21.503100 25.874020 29.476170  4.203038  2.336994 -5.148970 -6.185227
 16.000000 13.948730 19.888790 26.977990 30.476060  3.773530  2.260742 -5.266020 -6.433408
 18.000000 11.836760 19.414680 27.025430 30.939220  3.471383  2.253187 -4.857640 -6.477281
 20.000000  9.648972 19.077050 26.634010 31.656980  3.124927  2.241778 -4.199530 -6.544678
 23.000000  6.197752 18.736140 25.201350 32.775960  2.567054  2.125143 -2.936160 -6.759577
 25.000000  3.759840 18.514090 23.670500 33.626710  2.186364  1.941564 -2.036030 -7.023518
 -4.000000 55.614110 59.504380 48.533330 46.461990-14.449200-14.197500 -9.877085-11.607304
 -2.000000 54.425170 56.449330 51.006770 49.454270-13.281800-13.186800-11.112604-11.704726
  0.000000 52.977600 52.987720 52.904290 52.853740-12.160600-12.275700-12.236052-12.272557
  2.000000 51.066200 49.501770 54.315620 56.275760-11.050000-11.684900-13.320132-13.167797
  4.000000 48.554970 46.438430 55.416180 59.472900 -9.830070-11.590100-14.440575-14.266522
  6.000000 45.392410 43.911120 56.499540 62.320890 -8.290330-11.982700-15.679634-15.054526
  8.000000 41.981680 41.913760 57.871900 65.036540 -6.613630-12.552300-17.093729-15.382171
 10.000000 38.596180 40.414810 59.141880 67.769570 -5.005340-12.914000-18.383525-15.712179
 12.000000 35.219800 39.380130 60.062690 70.348910 -3.547790-13.030600-19.382394-16.170946
 16.000000 28.124770 38.461000 59.744660 73.169680 -1.145900-12.670000-19.518706-18.150946
 18.000000 24.135620 38.568650 58.319920 75.228370 -0.083970-12.288900-18.701565-18.852614
 20.000000 19.820160 38.856650 56.113380 76.910610  0.942078-11.589600-17.575349-20.230499
 23.000000 12.798350 38.967820 51.928150 79.052250  2.209567 -9.543880-15.620018-21.197755
 25.000000  7.825803 37.848190 48.637250 78.870470  2.839428 -6.826120-14.312990-21.819577
 -4.000000  8.721043  9.623125  9.189633  8.852202 -1.455800 -1.585690 -0.650360 -0.898226
 -2.000000  8.766854  9.126971  9.188458  8.945702 -1.300850 -1.384100 -0.887320 -1.059841
  0.000000  8.948206  8.888810  8.971981  9.077736 -1.140060 -1.209050 -1.126130 -1.253623
  2.000000  9.247491  8.692563  8.778157  9.369438 -0.892440 -1.050260 -1.295700 -1.452954
  4.000000  9.306557  8.660856  8.716066  9.530761 -0.642610 -0.897610 -1.440520 -1.635246
  6.000000  9.138531  8.662269  8.766846  9.773283 -0.263790 -0.809480 -1.587800 -1.815195
  8.000000  8.957491  8.724702  8.908261 10.262120  0.335918 -0.656060 -1.741220 -2.007783
 10.000000  8.661878  8.845155  9.129206 10.688860  0.901660 -0.292690 -1.903330 -2.180297
 12.000000  8.196648  8.932119  9.511534 11.040650  1.179463  0.242824 -2.060570 -2.314027
 16.000000  7.033928  8.626817 10.085280 11.511310  1.432179  0.642815 -2.146130 -2.393096
 18.000000  6.399604  8.481629 10.214020 11.736360  1.467871  0.749515 -2.020170 -2.434099
 20.000000  5.735174  8.383835 10.162250 11.992190  1.435675  0.790352 -1.784290 -2.492850
 23.000000  4.649883  8.289627  9.802211 12.426390  1.309823  0.702833 -1.311190 -2.645199
 25.000000  3.850650  8.198147  9.344789 12.773050  1.190405  0.527864 -0.969890 -2.756980
 -4.000000 17.014300 18.475410 18.864550 17.620300 -3.184020 -3.586080 -2.348310 -2.669847
 -2.000000 17.331620 18.236890 18.565210 18.067730 -2.970710 -3.326480 -2.619880 -2.857709
  0.000000 18.039780 17.904930 18.028890 18.484600 -2.838150 -3.008550 -2.854820 -3.174741
  2.000000 18.669240 17.552630 17.488070 18.775260 -2.599410 -2.753930 -3.016320 -3.495623
  4.000000 19.054310 17.355430 17.335940 18.940880 -2.311770 -2.581380 -3.258130 -3.765456
  6.000000 18.804170 17.444930 17.534290 19.237240 -1.720290 -2.338400 -3.530380 -4.011408
  8.000000 18.430150 17.568720 17.861040 20.416790 -0.795520 -2.004010 -3.822850 -4.472326
 10.000000 17.930330 17.692850 18.409830 21.890620  0.407394 -1.554270 -4.173470 -5.043003
 12.000000 17.103760 17.863440 19.141450 23.050900  1.370861 -0.743870 -4.525130 -5.510677
 16.000000 14.771490 17.568230 20.136930 23.742260  2.493833  0.624263 -4.601430 -5.641516
 18.000000 13.472560 17.262220 20.010630 23.879770  2.750085  0.969675 -4.196590 -5.526155
 20.000000 12.069330 16.937790 19.309880 24.351410  2.793703  0.940908 -3.528290 -5.648443
 23.000000  9.733701 16.551430 17.871530 25.312380  2.639154  0.600884 -2.467710 -5.895693
 25.000000  8.014338 16.155180 16.698170 25.833040  2.452891  0.215458 -1.820840 -6.146672
 -4.000000 22.883670 25.287490 25.850980 23.944980 -4.649940 -5.535900 -3.962470 -4.031241
 -2.000000 23.469560 25.802830 25.427980 24.985150 -4.468950 -5.511670 -4.294420 -4.351331
  0.000000 24.629270 25.537930 24.591810 25.964380 -4.422050 -5.003220 -4.471210 -5.076178
  2.000000 25.544700 24.524150 23.758630 26.814830 -4.256200 -4.320230 -4.593730 -5.818180
  4.000000 26.001980 24.291540 23.510560 27.924310 -4.012330 -3.705460 -4.875870 -6.563437
  6.000000 25.770970 24.249290 23.739240 29.143970 -3.340590 -3.097990 -5.244730 -7.197514
  8.000000 25.309040 24.103150 24.412530 30.504920 -2.281500 -2.737580 -5.715880 -7.777379
 10.000000 24.725500 24.142510 25.616070 31.743720 -0.726880 -2.145260 -6.347700 -8.320675
 12.000000 23.893470 24.832570 26.563560 32.600470  1.008056 -0.750010 -6.845180 -8.709959
 16.000000 21.017120 24.673570 27.526320 32.757100  3.723461  1.914979 -6.801180 -8.684203
 18.000000 18.966070 24.094910 26.951590 32.562940  3.799943  1.994797 -6.067130 -8.274964
 20.000000 16.820490 23.359320 25.699070 33.055320  3.752288  1.979470 -5.031400 -8.268945
 23.000000 13.346480 22.040770 23.031410 34.220550  3.533274  1.281869 -3.321750 -8.625222
 25.000000 10.870020 20.997350 21.114660 35.067340  3.294129 -0.208400 -2.391160 -8.940777
 -4.000000 62.378400 65.088730 56.890670 54.976810-17.696500-16.777000-13.192611-15.531464
 -2.000000 61.300080 62.684770 58.615830 57.405590-16.333200-15.802300-14.000543-15.234804
  0.000000 60.148150 59.838170 59.807770 59.827790-15.197300-14.905900-14.803713-15.087114
  2.000000 58.876030 57.308240 60.956010 62.549270-14.379300-14.957200-15.958270-15.898655
  4.000000 57.055490 55.025150 62.079660 65.322590-13.456400-15.510000-17.429089-17.130148
  6.000000 54.589150 52.959670 63.388450 67.859150-12.243700-16.219300-19.159292-18.234517
  8.000000 51.562130 51.232680 64.813580 69.812340-10.457600-16.862400-20.887805-19.031669
 10.000000 48.486110 49.882460 66.201920 70.369070 -8.640400-17.121700-22.558917-20.829760
 12.000000 45.427580 48.917070 67.120080 71.970970 -6.965500-17.050300-23.617699-21.994783
 16.000000 39.098060 47.972440 66.659090 75.511780 -3.953640-16.319700-23.661137-23.726452
 18.000000 35.551900 47.899830 65.039220 77.106280 -2.470190-15.618400-22.626837-24.282059
 20.000000 31.687480 47.726750 62.606450 78.536280 -1.014880-14.401800-21.178797-24.938484
 23.000000 25.216820 46.504390 57.994790 78.999740  1.101933-11.135800-18.742341-25.540536
 25.000000 20.473140 44.274910 54.276890 78.528500  2.427093 -7.704170-16.903252-25.595251
