  -1.26473  -2.39847   0.00000   0.00000   0.00000   0.51212
  -1.23018  -1.88615   0.00000   0.00000   0.00000   0.48238
  -1.20598  -1.44528   0.00000   0.00000   0.00000   0.46830
  -1.19388  -1.03549   0.00000   0.00000   0.00000   0.46470
  -1.19736  -0.60102   0.00000   0.00000   0.00000   0.45706
  -1.20874  -0.09404   0.00000   0.00000   0.00000   0.43765
  -1.21625   0.46412   0.00000   0.00000   0.00000   0.41041
  -1.22109   1.07128   0.00000   0.00000   0.00000   0.38005
  -1.21726   1.71604   0.00000   0.00000   0.00000   0.34459
  -1.19064   3.10830   0.00000   0.00000   0.00000   0.25987
  -1.17310   3.84400   0.00000   0.00000   0.00000   0.21363
  -1.14957   4.59710   0.00000   0.00000   0.00000   0.16416
  -1.11011   5.73633   0.00000   0.00000   0.00000   0.08876
  -1.14236  -2.46645   0.00000   0.00000   0.00000   0.54345
  -1.11144  -1.97602   0.00000   0.00000   0.00000   0.51671
  -1.08582  -1.54386   0.00000   0.00000   0.00000   0.50312
  -1.07318  -1.12331   0.00000   0.00000   0.00000   0.49350
  -1.07242  -0.69369   0.00000   0.00000   0.00000   0.48508
  -1.07641  -0.18713   0.00000   0.00000   0.00000   0.46187
  -1.07948   0.37421   0.00000   0.00000   0.00000   0.43121
  -1.07585   0.98819   0.00000   0.00000   0.00000   0.39289
  -1.06646   1.64738   0.00000   0.00000   0.00000   0.34885
  -1.03170   3.05806   0.00000   0.00000   0.00000   0.24959
  -1.01062   3.79018   0.00000   0.00000   0.00000   0.19824
  -0.98526   4.54210   0.00000   0.00000   0.00000   0.14314
  -0.94193   5.67929   0.00000   0.00000   0.00000   0.06159
  -1.04327  -2.55952   0.00000   0.00000   0.00000   0.58080
  -1.01832  -2.07273   0.00000   0.00000   0.00000   0.55492
  -0.99367  -1.64219   0.00000   0.00000   0.00000   0.54059
  -0.97715  -1.22591   0.00000   0.00000   0.00000   0.53008
  -0.97243  -0.78920   0.00000   0.00000   0.00000   0.51860
  -0.97058  -0.28499   0.00000   0.00000   0.00000   0.49405
  -0.96361   0.29385   0.00000   0.00000   0.00000   0.45605
  -0.95216   0.91440   0.00000   0.00000   0.00000   0.41283
  -0.93296   1.58466   0.00000   0.00000   0.00000   0.36224
  -0.89125   3.02280   0.00000   0.00000   0.00000   0.24869
  -0.86680   3.77010   0.00000   0.00000   0.00000   0.19000
  -0.83985   4.52554   0.00000   0.00000   0.00000   0.13237
  -0.79726   5.67163   0.00000   0.00000   0.00000   0.04634
  -1.03419  -2.65326   0.00000   0.00000   0.00000   0.61671
  -1.00335  -2.14379   0.00000   0.00000   0.00000   0.58438
  -0.97584  -1.70331   0.00000   0.00000   0.00000   0.56767
  -0.95792  -1.28169   0.00000   0.00000   0.00000   0.55660
  -0.95042  -0.83697   0.00000   0.00000   0.00000   0.54375
  -0.94447  -0.32186   0.00000   0.00000   0.00000   0.51736
  -0.93685   0.26144   0.00000   0.00000   0.00000   0.47889
  -0.92265   0.90043   0.00000   0.00000   0.00000   0.43137
  -0.90233   1.59266   0.00000   0.00000   0.00000   0.37488
  -0.85707   3.06409   0.00000   0.00000   0.00000   0.25491
  -0.83079   3.82824   0.00000   0.00000   0.00000   0.19427
  -0.80416   4.60493   0.00000   0.00000   0.00000   0.13355
  -0.75974   5.77217   0.00000   0.00000   0.00000   0.04880
  -1.13445  -2.60942   0.00000   0.00000   0.00000   0.60177
  -1.09927  -2.07915   0.00000   0.00000   0.00000   0.56713
  -1.06975  -1.64677   0.00000   0.00000   0.00000   0.55797
  -1.05245  -1.25089   0.00000   0.00000   0.00000   0.56130
  -1.04913  -0.81459   0.00000   0.00000   0.00000   0.55746
  -1.04508  -0.30831   0.00000   0.00000   0.00000   0.53923
  -1.03668   0.28206   0.00000   0.00000   0.00000   0.50454
  -1.02148   0.94264   0.00000   0.00000   0.00000   0.45710
  -0.99978   1.66036   0.00000   0.00000   0.00000   0.39865
  -0.95265   3.20657   0.00000   0.00000   0.00000   0.26805
  -0.92836   4.00911   0.00000   0.00000   0.00000   0.20372
  -0.90398   4.82378   0.00000   0.00000   0.00000   0.14170
  -0.86512   6.05418   0.00000   0.00000   0.00000   0.05724
  -1.46839  -2.74335   0.00000   0.00000   0.00000   0.64098
  -1.42985  -2.17868   0.00000   0.00000   0.00000   0.60720
  -1.39857  -1.65805   0.00000   0.00000   0.00000   0.58480
  -1.37468  -1.12613   0.00000   0.00000   0.00000   0.55937
  -1.36252  -0.58363   0.00000   0.00000   0.00000   0.53640
  -1.36152  -0.01448   0.00000   0.00000   0.00000   0.51443
  -1.36231   0.60328   0.00000   0.00000   0.00000   0.48747
  -1.36815   1.22586   0.00000   0.00000   0.00000   0.47341
  -1.35310   2.00046   0.00000   0.00000   0.00000   0.41661
  -1.31747   3.69423   0.00000   0.00000   0.00000   0.28568
  -1.29736   4.60237   0.00000   0.00000   0.00000   0.21824
  -1.27479   5.53637   0.00000   0.00000   0.00000   0.15901
  -1.23620   6.99299   0.00000   0.00000   0.00000   0.09766
  -1.28586  -2.56832  -1.14373   0.00490  -0.03630   0.54935
  -1.26209  -2.02347  -0.98777   0.00520  -0.00331   0.51585
  -1.23241  -1.52051  -0.93259   0.00704   0.00555   0.49190
  -1.22096  -1.01571  -0.92765   0.00784   0.00930   0.46846
  -1.21612  -0.51345  -0.99389   0.00804   0.00123   0.44691
  -1.21536  -0.01984  -1.11015   0.00914  -0.01801   0.43113
  -1.21414   0.52969  -1.24695   0.00936  -0.04097   0.40557
  -1.21361   1.12370  -1.38069   0.00991  -0.06471   0.37358
  -1.20814   1.76394  -1.50646   0.01050  -0.08540   0.33533
  -1.18292   3.14335  -1.71393   0.01222  -0.12039   0.25049
  -1.16706   3.86965  -1.80958   0.01295  -0.13632   0.20389
  -1.14350   4.60400  -1.89040   0.01379  -0.15608   0.15634
  -1.10348   5.73132  -2.01266   0.01428  -0.17533   0.08103
  -1.16661  -2.64448  -1.15100   0.00443  -0.04272   0.58128
  -1.14092  -2.13304  -1.00283   0.00648  -0.01338   0.55394
  -1.11818  -1.61301  -0.92901   0.00706   0.00267   0.52394
  -1.10347  -1.11016  -0.91996   0.00784   0.00814   0.50012
  -1.09241  -0.61602  -0.98994   0.00829  -0.00058   0.47816
  -1.08935  -0.09417  -1.10109   0.00916  -0.01781   0.45121
  -1.08064   0.45338  -1.24649   0.00974  -0.04589   0.42182
  -1.07185   1.05530  -1.38138   0.00990  -0.06919   0.38411
  -1.05928   1.70099  -1.49758   0.01056  -0.08983   0.34092
  -1.02345   3.09352  -1.71201   0.01217  -0.12729   0.24251
  -1.00217   3.81575  -1.80426   0.01301  -0.14499   0.19177
  -0.97808   4.55203  -1.89221   0.01377  -0.16122   0.13927
  -0.93449   5.67099  -2.02461   0.01454  -0.18454   0.05896
  -1.05897  -2.71920  -1.15404   0.00388  -0.04420   0.61317
  -1.03969  -2.22479  -1.02007   0.00638  -0.01974   0.59010
  -1.01825  -1.71639  -0.94234   0.00762  -0.00160   0.56250
  -1.00070  -1.20946  -0.92758   0.00780   0.00568   0.53611
  -0.98886  -0.70069  -0.99763   0.00848  -0.00319   0.50924
  -0.97611  -0.18189  -1.11201   0.00966  -0.02219   0.48106
  -0.96222   0.38321  -1.25370   0.01009  -0.04920   0.44426
  -0.94820   0.99793  -1.39263   0.01016  -0.07613   0.40019
  -0.93504   1.66102  -1.51962   0.01043  -0.10079   0.34926
  -0.89152   3.06534  -1.71863   0.01188  -0.13744   0.24256
  -0.86701   3.79754  -1.81045   0.01267  -0.15438   0.18630
  -0.84079   4.54020  -1.90163   0.01348  -0.17109   0.13089
  -0.79916   5.66368  -2.02341   0.01362  -0.19359   0.04541
  -1.04404  -2.79478  -1.18110   0.00548  -0.05244   0.64459
  -1.01878  -2.27741  -1.03671   0.00685  -0.02230   0.61455
  -0.99872  -1.76960  -0.94966   0.00760  -0.00022   0.58786
  -0.98024  -1.24419  -0.93537   0.00761   0.00862   0.55683
  -0.96631  -0.72887  -1.00272   0.00817   0.00068   0.52815
  -0.95013  -0.20601  -1.12990   0.00955  -0.02166   0.49971
  -0.93276   0.36347  -1.28264   0.01006  -0.05221   0.46311
  -0.91553   0.99368  -1.42719   0.01009  -0.08171   0.41532
  -0.89616   1.66929  -1.55154   0.01050  -0.10592   0.36167
  -0.85151   3.11769  -1.75837   0.01171  -0.14305   0.24580
  -0.82828   3.86360  -1.85777   0.01176  -0.16078   0.18853
  -0.80404   4.62160  -1.95102   0.01213  -0.17856   0.13170
  -0.76290   5.76436  -2.08352   0.01237  -0.20238   0.05068
  -1.15166  -2.72209  -1.17888   0.00208  -0.03786   0.62210
  -1.11761  -2.22113  -1.04468   0.00582  -0.01311   0.60235
  -1.09616  -1.73689  -0.96712   0.00756   0.00610   0.58844
  -1.07808  -1.22967  -0.95829   0.00839   0.01331   0.56784
  -1.06230  -0.72983  -1.03232   0.01021   0.00311   0.54905
  -1.05040  -0.20165  -1.17073   0.01162  -0.02173   0.52455
  -1.03579   0.39126  -1.33406   0.01209  -0.05444   0.48587
  -1.01874   1.04406  -1.49538   0.01182  -0.08778   0.43745
  -0.99842   1.74625  -1.63241   0.01172  -0.11552   0.38204
  -0.95263   3.26544  -1.85452   0.01156  -0.15917   0.25757
  -0.93077   4.05564  -1.95246   0.01124  -0.17793   0.19631
  -0.90889   4.85374  -2.04269   0.01051  -0.19772   0.13870
  -0.87395   6.05920  -2.17184   0.00911  -0.22111   0.05762
  -1.48541  -2.83850  -1.26527   0.00230  -0.03537   0.65778
  -1.44862  -2.24284  -1.16569   0.00427  -0.01712   0.62039
  -1.41826  -1.65483  -1.12407   0.00588  -0.00819   0.58581
  -1.39579  -1.07103  -1.14027   0.00795  -0.00878   0.55322
  -1.37902  -0.49129  -1.22594   0.01012  -0.02405   0.52384
  -1.37098   0.08176  -1.36594   0.01285  -0.05242   0.50147
  -1.36426   0.70700  -1.52549   0.01349  -0.08616   0.46970
  -1.36007   1.37826  -1.67936   0.01335  -0.12001   0.43544
  -1.35371   2.09687  -1.81970   0.01083  -0.14959   0.39764
  -1.31882   3.78222  -2.08274   0.00977  -0.20565   0.26556
  -1.29987   4.68340  -2.19577   0.00881  -0.22666   0.20051
  -1.27789   5.61166  -2.29732   0.00690  -0.24681   0.14282
  -1.23704   7.06099  -2.41484   0.00392  -0.26823   0.08562
  -1.32463  -2.90397  -2.92445   0.01055  -0.05982   0.62444
  -1.30450  -2.26514  -2.78120   0.01395  -0.03436   0.57637
  -1.28220  -1.57876  -2.71936   0.01626  -0.02397   0.52062
  -1.26444  -0.88899  -2.71905   0.01743  -0.02254   0.46358
  -1.24988  -0.22081  -2.77379   0.01904  -0.02881   0.40895
  -1.23419   0.39800  -2.90903   0.02079  -0.04897   0.36583
  -1.22549   0.97951  -3.12442   0.02278  -0.07930   0.33022
  -1.21089   1.54530  -3.40385   0.02588  -0.12402   0.29947
  -1.19371   2.11720  -3.71401   0.02813  -0.17489   0.27264
  -1.15743   3.35428  -4.30031   0.03252  -0.26593   0.20405
  -1.14178   4.01492  -4.56082   0.03465  -0.30438   0.16424
  -1.12240   4.70809  -4.78417   0.03553  -0.34744   0.12107
  -1.08529   5.77532  -5.10441   0.03615  -0.39939   0.05362
  -1.19819  -3.02254  -2.93047   0.00979  -0.07775   0.66328
  -1.17987  -2.36914  -2.78159   0.01354  -0.05064   0.61104
  -1.16223  -1.67953  -2.72265   0.01672  -0.03947   0.55162
  -1.14115  -0.99497  -2.71804   0.01835  -0.03676   0.49446
  -1.12047  -0.32302  -2.77805   0.01936  -0.04417   0.43814
  -1.10166   0.31163  -2.89530   0.02048  -0.06004   0.39026
  -1.08404   0.90952  -3.10355   0.02211  -0.09283   0.35044
  -1.06137   1.49006  -3.38211   0.02470  -0.13902   0.31452
  -1.03856   2.07900  -3.68838   0.02718  -0.19027   0.27998
  -0.99904   3.32624  -4.27450   0.03156  -0.28783   0.20434
  -0.98233   3.98792  -4.53041   0.03400  -0.32981   0.16096
  -0.96227   4.66969  -4.75808   0.03515  -0.36943   0.11493
  -0.92654   5.72331  -5.07713   0.03554  -0.42602   0.03939
  -1.08277  -3.09688  -2.94171   0.00888  -0.09161   0.69439
  -1.06602  -2.43984  -2.79520   0.01254  -0.06368   0.64106
  -1.04778  -1.75424  -2.73350   0.01557  -0.04910   0.58186
  -1.02576  -1.06136  -2.73076   0.01792  -0.04651   0.52104
  -0.99980  -0.38181  -2.79336   0.01926  -0.05449   0.46303
  -0.97450   0.26352  -2.91867   0.02005  -0.07270   0.41178
  -0.95324   0.87742  -3.12573   0.02134  -0.10587   0.36654
  -0.92895   1.46694  -3.40936   0.02388  -0.15423   0.32677
  -0.90700   2.05397  -3.72101   0.02633  -0.20904   0.28959
  -0.86591   3.31750  -4.29336   0.03056  -0.30925   0.20737
  -0.84362   3.99453  -4.53919   0.03215  -0.35438   0.16047
  -0.82093   4.68577  -4.77148   0.03320  -0.39495   0.11035
  -0.78229   5.73702  -5.07329   0.03256  -0.45448   0.03319
  -1.07085  -3.12611  -2.98340   0.00906  -0.09732   0.71176
  -1.05094  -2.44825  -2.84622   0.01264  -0.06931   0.65217
  -1.03031  -1.77482  -2.77048   0.01504  -0.04998   0.59973
  -1.00724  -1.07538  -2.76900   0.01676  -0.04683   0.53883
  -0.97977  -0.38341  -2.83734   0.01834  -0.05448   0.47808
  -0.95375   0.27637  -2.97256   0.01941  -0.07480   0.42401
  -0.92975   0.90254  -3.18867   0.02073  -0.11018   0.37523
  -0.90218   1.49624  -3.48358   0.02281  -0.16514   0.33483
  -0.87989   2.08862  -3.80554   0.02542  -0.22382   0.29743
  -0.83848   3.37357  -4.38666   0.02908  -0.32812   0.21263
  -0.81878   4.06424  -4.62710   0.02947  -0.37400   0.16671
  -0.79466   4.77611  -4.83964   0.02950  -0.41823   0.11557
  -0.75505   5.86204  -5.13405   0.02754  -0.48004   0.03871
  -1.19861  -3.06497  -3.03386   0.00343  -0.08051   0.69956
  -1.15480  -2.35440  -2.89993   0.01020  -0.05451   0.63428
  -1.13411  -1.64677  -2.83584   0.01217  -0.03740   0.57537
  -1.11605  -0.97641  -2.83531   0.01356  -0.03282   0.52922
  -1.08245  -0.31736  -2.92213   0.01724  -0.04567   0.48305
  -1.05566   0.32527  -3.09358   0.02040  -0.07587   0.43654
  -1.02869   0.96635  -3.33264   0.02257  -0.11910   0.38748
  -1.00377   1.57579  -3.64908   0.02480  -0.18177   0.34702
  -0.98437   2.19506  -3.98410   0.02640  -0.24639   0.30736
  -0.94711   3.54710  -4.59075   0.02755  -0.36150   0.21601
  -0.92806   4.28310  -4.83335   0.02681  -0.41091   0.16766
  -0.90761   5.03384  -5.04747   0.02527  -0.45559   0.11870
  -0.87494   6.18150  -5.31488   0.02081  -0.51355   0.04303
  -1.53903  -3.08143  -3.27507  -0.00056  -0.06584   0.71425
  -1.52580  -2.36928  -3.15035   0.00110  -0.04083   0.66129
  -1.49507  -1.61282  -3.11277   0.00436  -0.03234   0.59832
  -1.46560  -0.86312  -3.14516   0.00819  -0.03961   0.53718
  -1.43573  -0.13981  -3.26681   0.01210  -0.06381   0.48413
  -1.41117   0.55084  -3.47641   0.01584  -0.10604   0.43808
  -1.39029   1.22221  -3.76920   0.01913  -0.16912   0.39892
  -1.37320   1.88803  -4.11752   0.02211  -0.24445   0.36017
  -1.35610   2.59960  -4.48160   0.02325  -0.32240   0.31280
  -1.31987   4.16156  -5.14443   0.02377  -0.46150   0.20621
  -1.29914   5.02976  -5.41236   0.02235  -0.51747   0.15267
  -1.27537   5.95316  -5.62881   0.01952  -0.56768   0.10385
  -1.22878   7.40742  -5.88128   0.01477  -0.61375   0.05121
  -1.04239  -1.88670   0.00000   0.00000   0.00000   0.34419
  -1.03023  -1.39352   0.00000   0.00000   0.00000   0.32172
  -1.01226  -0.96630   0.00000   0.00000   0.00000   0.31322
  -1.00674  -0.56701   0.00000   0.00000   0.00000   0.31262
  -1.01468  -0.13139   0.00000   0.00000   0.00000   0.30721
  -1.03079   0.37068   0.00000   0.00000   0.00000   0.28939
  -1.04629   0.93916   0.00000   0.00000   0.00000   0.26136
  -1.05450   1.55429   0.00000   0.00000   0.00000   0.22809
  -1.05776   2.20705   0.00000   0.00000   0.00000   0.19168
  -1.04644   3.61446   0.00000   0.00000   0.00000   0.10548
  -1.03415   4.35409   0.00000   0.00000   0.00000   0.05647
  -1.01749   5.10912   0.00000   0.00000   0.00000   0.00667
  -0.98715   6.25895   0.00000   0.00000   0.00000  -0.07217
  -0.90127  -1.93809   0.00000   0.00000   0.00000   0.36760
  -0.88106  -1.47509   0.00000   0.00000   0.00000   0.35121
  -0.86252  -1.04306   0.00000   0.00000   0.00000   0.33869
  -0.85806  -0.64089   0.00000   0.00000   0.00000   0.33602
  -0.86683  -0.20810   0.00000   0.00000   0.00000   0.32822
  -0.88148   0.30476   0.00000   0.00000   0.00000   0.30461
  -0.88730   0.87145   0.00000   0.00000   0.00000   0.27406
  -0.89238   1.48916   0.00000   0.00000   0.00000   0.23558
  -0.89034   2.15526   0.00000   0.00000   0.00000   0.19076
  -0.87433   3.56954   0.00000   0.00000   0.00000   0.09232
  -0.85726   4.31192   0.00000   0.00000   0.00000   0.03850
  -0.84041   5.06713   0.00000   0.00000   0.00000  -0.01742
  -0.81100   6.21844   0.00000   0.00000   0.00000  -0.10224
  -0.77465  -2.03193   0.00000   0.00000   0.00000   0.40318
  -0.76698  -1.54250   0.00000   0.00000   0.00000   0.37816
  -0.75287  -1.11363   0.00000   0.00000   0.00000   0.36507
  -0.74572  -0.70533   0.00000   0.00000   0.00000   0.35874
  -0.75032  -0.26688   0.00000   0.00000   0.00000   0.34773
  -0.75364   0.24156   0.00000   0.00000   0.00000   0.32321
  -0.75434   0.81634   0.00000   0.00000   0.00000   0.28779
  -0.75446   1.44627   0.00000   0.00000   0.00000   0.24330
  -0.74675   2.12141   0.00000   0.00000   0.00000   0.19216
  -0.72471   3.55908   0.00000   0.00000   0.00000   0.08020
  -0.70798   4.30770   0.00000   0.00000   0.00000   0.02194
  -0.68976   5.06978   0.00000   0.00000   0.00000  -0.03715
  -0.66168   6.22771   0.00000   0.00000   0.00000  -0.12633
  -0.74618  -2.09965   0.00000   0.00000   0.00000   0.42878
  -0.72722  -1.60019   0.00000   0.00000   0.00000   0.40006
  -0.71128  -1.16629   0.00000   0.00000   0.00000   0.38647
  -0.70425  -0.75242   0.00000   0.00000   0.00000   0.37951
  -0.70530  -0.30545   0.00000   0.00000   0.00000   0.36740
  -0.70464   0.21091   0.00000   0.00000   0.00000   0.34132
  -0.70304   0.79728   0.00000   0.00000   0.00000   0.30310
  -0.70080   1.44304   0.00000   0.00000   0.00000   0.25483
  -0.69501   2.13421   0.00000   0.00000   0.00000   0.20035
  -0.66903   3.61004   0.00000   0.00000   0.00000   0.08112
  -0.65216   4.37679   0.00000   0.00000   0.00000   0.01977
  -0.63668   5.15594   0.00000   0.00000   0.00000  -0.04060
  -0.61142   6.34089   0.00000   0.00000   0.00000  -0.12935
  -0.82281  -2.14157   0.00000   0.00000   0.00000   0.43822
  -0.79811  -1.63852   0.00000   0.00000   0.00000   0.41366
  -0.78021  -1.19904   0.00000   0.00000   0.00000   0.40409
  -0.77365  -0.76406   0.00000   0.00000   0.00000   0.39610
  -0.77381  -0.30436   0.00000   0.00000   0.00000   0.38532
  -0.77490   0.22192   0.00000   0.00000   0.00000   0.36125
  -0.77409   0.82791   0.00000   0.00000   0.00000   0.32221
  -0.76865   1.50149   0.00000   0.00000   0.00000   0.27141
  -0.76179   2.22937   0.00000   0.00000   0.00000   0.21157
  -0.74256   3.76928   0.00000   0.00000   0.00000   0.08620
  -0.73256   4.57037   0.00000   0.00000   0.00000   0.02346
  -0.72169   5.39006   0.00000   0.00000   0.00000  -0.03881
  -0.70224   6.62992   0.00000   0.00000   0.00000  -0.12586
  -1.12390  -2.25622   0.00000   0.00000   0.00000   0.46404
  -1.10373  -1.72745   0.00000   0.00000   0.00000   0.44610
  -1.08404  -1.23106   0.00000   0.00000   0.00000   0.43504
  -1.07279  -0.71513   0.00000   0.00000   0.00000   0.41746
  -1.07036  -0.17292   0.00000   0.00000   0.00000   0.39657
  -1.07312   0.41766   0.00000   0.00000   0.00000   0.36811
  -1.07681   1.07470   0.00000   0.00000   0.00000   0.32816
  -1.07999   1.80109   0.00000   0.00000   0.00000   0.27611
  -1.07710   2.59224   0.00000   0.00000   0.00000   0.21382
  -1.07034   4.29812   0.00000   0.00000   0.00000   0.07925
  -1.06427   5.20833   0.00000   0.00000   0.00000   0.01157
  -1.05568   6.14426   0.00000   0.00000   0.00000  -0.04877
  -1.03976   7.59702   0.00000   0.00000   0.00000  -0.10854
  -1.07955  -2.02950  -1.10683   0.00278  -0.02597   0.37131
  -1.06194  -1.51712  -0.97972   0.00367   0.00041   0.34860
  -1.03411  -1.01603  -0.92100   0.00524   0.01177   0.32765
  -1.02862  -0.52344  -0.92914   0.00617   0.01109   0.30972
  -1.02823  -0.03228  -1.00993   0.00703  -0.00201   0.29292
  -1.03385   0.48079  -1.13204   0.00790  -0.02262   0.27274
  -1.03959   1.02942  -1.27023   0.00849  -0.04579   0.24796
  -1.04489   1.62215  -1.40684   0.00947  -0.06908   0.21837
  -1.05101   2.26607  -1.52518   0.00998  -0.08931   0.18047
  -1.04046   3.65193  -1.73990   0.01177  -0.12759   0.09536
  -1.02837   4.38083  -1.83438   0.01301  -0.14358   0.04759
  -1.01197   5.12427  -1.92535   0.01328  -0.16445  -0.00123
  -0.98137   6.26745  -2.06215   0.01434  -0.18648  -0.08051
  -0.92477  -2.09857  -1.11014   0.00285  -0.03050   0.40111
  -0.91037  -1.60037  -0.97952   0.00470  -0.00513   0.37894
  -0.89075  -1.09782  -0.91365   0.00573   0.00856   0.35535
  -0.88421  -0.59488  -0.91720   0.00631   0.01066   0.33155
  -0.88220  -0.09806  -1.00165   0.00679  -0.00340   0.31072
  -0.88337   0.41194  -1.12414   0.00763  -0.02353   0.28919
  -0.88347   0.96414  -1.26590   0.00851  -0.04999   0.26067
  -0.88560   1.56787  -1.40244   0.00896  -0.07468   0.22403
  -0.88426   2.21325  -1.51708   0.00964  -0.09520   0.18215
  -0.86732   3.61020  -1.72867   0.01173  -0.13376   0.08352
  -0.85340   4.34695  -1.82450   0.01274  -0.15385   0.02920
  -0.83868   5.08757  -1.91884   0.01368  -0.17025  -0.02466
  -0.81045   6.22050  -2.05385   0.01456  -0.19589  -0.10769
  -0.79153  -2.16981  -1.12021   0.00282  -0.03429   0.42914
  -0.78272  -1.66797  -0.99224   0.00471  -0.01026   0.40501
  -0.77026  -1.16275  -0.92400   0.00584   0.00568   0.37917
  -0.76210  -0.65960  -0.92456   0.00638   0.00908   0.35487
  -0.75718  -0.15731  -1.01081   0.00720  -0.00486   0.33031
  -0.75384   0.35898  -1.13847   0.00831  -0.02815   0.30477
  -0.75082   0.92231  -1.28066   0.00894  -0.05467   0.27021
  -0.74746   1.53291  -1.41293   0.00945  -0.08000   0.22911
  -0.74174   2.18931  -1.53232   0.01017  -0.10279   0.18152
  -0.71746   3.60759  -1.73811   0.01201  -0.14034   0.07150
  -0.70167   4.34979  -1.83706   0.01290  -0.16032   0.01321
  -0.68419   5.09724  -1.93390   0.01376  -0.17904  -0.04407
  -0.65558   6.23450  -2.05603   0.01384  -0.20697  -0.13066
  -0.74657  -2.24845  -1.14265   0.00357  -0.04014   0.45887
  -0.73330  -1.72700  -1.00334   0.00498  -0.01069   0.42815
  -0.72408  -1.21461  -0.92956   0.00575   0.00790   0.40107
  -0.71546  -0.70510  -0.93345   0.00630   0.01099   0.37579
  -0.71096  -0.19590  -1.01733   0.00729  -0.00207   0.35036
  -0.70712   0.33127  -1.14856   0.00870  -0.02598   0.32184
  -0.70361   0.90367  -1.29797   0.00949  -0.05519   0.28623
  -0.69794   1.53219  -1.43812   0.00986  -0.08329   0.24092
  -0.68922   2.20954  -1.55996   0.01055  -0.10726   0.18822
  -0.66407   3.66345  -1.77648   0.01195  -0.14796   0.07302
  -0.64989   4.41823  -1.87865   0.01235  -0.16766   0.01330
  -0.63442   5.18515  -1.96466   0.01238  -0.18776  -0.04593
  -0.60779   6.34550  -2.10396   0.01237  -0.21667  -0.13101
  -0.83543  -2.28587  -1.16005   0.00357  -0.03432   0.46920
  -0.81736  -1.75471  -1.02528   0.00486  -0.00606   0.44076
  -0.80341  -1.23619  -0.95801   0.00581   0.01065   0.41684
  -0.79210  -0.71613  -0.96447   0.00674   0.01326   0.39289
  -0.78556  -0.19297  -1.04689   0.00782   0.00079   0.36737
  -0.78167   0.34849  -1.19183   0.00935  -0.02621   0.33948
  -0.77685   0.94292  -1.35465   0.01027  -0.05927   0.30239
  -0.77454   1.60195  -1.51012   0.01076  -0.09087   0.25330
  -0.76789   2.30618  -1.64442   0.01119  -0.11785   0.19854
  -0.74909   3.82952  -1.86321   0.01144  -0.16262   0.07503
  -0.73872   4.62430  -1.96273   0.01126  -0.18256   0.01249
  -0.72605   5.43190  -2.05356   0.01059  -0.20515  -0.04833
  -0.70890   6.65658  -2.17602   0.00948  -0.23688  -0.12973
  -1.14583  -2.35854  -1.25882   0.00097  -0.02975   0.48399
  -1.12744  -1.81655  -1.15876   0.00301  -0.01110   0.46856
  -1.10808  -1.23547  -1.11424   0.00413  -0.00078   0.43863
  -1.09328  -0.65370  -1.13244   0.00566  -0.00144   0.40920
  -1.08637  -0.07086  -1.22051   0.00734  -0.01724   0.37979
  -1.08537   0.53011  -1.35825   0.00878  -0.04482   0.34823
  -1.08734   1.17738  -1.52135   0.00936  -0.08048   0.31032
  -1.08549   1.89843  -1.67474   0.00973  -0.11410   0.25854
  -1.08202   2.68198  -1.82157   0.00979  -0.14669   0.19725
  -1.07292   4.38292  -2.07940   0.00934  -0.20465   0.06166
  -1.06726   5.29240  -2.19517   0.00876  -0.22753  -0.00652
  -1.05841   6.22970  -2.28727   0.00701  -0.25010  -0.06635
  -1.03970   7.66616  -2.43568   0.00449  -0.26917  -0.12170
  -1.12787  -2.42675  -2.87304   0.00594  -0.04504   0.46329
  -1.11098  -1.76812  -2.74677   0.00884  -0.02393   0.41345
  -1.09238  -1.06906  -2.69797   0.01184  -0.01666   0.35356
  -1.07936  -0.37295  -2.71209   0.01457  -0.01925   0.29446
  -1.06928   0.29655  -2.77782   0.01636  -0.02737   0.24208
  -1.06053   0.91094  -2.93229   0.01803  -0.04979   0.20204
  -1.05615   1.48099  -3.16106   0.02021  -0.08559   0.17305
  -1.04859   2.03843  -3.44012   0.02345  -0.13092   0.14811
  -1.04300   2.61260  -3.75673   0.02599  -0.18387   0.12106
  -1.01928   3.86757  -4.35797   0.03130  -0.28138   0.04857
  -1.00344   4.54817  -4.61505   0.03366  -0.32426   0.00596
  -0.99005   5.25179  -4.85675   0.03522  -0.37094  -0.03855
  -0.96049   6.33215  -5.20684   0.03667  -0.42684  -0.11281
  -0.96967  -2.50326  -2.88235   0.00566  -0.06035   0.48996
  -0.95426  -1.83448  -2.75288   0.00925  -0.03812   0.43532
  -0.94038  -1.12382  -2.69814   0.01240  -0.02823   0.37074
  -0.92193  -0.43215  -2.70899   0.01479  -0.03028   0.31266
  -0.90510   0.23725  -2.78160   0.01629  -0.04075   0.25925
  -0.89247   0.86978  -2.91944   0.01774  -0.06076   0.21332
  -0.88528   1.45380  -3.13477   0.01953  -0.09712   0.17844
  -0.87780   2.01974  -3.42204   0.02259  -0.14538   0.14829
  -0.86697   2.59902  -3.73420   0.02528  -0.19947   0.11710
  -0.84145   3.84642  -4.33941   0.03118  -0.30020   0.03896
  -0.82641   4.52291  -4.60427   0.03369  -0.34652  -0.00789
  -0.81306   5.21611  -4.85981   0.03572  -0.38897  -0.05969
  -0.78922   6.28432  -5.20106   0.03681  -0.45004  -0.13874
  -0.81660  -2.57935  -2.90194   0.00555  -0.07691   0.51963
  -0.80825  -1.89754  -2.76859   0.00912  -0.05055   0.45988
  -0.79370  -1.18535  -2.71373   0.01266  -0.03889   0.39400
  -0.78064  -0.48071  -2.71889   0.01487  -0.03720   0.33071
  -0.76468   0.19884  -2.79437   0.01661  -0.04806   0.27317
  -0.74938   0.83188  -2.93317   0.01771  -0.07026   0.22684
  -0.73854   1.42669  -3.15728   0.01950  -0.10882   0.18817
  -0.72864   2.00194  -3.44495   0.02233  -0.15992   0.15388
  -0.71777   2.59580  -3.76249   0.02493  -0.21593   0.11733
  -0.69171   3.87111  -4.35532   0.02991  -0.32090   0.03272
  -0.67585   4.55936  -4.61337   0.03174  -0.37004  -0.01683
  -0.66078   5.26509  -4.85354   0.03323  -0.41664  -0.06889
  -0.63467   6.34214  -5.16380   0.03308  -0.48329  -0.15048
  -0.78720  -2.63396  -2.94665   0.00574  -0.08396   0.54307
  -0.77145  -1.93770  -2.81073   0.00928  -0.05550   0.47941
  -0.75519  -1.21824  -2.75258   0.01228  -0.04071   0.41266
  -0.73942  -0.49934  -2.75957   0.01462  -0.03857   0.34630
  -0.72050   0.19167  -2.83867   0.01631  -0.04968   0.28743
  -0.70742   0.83905  -2.99497   0.01750  -0.07451   0.23774
  -0.69603   1.44499  -3.22065   0.01902  -0.11509   0.19703
  -0.68535   2.03643  -3.51414   0.02118  -0.17105   0.16018
  -0.67446   2.63969  -3.83154   0.02363  -0.23047   0.12162
  -0.64832   3.94934  -4.43063   0.02781  -0.34096   0.03096
  -0.63290   4.65689  -4.69287   0.02870  -0.39194  -0.02100
  -0.61828   5.38079  -4.91717   0.02924  -0.43990  -0.07445
  -0.59420   6.47400  -5.23639   0.02808  -0.50655  -0.15162
  -0.87722  -2.67063  -3.02942   0.00556  -0.07865   0.55899
  -0.85820  -1.94910  -2.88686   0.00876  -0.04749   0.49241
  -0.84132  -1.21812  -2.82292   0.01174  -0.03271   0.42564
  -0.82057  -0.48705  -2.83696   0.01420  -0.03235   0.35914
  -0.79959   0.21853  -2.92691   0.01626  -0.04631   0.29910
  -0.78280   0.88675  -3.10164   0.01815  -0.07621   0.24728
  -0.76960   1.52046  -3.35325   0.02013  -0.12358   0.20213
  -0.76137   2.13539  -3.67332   0.02243  -0.18577   0.16103
  -0.75275   2.76299  -4.01093   0.02432  -0.25031   0.12002
  -0.73708   4.13697  -4.62325   0.02649  -0.37019   0.02644
  -0.72785   4.87642  -4.89432   0.02653  -0.42371  -0.02690
  -0.71729   5.63728  -5.13323   0.02564  -0.47158  -0.08031
  -0.69918   6.79835  -5.44446   0.02171  -0.53712  -0.16036
  -1.20424  -2.64823  -3.30842   0.00064  -0.06971   0.55750
  -1.18311  -1.92872  -3.17363   0.00446  -0.04149   0.50434
  -1.16079  -1.15069  -3.12721   0.00736  -0.03067   0.43531
  -1.13840  -0.38082  -3.15642   0.01048  -0.03525   0.37029
  -1.12143   0.36693  -3.27391   0.01338  -0.06012   0.30795
  -1.10883   1.08433  -3.48244   0.01589  -0.10301   0.25354
  -1.10363   1.77526  -3.77743   0.01813  -0.16708   0.20681
  -1.09477   2.47326  -4.12017   0.02027  -0.24288   0.15769
  -1.08593   3.19568  -4.48024   0.02172  -0.32039   0.10683
  -1.07038   4.77328  -5.15438   0.02283  -0.46489  -0.00583
  -1.06368   5.64317  -5.44408   0.02195  -0.52211  -0.06358
  -1.05301   6.54862  -5.70106   0.01954  -0.57208  -0.11461
  -1.03100   8.01815  -5.95402   0.01377  -0.63149  -0.16501
  -0.87269  -0.88046   0.00000   0.00000   0.00000   0.02184
  -0.87823  -0.43480   0.00000   0.00000   0.00000   0.01300
  -0.86416  -0.04841   0.00000   0.00000   0.00000   0.01989
  -0.86310   0.32633   0.00000   0.00000   0.00000   0.02841
  -0.87815   0.76659   0.00000   0.00000   0.00000   0.02350
  -0.90188   1.29185   0.00000   0.00000   0.00000   0.00015
  -0.91912   1.87745   0.00000   0.00000   0.00000  -0.03169
  -0.93615   2.53243   0.00000   0.00000   0.00000  -0.07485
  -0.94668   3.22382   0.00000   0.00000   0.00000  -0.12258
  -0.96537   4.70597   0.00000   0.00000   0.00000  -0.23114
  -0.96611   5.48701   0.00000   0.00000   0.00000  -0.29090
  -0.96888   6.28263   0.00000   0.00000   0.00000  -0.35255
  -0.96348   7.48602   0.00000   0.00000   0.00000  -0.44606
  -0.71960  -0.87557   0.00000   0.00000   0.00000   0.02536
  -0.71478  -0.43520   0.00000   0.00000   0.00000   0.01551
  -0.70448  -0.05736   0.00000   0.00000   0.00000   0.02201
  -0.70437   0.32191   0.00000   0.00000   0.00000   0.02839
  -0.71828   0.76209   0.00000   0.00000   0.00000   0.02058
  -0.73448   1.28521   0.00000   0.00000   0.00000  -0.00493
  -0.75021   1.87882   0.00000   0.00000   0.00000  -0.04294
  -0.76044   2.53155   0.00000   0.00000   0.00000  -0.09020
  -0.76794   3.22425   0.00000   0.00000   0.00000  -0.14329
  -0.78225   4.70588   0.00000   0.00000   0.00000  -0.25930
  -0.78371   5.48408   0.00000   0.00000   0.00000  -0.32493
  -0.78591   6.28169   0.00000   0.00000   0.00000  -0.39132
  -0.78301   7.48373   0.00000   0.00000   0.00000  -0.49123
  -0.57363  -0.86990   0.00000   0.00000   0.00000   0.02429
  -0.56813  -0.43453   0.00000   0.00000   0.00000   0.01628
  -0.56106  -0.06075   0.00000   0.00000   0.00000   0.02319
  -0.56073   0.31431   0.00000   0.00000   0.00000   0.02882
  -0.57034   0.75638   0.00000   0.00000   0.00000   0.01879
  -0.57923   1.28440   0.00000   0.00000   0.00000  -0.01008
  -0.58845   1.88277   0.00000   0.00000   0.00000  -0.05220
  -0.59639   2.53999   0.00000   0.00000   0.00000  -0.10354
  -0.60215   3.23748   0.00000   0.00000   0.00000  -0.16066
  -0.61860   4.72877   0.00000   0.00000   0.00000  -0.28701
  -0.62160   5.51416   0.00000   0.00000   0.00000  -0.35651
  -0.62284   6.31403   0.00000   0.00000   0.00000  -0.42685
  -0.62281   7.52106   0.00000   0.00000   0.00000  -0.53030
  -0.52041  -0.88282   0.00000   0.00000   0.00000   0.02686
  -0.51197  -0.43728   0.00000   0.00000   0.00000   0.01601
  -0.50395  -0.05991   0.00000   0.00000   0.00000   0.02275
  -0.50907   0.31719   0.00000   0.00000   0.00000   0.03017
  -0.51602   0.76317   0.00000   0.00000   0.00000   0.02008
  -0.52884   1.29195   0.00000   0.00000   0.00000  -0.00830
  -0.53686   1.90203   0.00000   0.00000   0.00000  -0.05278
  -0.54279   2.57072   0.00000   0.00000   0.00000  -0.10733
  -0.54734   3.28459   0.00000   0.00000   0.00000  -0.16805
  -0.56089   4.81277   0.00000   0.00000   0.00000  -0.30249
  -0.56528   5.61977   0.00000   0.00000   0.00000  -0.37556
  -0.56978   6.43650   0.00000   0.00000   0.00000  -0.44712
  -0.57345   7.67265   0.00000   0.00000   0.00000  -0.55006
  -0.58476  -0.91286   0.00000   0.00000   0.00000   0.02356
  -0.56871  -0.45462   0.00000   0.00000   0.00000   0.01489
  -0.56051  -0.06111   0.00000   0.00000   0.00000   0.02274
  -0.55795   0.33078   0.00000   0.00000   0.00000   0.03125
  -0.56492   0.78416   0.00000   0.00000   0.00000   0.02405
  -0.57361   1.32159   0.00000   0.00000   0.00000  -0.00199
  -0.57948   1.94925   0.00000   0.00000   0.00000  -0.04751
  -0.58708   2.64871   0.00000   0.00000   0.00000  -0.10586
  -0.59688   3.39850   0.00000   0.00000   0.00000  -0.17212
  -0.61591   5.00926   0.00000   0.00000   0.00000  -0.32040
  -0.62494   5.85488   0.00000   0.00000   0.00000  -0.39686
  -0.63389   6.71093   0.00000   0.00000   0.00000  -0.47069
  -0.65061   7.99734   0.00000   0.00000   0.00000  -0.57014
  -0.82714  -1.01603   0.00000   0.00000   0.00000   0.02110
  -0.81431  -0.49869   0.00000   0.00000   0.00000   0.00960
  -0.80691  -0.02111   0.00000   0.00000   0.00000   0.00723
  -0.80650   0.45791   0.00000   0.00000   0.00000   0.00468
  -0.81328   0.98068   0.00000   0.00000   0.00000  -0.00809
  -0.82552   1.57749   0.00000   0.00000   0.00000  -0.03767
  -0.83878   2.25423   0.00000   0.00000   0.00000  -0.08433
  -0.85193   3.00688   0.00000   0.00000   0.00000  -0.14566
  -0.86487   3.82921   0.00000   0.00000   0.00000  -0.21943
  -0.89330   5.60321   0.00000   0.00000   0.00000  -0.38067
  -0.90693   6.55148   0.00000   0.00000   0.00000  -0.46294
  -0.92022   7.52035   0.00000   0.00000   0.00000  -0.53567
  -0.93883   9.00982   0.00000   0.00000   0.00000  -0.61134
  -0.89339  -1.01710  -1.02427  -0.00203   0.00045   0.05097
  -0.89493  -0.53464  -0.90313  -0.00076   0.02520   0.03582
  -0.88616  -0.05340  -0.86225   0.00050   0.03177   0.02183
  -0.89045   0.42771  -0.90782   0.00180   0.02117   0.00809
  -0.89393   0.91605  -1.01973   0.00311  -0.00061  -0.00675
  -0.90393   1.43313  -1.17263   0.00450  -0.03095  -0.02631
  -0.92087   1.99369  -1.33141   0.00619  -0.06025  -0.05288
  -0.93573   2.61200  -1.47773   0.00812  -0.08655  -0.09022
  -0.94901   3.28058  -1.60603   0.00960  -0.10862  -0.13458
  -0.95921   4.73967  -1.82661   0.01230  -0.14651  -0.24090
  -0.96042   5.50686  -1.93661   0.01364  -0.16185  -0.29951
  -0.96369   6.29104  -2.03113   0.01395  -0.18004  -0.36155
  -0.95763   7.49071  -2.18571   0.01514  -0.20092  -0.45647
  -0.73657  -1.02245  -1.01909  -0.00200  -0.00229   0.05687
  -0.73220  -0.54358  -0.89806  -0.00074   0.02140   0.03988
  -0.72321  -0.05541  -0.85359   0.00029   0.03050   0.02143
  -0.72417   0.42800  -0.89976   0.00145   0.01956   0.00615
  -0.73398   0.91201  -1.02169   0.00290  -0.00542  -0.01069
  -0.74002   1.42535  -1.17180   0.00453  -0.03507  -0.03196
  -0.74916   1.98574  -1.33012   0.00613  -0.06575  -0.06208
  -0.76081   2.60222  -1.47403   0.00798  -0.09220  -0.10167
  -0.76973   3.27296  -1.59872   0.00969  -0.11482  -0.15037
  -0.78369   4.73598  -1.83188   0.01251  -0.15351  -0.26751
  -0.78549   5.50634  -1.93441   0.01384  -0.17115  -0.33313
  -0.78400   6.28815  -2.04140   0.01477  -0.19066  -0.39912
  -0.78371   7.47572  -2.19051   0.01617  -0.21497  -0.49912
  -0.57543  -1.01601  -1.01987  -0.00184  -0.00185   0.05448
  -0.57612  -0.54633  -0.90228  -0.00039   0.02057   0.04067
  -0.57064  -0.06276  -0.85779   0.00057   0.03000   0.02321
  -0.57549   0.42310  -0.89892   0.00165   0.02084   0.00504
  -0.58000   0.91173  -1.02578   0.00312  -0.00581  -0.01338
  -0.58461   1.42557  -1.18156   0.00497  -0.03835  -0.03722
  -0.58977   1.99508  -1.33752   0.00669  -0.06942  -0.07274
  -0.60042   2.62043  -1.47966   0.00863  -0.09653  -0.11717
  -0.60746   3.29797  -1.60167   0.01031  -0.11933  -0.17077
  -0.61941   4.77770  -1.83080   0.01321  -0.16005  -0.29861
  -0.62213   5.55461  -1.94743   0.01454  -0.18008  -0.36839
  -0.62229   6.33926  -2.06575   0.01575  -0.19792  -0.43804
  -0.62086   7.52551  -2.23054   0.01634  -0.22534  -0.54032
  -0.51882  -1.03038  -1.03574  -0.00164  -0.00391   0.05719
  -0.51608  -0.55355  -0.90774  -0.00043   0.02278   0.04217
  -0.51929  -0.06418  -0.86425   0.00049   0.03257   0.02428
  -0.52208   0.41801  -0.90910   0.00151   0.02297   0.00866
  -0.52553   0.90486  -1.03608   0.00323  -0.00460  -0.00828
  -0.52990   1.42471  -1.19798   0.00509  -0.03887  -0.03263
  -0.53897   2.00645  -1.35725   0.00690  -0.07045  -0.07032
  -0.54599   2.64989  -1.50212   0.00862  -0.10012  -0.11917
  -0.55211   3.35426  -1.62643   0.01027  -0.12432  -0.17958
  -0.56516   4.87379  -1.86770   0.01303  -0.16952  -0.31520
  -0.56849   5.66639  -1.98289   0.01359  -0.19053  -0.38614
  -0.57110   6.47050  -2.09193   0.01411  -0.21214  -0.45689
  -0.57116   7.67741  -2.27647   0.01485  -0.23790  -0.55827
  -0.59230  -1.05970  -1.04745  -0.00138   0.00525   0.05630
  -0.58224  -0.55638  -0.92667  -0.00027   0.02981   0.03811
  -0.57634  -0.06036  -0.88292   0.00055   0.03885   0.02313
  -0.57550   0.43098  -0.92906   0.00161   0.02830   0.00980
  -0.57696   0.93090  -1.05579   0.00335   0.00030  -0.00597
  -0.58149   1.46198  -1.22916   0.00550  -0.03693  -0.02926
  -0.59085   2.06400  -1.39919   0.00748  -0.07263  -0.06785
  -0.59949   2.74142  -1.55440   0.00924  -0.10495  -0.12177
  -0.60830   3.47436  -1.68910   0.01042  -0.13317  -0.18544
  -0.62838   5.07325  -1.93120   0.01165  -0.18213  -0.33376
  -0.63628   5.91010  -2.04799   0.01165  -0.20526  -0.40986
  -0.64488   6.75039  -2.16145   0.01115  -0.22983  -0.48294
  -0.66112   8.01236  -2.32092   0.01013  -0.26363  -0.57980
  -0.84413  -1.13905  -1.19116  -0.00171  -0.00033   0.04879
  -0.83566  -0.57309  -1.07819  -0.00081   0.02319   0.02591
  -0.82860  -0.01268  -1.04200   0.00030   0.02976   0.00536
  -0.82684   0.54748  -1.08296   0.00174   0.01915  -0.01483
  -0.83077   1.11301  -1.19893   0.00332  -0.00793  -0.03583
  -0.83961   1.71180  -1.36110   0.00488  -0.04532  -0.06521
  -0.85055   2.37544  -1.53303   0.00644  -0.08491  -0.10913
  -0.86340   3.11798  -1.69100   0.00812  -0.12107  -0.16905
  -0.87511   3.92717  -1.83863   0.00946  -0.15430  -0.24083
  -0.90275   5.68873  -2.09707   0.00975  -0.21546  -0.39975
  -0.91677   6.62888  -2.22367   0.00950  -0.23866  -0.48107
  -0.93043   7.59068  -2.32350   0.00776  -0.26227  -0.55162
  -0.94811   9.06972  -2.44484   0.00407  -0.28962  -0.61943
  -0.93844  -1.38522  -2.76079  -0.00592  -0.00970   0.13692
  -0.93033  -0.70782  -2.65902  -0.00291   0.00537   0.08016
  -0.93207  -0.00444  -2.64168   0.00091   0.00360   0.01939
  -0.92668   0.69317  -2.69055   0.00377  -0.00812  -0.04008
  -0.92738   1.35384  -2.78797   0.00682  -0.02595  -0.08931
  -0.93741   1.96348  -2.97168   0.00979  -0.05888  -0.12711
  -0.94314   2.54159  -3.23392   0.01406  -0.10296  -0.15777
  -0.94398   3.11870  -3.54174   0.01862  -0.15697  -0.18777
  -0.94869   3.71372  -3.87860   0.02219  -0.21540  -0.21951
  -0.95177   5.00972  -4.51879   0.02868  -0.32138  -0.30364
  -0.94720   5.71910  -4.80342   0.03184  -0.36711  -0.35558
  -0.94057   6.44415  -5.05776   0.03383  -0.41239  -0.40962
  -0.92823   7.56767  -5.42255   0.03526  -0.47047  -0.49566
  -0.75942  -1.39777  -2.74632  -0.00599  -0.01911   0.14268
  -0.76381  -0.71783  -2.64601  -0.00254  -0.00482   0.08363
  -0.76127  -0.00575  -2.63004   0.00115  -0.00618   0.01847
  -0.76042   0.69132  -2.67453   0.00413  -0.01668  -0.04254
  -0.75371   1.35722  -2.78239   0.00662  -0.03748  -0.09492
  -0.75691   1.97493  -2.96541   0.00963  -0.07008  -0.13591
  -0.76133   2.55401  -3.22373   0.01339  -0.11701  -0.17018
  -0.76529   3.12762  -3.53728   0.01781  -0.17312  -0.20240
  -0.76730   3.72486  -3.88017   0.02196  -0.23399  -0.23929
  -0.76961   5.02231  -4.52704   0.02963  -0.34540  -0.33088
  -0.76683   5.72602  -4.80579   0.03261  -0.39387  -0.38481
  -0.76497   6.45198  -5.06273   0.03483  -0.44029  -0.44344
  -0.76003   7.56468  -5.41563   0.03612  -0.50505  -0.53409
  -0.59004  -1.41368  -2.73853  -0.00501  -0.02398   0.14654
  -0.60004  -0.71878  -2.65796  -0.00125  -0.01444   0.08324
  -0.60168  -0.00433  -2.63939   0.00219  -0.01292   0.01595
  -0.59989   0.69615  -2.68370   0.00502  -0.02360  -0.04660
  -0.59884   1.36667  -2.79994   0.00742  -0.04642  -0.10129
  -0.59985   1.99500  -2.98703   0.00978  -0.08209  -0.14629
  -0.60213   2.57711  -3.25272   0.01341  -0.13139  -0.18249
  -0.60656   3.15317  -3.57103   0.01758  -0.19062  -0.21625
  -0.60682   3.75550  -3.91425   0.02176  -0.25410  -0.25555
  -0.61108   5.08515  -4.55768   0.02970  -0.37076  -0.35845
  -0.60868   5.80076  -4.83787   0.03258  -0.42184  -0.41746
  -0.60674   6.52752  -5.10840   0.03483  -0.46926  -0.47869
  -0.60285   7.63567  -5.45526   0.03455  -0.53897  -0.57014
  -0.54133  -1.42591  -2.78805  -0.00425  -0.02293   0.14654
  -0.54488  -0.71753  -2.69631  -0.00078  -0.01416   0.08324
  -0.54672   0.00660  -2.67544   0.00219  -0.01252   0.01595
  -0.54672   0.71695  -2.72164   0.00490  -0.02268  -0.04660
  -0.54331   1.40156  -2.83999   0.00716  -0.04503  -0.10129
  -0.54531   2.03352  -3.03879   0.00941  -0.08132  -0.14629
  -0.55231   2.62672  -3.31186   0.01263  -0.13095  -0.18249
  -0.55572   3.22008  -3.63233   0.01638  -0.19078  -0.21625
  -0.55889   3.83472  -3.98629   0.02049  -0.25420  -0.25555
  -0.56273   5.18721  -4.63398   0.02752  -0.37060  -0.35845
  -0.56193   5.92640  -4.91399   0.02943  -0.42151  -0.41746
  -0.56009   6.68108  -5.16380   0.03059  -0.47013  -0.47869
  -0.55630   7.81826  -5.50903   0.02952  -0.53975  -0.57014
  -0.60788  -1.45876  -2.86743  -0.00280  -0.01954   0.15197
  -0.60618  -0.72832  -2.75874   0.00018  -0.00161   0.08352
  -0.60326   0.01594  -2.73736   0.00283   0.00166   0.01252
  -0.60365   0.74568  -2.78888   0.00506  -0.01026  -0.05163
  -0.60088   1.44726  -2.92248   0.00727  -0.03881  -0.10900
  -0.60039   2.10688  -3.14198   0.00978  -0.08422  -0.15711
  -0.59884   2.73997  -3.42731   0.01289  -0.14317  -0.20128
  -0.60780   3.35679  -3.76395   0.01630  -0.21221  -0.24153
  -0.61451   4.00187  -4.12221   0.01976  -0.28602  -0.28759
  -0.62999   5.43143  -4.78243   0.02479  -0.42064  -0.40168
  -0.63672   6.20463  -5.06956   0.02558  -0.47870  -0.46586
  -0.64185   7.00844  -5.32100   0.02528  -0.53624  -0.52996
  -0.65104   8.21213  -5.65070   0.02140  -0.61214  -0.61601
  -0.88394  -1.47957  -3.20797  -0.00346  -0.02198   0.14050
  -0.87950  -0.70601  -3.08566  -0.00064   0.00140   0.06704
  -0.87372   0.08788  -3.06249   0.00209   0.00257  -0.00739
  -0.87011   0.87226  -3.11808   0.00465  -0.01306  -0.07711
  -0.87031   1.62652  -3.25970   0.00696  -0.04844  -0.13859
  -0.87158   2.35179  -3.49229   0.00921  -0.10319  -0.19342
  -0.87745   3.05815  -3.80110   0.01203  -0.17528  -0.24515
  -0.89013   3.76682  -4.14624   0.01492  -0.25503  -0.29627
  -0.89849   4.49462  -4.51761   0.01771  -0.33772  -0.35132
  -0.92143   6.11108  -5.20303   0.02039  -0.49248  -0.47746
  -0.93414   7.00215  -5.49531   0.02014  -0.55322  -0.54211
  -0.94666   7.93422  -5.74669   0.01800  -0.60495  -0.60224
  -0.96339   9.41762  -6.02694   0.01193  -0.66789  -0.65939
  -0.99919   0.12579   0.00000   0.00000   0.00000  -0.30050
  -1.02242   0.52391   0.00000   0.00000   0.00000  -0.29572
  -1.01226   0.86948   0.00000   0.00000   0.00000  -0.27344
  -1.01566   1.21966   0.00000   0.00000   0.00000  -0.25580
  -1.03781   1.66458   0.00000   0.00000   0.00000  -0.26021
  -1.06916   2.21301   0.00000   0.00000   0.00000  -0.28908
  -1.08814   2.81573   0.00000   0.00000   0.00000  -0.32473
  -1.11400   3.51057   0.00000   0.00000   0.00000  -0.37779
  -1.13180   4.24058   0.00000   0.00000   0.00000  -0.43685
  -1.18050   5.79748   0.00000   0.00000   0.00000  -0.56776
  -1.19426   6.61994   0.00000   0.00000   0.00000  -0.63827
  -1.21646   7.45614   0.00000   0.00000   0.00000  -0.71178
  -1.23601   8.71309   0.00000   0.00000   0.00000  -0.81995
  -0.85401   0.18695   0.00000   0.00000   0.00000  -0.31688
  -0.86458   0.60470   0.00000   0.00000   0.00000  -0.32018
  -0.86252   0.92834   0.00000   0.00000   0.00000  -0.29467
  -0.86676   1.28470   0.00000   0.00000   0.00000  -0.27925
  -0.88582   1.73228   0.00000   0.00000   0.00000  -0.28706
  -0.90356   2.26565   0.00000   0.00000   0.00000  -0.31447
  -0.92920   2.88619   0.00000   0.00000   0.00000  -0.35994
  -0.94458   3.57394   0.00000   0.00000   0.00000  -0.41598
  -0.96163   4.29323   0.00000   0.00000   0.00000  -0.47734
  -1.00627   5.84223   0.00000   0.00000   0.00000  -0.61091
  -1.02625   6.65624   0.00000   0.00000   0.00000  -0.68836
  -1.04750   7.49625   0.00000   0.00000   0.00000  -0.76522
  -1.07110   8.74901   0.00000   0.00000   0.00000  -0.88022
  -0.75624   0.29213   0.00000   0.00000   0.00000  -0.35460
  -0.75290   0.67344   0.00000   0.00000   0.00000  -0.34559
  -0.75287   0.99214   0.00000   0.00000   0.00000  -0.31868
  -0.75938   1.33395   0.00000   0.00000   0.00000  -0.30111
  -0.77400   1.77963   0.00000   0.00000   0.00000  -0.31016
  -0.78844   2.32724   0.00000   0.00000   0.00000  -0.34336
  -0.80619   2.94920   0.00000   0.00000   0.00000  -0.39218
  -0.82194   3.63370   0.00000   0.00000   0.00000  -0.45039
  -0.84117   4.35354   0.00000   0.00000   0.00000  -0.51348
  -0.89613   5.89847   0.00000   0.00000   0.00000  -0.65423
  -0.91885   6.72062   0.00000   0.00000   0.00000  -0.73497
  -0.93954   7.55828   0.00000   0.00000   0.00000  -0.81656
  -0.96756   8.81442   0.00000   0.00000   0.00000  -0.93427
  -0.70931   0.33401   0.00000   0.00000   0.00000  -0.37506
  -0.71139   0.72564   0.00000   0.00000   0.00000  -0.36804
  -0.71128   1.04647   0.00000   0.00000   0.00000  -0.34097
  -0.72856   1.38681   0.00000   0.00000   0.00000  -0.31917
  -0.74141   1.83178   0.00000   0.00000   0.00000  -0.32724
  -0.76771   2.37299   0.00000   0.00000   0.00000  -0.35793
  -0.78535   3.00677   0.00000   0.00000   0.00000  -0.40866
  -0.79944   3.69840   0.00000   0.00000   0.00000  -0.46950
  -0.81434   4.43497   0.00000   0.00000   0.00000  -0.53645
  -0.86742   6.01549   0.00000   0.00000   0.00000  -0.68610
  -0.89307   6.86275   0.00000   0.00000   0.00000  -0.77089
  -0.91755   7.71706   0.00000   0.00000   0.00000  -0.85364
  -0.95016   9.00440   0.00000   0.00000   0.00000  -0.97077
  -0.78610   0.31585   0.00000   0.00000   0.00000  -0.39110
  -0.77870   0.72928   0.00000   0.00000   0.00000  -0.38387
  -0.78021   1.07681   0.00000   0.00000   0.00000  -0.35861
  -0.78165   1.42562   0.00000   0.00000   0.00000  -0.33360
  -0.79542   1.87268   0.00000   0.00000   0.00000  -0.33722
  -0.81171   2.42127   0.00000   0.00000   0.00000  -0.36523
  -0.82427   3.07058   0.00000   0.00000   0.00000  -0.41723
  -0.84491   3.79593   0.00000   0.00000   0.00000  -0.48312
  -0.87135   4.56762   0.00000   0.00000   0.00000  -0.55582
  -0.92866   6.24923   0.00000   0.00000   0.00000  -0.72699
  -0.95672   7.13938   0.00000   0.00000   0.00000  -0.81718
  -0.98548   8.03181   0.00000   0.00000   0.00000  -0.90257
  -1.03837   9.36476   0.00000   0.00000   0.00000  -1.01442
  -1.08465   0.22416   0.00000   0.00000   0.00000  -0.42185
  -1.07915   0.73006   0.00000   0.00000   0.00000  -0.42691
  -1.08404   1.18885   0.00000   0.00000   0.00000  -0.42058
  -1.09447   1.63095   0.00000   0.00000   0.00000  -0.40809
  -1.11047   2.13427   0.00000   0.00000   0.00000  -0.41276
  -1.13218   2.73733   0.00000   0.00000   0.00000  -0.44344
  -1.15502   3.43377   0.00000   0.00000   0.00000  -0.49682
  -1.17814   4.21267   0.00000   0.00000   0.00000  -0.56742
  -1.20690   5.06618   0.00000   0.00000   0.00000  -0.65268
  -1.27051   6.90829   0.00000   0.00000   0.00000  -0.84059
  -1.30386   7.89463   0.00000   0.00000   0.00000  -0.93745
  -1.33903   8.89643   0.00000   0.00000   0.00000  -1.02258
  -1.39216  10.42262   0.00000   0.00000   0.00000  -1.11415
  -1.00313  -0.00471  -0.94171  -0.00684   0.02686  -0.26938
  -1.02382   0.44784  -0.82655  -0.00519   0.04998  -0.27696
  -1.03411   0.90923  -0.80350  -0.00424   0.05178  -0.28399
  -1.04817   1.37886  -0.88649  -0.00257   0.03124  -0.29355
  -1.05553   1.86438  -1.02952  -0.00081   0.00078  -0.30641
  -1.06991   2.38547  -1.21323   0.00111  -0.03927  -0.32535
  -1.09806   2.95797  -1.39258   0.00390  -0.07470  -0.35372
  -1.12247   3.60186  -1.54863   0.00678  -0.10402  -0.39881
  -1.14290   4.29510  -1.68688   0.00922  -0.12792  -0.44963
  -1.17385   5.82741  -1.91331   0.01283  -0.16542  -0.57715
  -1.18837   6.63289  -2.03884   0.01428  -0.18011  -0.64661
  -1.21131   7.45781  -2.13691   0.01462  -0.19563  -0.72188
  -1.22979   8.71397  -2.30927   0.01594  -0.21536  -0.83242
  -0.88344   0.05367  -0.92803  -0.00686   0.02592  -0.28736
  -0.88912   0.51320  -0.81661  -0.00617   0.04792  -0.29918
  -0.89075   0.98700  -0.79353  -0.00514   0.05245  -0.31249
  -0.89920   1.45088  -0.88231  -0.00341   0.02847  -0.31926
  -0.92084   1.92208  -1.04172  -0.00098  -0.00743  -0.33209
  -0.93176   2.43875  -1.21946   0.00143  -0.04660  -0.35312
  -0.94993   3.00734  -1.39434   0.00375  -0.08151  -0.38484
  -0.97109   3.63658  -1.54562   0.00700  -0.10971  -0.42737
  -0.99027   4.33267  -1.68037   0.00974  -0.13444  -0.48290
  -1.03514   5.86177  -1.93508   0.01330  -0.17325  -0.61854
  -1.05265   6.66573  -2.04432   0.01494  -0.18845  -0.69545
  -1.06441   7.48872  -2.16396   0.01586  -0.21107  -0.77358
  -1.09205   8.73095  -2.32717   0.01778  -0.23406  -0.89055
  -0.75856   0.13779  -0.91954  -0.00651   0.03059  -0.32018
  -0.76877   0.57530  -0.81232  -0.00549   0.05140  -0.32366
  -0.77026   1.03722  -0.79157  -0.00469   0.05433  -0.33275
  -0.78811   1.50579  -0.87328  -0.00308   0.03260  -0.34479
  -0.80206   1.98078  -1.04076  -0.00096  -0.00675  -0.35707
  -0.81462   2.49216  -1.22465   0.00162  -0.04856  -0.37921
  -0.82796   3.06786  -1.39439   0.00444  -0.08417  -0.41570
  -0.85262   3.70795  -1.54638   0.00782  -0.11307  -0.46344
  -0.87241   4.40663  -1.67101   0.01046  -0.13586  -0.52306
  -0.92061   5.94780  -1.92349   0.01441  -0.17975  -0.66871
  -0.94183   6.75944  -2.05780   0.01618  -0.19983  -0.74999
  -0.95963   7.58129  -2.19759   0.01775  -0.21680  -0.83202
  -0.98539   8.81653  -2.40505   0.01885  -0.24372  -0.94997
  -0.70066   0.18769  -0.92882  -0.00684   0.03232  -0.34449
  -0.70845   0.61990  -0.81213  -0.00583   0.05625  -0.34381
  -0.72408   1.08625  -0.79894  -0.00478   0.05724  -0.35251
  -0.73830   1.54113  -0.88474  -0.00329   0.03495  -0.35847
  -0.74969   2.00562  -1.05482  -0.00084  -0.00712  -0.36692
  -0.76228   2.51814  -1.24739   0.00149  -0.05177  -0.38710
  -0.78392   3.10924  -1.41652   0.00432  -0.08572  -0.42687
  -0.80362   3.76759  -1.56613   0.00737  -0.11694  -0.47926
  -0.82458   4.49898  -1.69291   0.01000  -0.14138  -0.54738
  -0.87584   6.08414  -1.95892   0.01411  -0.19108  -0.70343
  -0.89668   6.91454  -2.08714   0.01482  -0.21340  -0.78558
  -0.91737   7.75586  -2.21921   0.01584  -0.23652  -0.86785
  -0.94412   9.00933  -2.44898   0.01732  -0.25913  -0.98553
  -0.80329   0.16646  -0.93486  -0.00633   0.04482  -0.35661
  -0.80125   0.64195  -0.82806  -0.00540   0.06567  -0.36453
  -0.80341   1.11547  -0.80783  -0.00471   0.06705  -0.37058
  -0.81302   1.57808  -0.89365  -0.00352   0.04334  -0.37330
  -0.82249   2.05476  -1.06469  -0.00113  -0.00019  -0.37932
  -0.83545   2.57547  -1.26649   0.00164  -0.04766  -0.39800
  -0.85899   3.18509  -1.44373   0.00470  -0.08598  -0.43809
  -0.87856   3.88089  -1.59867   0.00771  -0.11902  -0.49683
  -0.90285   4.64254  -1.73378   0.00965  -0.14849  -0.56942
  -0.96180   6.31697  -1.99919   0.01185  -0.20163  -0.74254
  -0.98798   7.19590  -2.13326   0.01203  -0.22795  -0.83220
  -1.01785   8.06887  -2.26934   0.01170  -0.25450  -0.91755
  -1.06746   9.36813  -2.46582   0.01078  -0.29039  -1.02987
  -1.10139   0.08043  -1.12351  -0.00438   0.02908  -0.38640
  -1.10284   0.67037  -0.99762  -0.00463   0.05749  -0.41673
  -1.10808   1.21011  -0.96977  -0.00353   0.06030  -0.42791
  -1.11936   1.74865  -1.03348  -0.00217   0.03974  -0.43886
  -1.13413   2.29688  -1.17736  -0.00070   0.00138  -0.45145
  -1.15282   2.89348  -1.36396   0.00097  -0.04583  -0.47865
  -1.17272   3.57350  -1.54472   0.00351  -0.08934  -0.52858
  -1.20025   4.33754  -1.70727   0.00652  -0.12804  -0.59664
  -1.22717   5.17236  -1.85569   0.00913  -0.16190  -0.67891
  -1.29155   6.99454  -2.11475   0.01016  -0.22628  -0.86116
  -1.32525   7.96536  -2.25216   0.01024  -0.24979  -0.95563
  -1.36141   8.95165  -2.35973   0.00851  -0.27443  -1.03688
  -1.41547  10.47327  -2.45400   0.00366  -0.31008  -1.11716
  -1.06962  -0.34369  -2.64855  -0.01778   0.02563  -0.18945
  -1.07030   0.35247  -2.57127  -0.01465   0.03466  -0.25313
  -1.09238   1.06018  -2.58539  -0.01002   0.02386  -0.31479
  -1.09461   1.75930  -2.66900  -0.00703   0.00300  -0.37462
  -1.10609   2.41113  -2.79811  -0.00271  -0.02453  -0.42070
  -1.13490   3.01602  -3.01107   0.00154  -0.06798  -0.45627
  -1.15074   3.60220  -3.30677   0.00791  -0.12032  -0.48860
  -1.15998   4.19897  -3.64335   0.01380  -0.18303  -0.52365
  -1.17500   4.81485  -4.00046   0.01838  -0.24693  -0.56008
  -1.20487   6.15188  -4.67960   0.02606  -0.36139  -0.65585
  -1.21158   6.89003  -4.99178   0.03002  -0.40995  -0.71713
  -1.21170   7.63651  -5.25878   0.03244  -0.45383  -0.78069
  -1.21657   8.80320  -5.63826   0.03384  -0.51410  -0.87852
  -0.90740  -0.29229  -2.61029  -0.01763   0.02213  -0.20460
  -0.93158   0.39883  -2.53914  -0.01433   0.02847  -0.26805
  -0.94038   1.11233  -2.56193  -0.01009   0.01587  -0.33380
  -0.95713   1.81478  -2.64007  -0.00654  -0.00309  -0.39773
  -0.96055   2.47719  -2.78318  -0.00306  -0.03422  -0.44910
  -0.97959   3.08009  -3.01137   0.00152  -0.07939  -0.48514
  -0.99562   3.65422  -3.31269   0.00726  -0.13691  -0.51880
  -1.01101   4.23550  -3.65251   0.01304  -0.20086  -0.55310
  -1.02587   4.85070  -4.02614   0.01864  -0.26851  -0.59567
  -1.05600   6.19819  -4.71467   0.02809  -0.39060  -0.70071
  -1.06549   6.92913  -5.00730   0.03154  -0.44123  -0.76172
  -1.07510   7.68786  -5.26565   0.03393  -0.49161  -0.82720
  -1.08908   8.84504  -5.63020   0.03542  -0.56006  -0.92943
  -0.74752  -0.24800  -2.57512  -0.01557   0.02896  -0.22656
  -0.77588   0.45998  -2.54733  -0.01162   0.02167  -0.29340
  -0.79370   1.17669  -2.56506  -0.00827   0.01304  -0.36210
  -0.80319   1.87300  -2.64850  -0.00483  -0.01000  -0.42391
  -0.81705   2.53449  -2.80552  -0.00178  -0.04478  -0.47576
  -0.83436   3.15812  -3.04089   0.00185  -0.09392  -0.51942
  -0.84976   3.72752  -3.34816   0.00732  -0.15397  -0.55315
  -0.86852   4.30439  -3.69711   0.01283  -0.22133  -0.58638
  -0.87992   4.91520  -4.06602   0.01858  -0.29227  -0.62844
  -0.91449   6.29918  -4.76003   0.02950  -0.42062  -0.74961
  -0.92555   7.04216  -5.06237   0.03342  -0.47364  -0.81809
  -0.93675   7.78995  -5.36326   0.03642  -0.52189  -0.88850
  -0.95507   8.92919  -5.74671   0.03602  -0.59466  -0.98980
  -0.71240  -0.21787  -2.62945  -0.01423   0.03810  -0.25000
  -0.73524   0.50264  -2.58188  -0.01084   0.02718  -0.31293
  -0.75519   1.23144  -2.59829  -0.00789   0.01568  -0.38076
  -0.77095   1.93323  -2.68370  -0.00483  -0.00679  -0.43950
  -0.78307   2.61145  -2.84130  -0.00199  -0.04037  -0.49002
  -0.80015   3.22800  -3.08261   0.00133  -0.08813  -0.53032
  -0.82553   3.80844  -3.40307   0.00624  -0.14682  -0.56201
  -0.84303   4.40373  -3.75051   0.01158  -0.21051  -0.59268
  -0.86027   5.02975  -4.14104   0.01735  -0.27792  -0.63272
  -0.89408   6.42508  -4.83733   0.02723  -0.40023  -0.74786
  -0.90791   7.19590  -5.13511   0.03015  -0.45108  -0.81392
  -0.91885   7.98138  -5.41043   0.03195  -0.50037  -0.88294
  -0.93534   9.16252  -5.78167   0.03095  -0.57296  -0.98867
  -0.81466  -0.24689  -2.70544  -0.01115   0.03956  -0.25505
  -0.83028   0.49246  -2.63061  -0.00841   0.04427  -0.32537
  -0.84132   1.25001  -2.65180  -0.00608   0.03603  -0.40059
  -0.86285   1.97841  -2.74080  -0.00408   0.01182  -0.46241
  -0.87829   2.67598  -2.91804  -0.00173  -0.03130  -0.51710
  -0.89410   3.32702  -3.18232   0.00141  -0.09223  -0.56150
  -0.90421   3.95948  -3.50137   0.00565  -0.16277  -0.60470
  -0.93036   4.57818  -3.85457   0.01016  -0.23866  -0.64409
  -0.95240   5.24075  -4.23350   0.01520  -0.32172  -0.69521
  -0.99902   6.72590  -4.94160   0.02309  -0.47108  -0.82980
  -1.02171   7.53285  -5.24480   0.02463  -0.53369  -0.90482
  -1.04253   8.37959  -5.50877   0.02492  -0.60090  -0.97962
  -1.07902   9.62590  -5.85694   0.02110  -0.68717  -1.07166
  -1.13777  -0.31090  -3.10752  -0.00757   0.02575  -0.27649
  -1.15001   0.51671  -2.99770  -0.00575   0.04428  -0.37026
  -1.16079   1.32646  -2.99776  -0.00319   0.03581  -0.45010
  -1.17596   2.12534  -3.07974  -0.00118   0.00912  -0.52451
  -1.19332   2.88610  -3.24548   0.00053  -0.03676  -0.58512
  -1.20846   3.61926  -3.50213   0.00252  -0.10337  -0.64037
  -1.22541   4.34105  -3.82476   0.00592  -0.18349  -0.69711
  -1.25962   5.06038  -4.17230   0.00956  -0.26717  -0.75023
  -1.28518   5.79356  -4.55497   0.01370  -0.35505  -0.80947
  -1.34662   7.44888  -5.25169   0.01795  -0.52007  -0.94909
  -1.37873   8.36113  -5.54654   0.01834  -0.58433  -1.02064
  -1.41443   9.31983  -5.79232   0.01645  -0.63782  -1.08986
  -1.46991  10.81709  -6.09986   0.01008  -0.70430  -1.15377
  -1.16431   0.63756   0.00000   0.00000   0.00000  -0.46844
  -1.20993   1.01654   0.00000   0.00000   0.00000  -0.45637
  -1.20598   1.34846   0.00000   0.00000   0.00000  -0.42852
  -1.21597   1.68815   0.00000   0.00000   0.00000  -0.40788
  -1.24258   2.13421   0.00000   0.00000   0.00000  -0.41006
  -1.27867   2.67773   0.00000   0.00000   0.00000  -0.43734
  -1.30564   3.29078   0.00000   0.00000   0.00000  -0.47378
  -1.33486   3.99358   0.00000   0.00000   0.00000  -0.52974
  -1.35976   4.73159   0.00000   0.00000   0.00000  -0.58976
  -1.42376   6.30363   0.00000   0.00000   0.00000  -0.72215
  -1.44276   7.13003   0.00000   0.00000   0.00000  -0.79543
  -1.47183   7.96816   0.00000   0.00000   0.00000  -0.86926
  -1.50051   9.23571   0.00000   0.00000   0.00000  -0.98089
  -1.05952   0.71531   0.00000   0.00000   0.00000  -0.49273
  -1.08080   1.10562   0.00000   0.00000   0.00000  -0.48568
  -1.08582   1.42914   0.00000   0.00000   0.00000  -0.45910
  -1.09824   1.76713   0.00000   0.00000   0.00000  -0.43673
  -1.12683   2.21787   0.00000   0.00000   0.00000  -0.44391
  -1.15523   2.75754   0.00000   0.00000   0.00000  -0.47174
  -1.18362   3.38342   0.00000   0.00000   0.00000  -0.51709
  -1.20771   4.07492   0.00000   0.00000   0.00000  -0.57329
  -1.23211   4.80111   0.00000   0.00000   0.00000  -0.63542
  -1.29549   6.35371   0.00000   0.00000   0.00000  -0.76819
  -1.31949   7.17798   0.00000   0.00000   0.00000  -0.84809
  -1.34924   8.02128   0.00000   0.00000   0.00000  -0.92578
  -1.38677   9.28816   0.00000   0.00000   0.00000  -1.04405
  -0.96921   0.81972   0.00000   0.00000   0.00000  -0.53222
  -0.98316   1.20367   0.00000   0.00000   0.00000  -0.52235
  -0.99367   1.52070   0.00000   0.00000   0.00000  -0.49420
  -1.00954   1.85453   0.00000   0.00000   0.00000  -0.47245
  -1.03347   2.30195   0.00000   0.00000   0.00000  -0.48102
  -1.05310   2.85380   0.00000   0.00000   0.00000  -0.51420
  -1.07851   3.47170   0.00000   0.00000   0.00000  -0.56044
  -1.10583   4.16558   0.00000   0.00000   0.00000  -0.61992
  -1.13654   4.89030   0.00000   0.00000   0.00000  -0.68356
  -1.21117   6.43475   0.00000   0.00000   0.00000  -0.82272
  -1.24162   7.25821   0.00000   0.00000   0.00000  -0.90303
  -1.27104   8.10253   0.00000   0.00000   0.00000  -0.98607
  -1.31356   9.37050   0.00000   0.00000   0.00000  -1.10694
  -0.95041   0.88762   0.00000   0.00000   0.00000  -0.56299
  -0.96438   1.26923   0.00000   0.00000   0.00000  -0.55236
  -0.97584   1.58348   0.00000   0.00000   0.00000  -0.52217
  -1.00400   1.91608   0.00000   0.00000   0.00000  -0.49627
  -1.02541   2.36331   0.00000   0.00000   0.00000  -0.50359
  -1.05699   2.90575   0.00000   0.00000   0.00000  -0.53396
  -1.08066   3.54261   0.00000   0.00000   0.00000  -0.58445
  -1.10671   4.24101   0.00000   0.00000   0.00000  -0.64603
  -1.13613   4.97653   0.00000   0.00000   0.00000  -0.71098
  -1.20850   6.56144   0.00000   0.00000   0.00000  -0.85988
  -1.24356   7.41130   0.00000   0.00000   0.00000  -0.94539
  -1.27919   8.26806   0.00000   0.00000   0.00000  -1.02779
  -1.33095   9.57312   0.00000   0.00000   0.00000  -1.14892
  -1.05353   0.78369   0.00000   0.00000   0.00000  -0.55466
  -1.05661   1.16992   0.00000   0.00000   0.00000  -0.53735
  -1.06975   1.52455   0.00000   0.00000   0.00000  -0.51250
  -1.08192   1.91245   0.00000   0.00000   0.00000  -0.49880
  -1.09917   2.38291   0.00000   0.00000   0.00000  -0.50936
  -1.12060   2.95149   0.00000   0.00000   0.00000  -0.54321
  -1.14075   3.61643   0.00000   0.00000   0.00000  -0.59957
  -1.17115   4.35478   0.00000   0.00000   0.00000  -0.66882
  -1.21244   5.13663   0.00000   0.00000   0.00000  -0.74290
  -1.29763   6.81194   0.00000   0.00000   0.00000  -0.90884
  -1.33998   7.70064   0.00000   0.00000   0.00000  -0.99744
  -1.38226   8.59809   0.00000   0.00000   0.00000  -1.08308
  -1.45456   9.94051   0.00000   0.00000   0.00000  -1.19752
  -1.36920   0.71130   0.00000   0.00000   0.00000  -0.59878
  -1.38208   1.18129   0.00000   0.00000   0.00000  -0.58801
  -1.39857   1.61584   0.00000   0.00000   0.00000  -0.57034
  -1.42164   2.04196   0.00000   0.00000   0.00000  -0.55000
  -1.44736   2.54499   0.00000   0.00000   0.00000  -0.55258
  -1.47284   3.16946   0.00000   0.00000   0.00000  -0.58976
  -1.49858   3.90519   0.00000   0.00000   0.00000  -0.65613
  -1.51903   4.78790   0.00000   0.00000   0.00000  -0.76472
  -1.55995   5.65796   0.00000   0.00000   0.00000  -0.85548
  -1.65244   7.51218   0.00000   0.00000   0.00000  -1.04702
  -1.69983   8.50058   0.00000   0.00000   0.00000  -1.14411
  -1.74897   9.50432   0.00000   0.00000   0.00000  -1.23036
  -1.82477  11.02664   0.00000   0.00000   0.00000  -1.32035
  -1.19342   0.53412  -0.90481  -0.00896   0.03720  -0.44742
  -1.22027   0.95420  -0.81850  -0.00672   0.05371  -0.44421
  -1.23241   1.41371  -0.79191  -0.00604   0.05800  -0.44823
  -1.25243   1.87112  -0.88798  -0.00423   0.03304  -0.45229
  -1.26424   2.34554  -1.04556  -0.00182  -0.00246  -0.46040
  -1.28499   2.88609  -1.23512  -0.00014  -0.04389  -0.48374
  -1.32011   3.45770  -1.41586   0.00303  -0.07953  -0.51134
  -1.35036   4.10031  -1.57477   0.00634  -0.10839  -0.55403
  -1.38238   4.79722  -1.70559   0.00870  -0.13183  -0.60449
  -1.42799   6.33599  -1.93928   0.01238  -0.17263  -0.73229
  -1.44629   7.14407  -2.06363   0.01433  -0.18738  -0.80291
  -1.47638   7.97808  -2.17186   0.01411  -0.20400  -0.87944
  -1.50428   9.25010  -2.35876   0.01600  -0.22651  -0.99396
  -1.09648   0.59958  -0.88717  -0.00844   0.03814  -0.46753
  -1.11344   1.04588  -0.79330  -0.00795   0.05618  -0.47419
  -1.11818   1.50219  -0.77817  -0.00647   0.05833  -0.48107
  -1.13482   1.96617  -0.87956  -0.00493   0.03099  -0.48782
  -1.16550   2.44004  -1.05344  -0.00248  -0.01025  -0.49954
  -1.18066   2.94487  -1.24251  -0.00010  -0.05232  -0.51514
  -1.20764   3.51810  -1.41374   0.00251  -0.08561  -0.54599
  -1.23972   4.14915  -1.56667   0.00606  -0.11520  -0.58745
  -1.27013   4.84494  -1.69987   0.00882  -0.13981  -0.64167
  -1.33389   6.37845  -1.95174   0.01285  -0.17972  -0.77753
  -1.35876   7.19693  -2.06455   0.01467  -0.19732  -0.85803
  -1.37988   8.02426  -2.19059   0.01577  -0.22010  -0.93752
  -1.42288   9.28045  -2.35640   0.01779  -0.24541  -1.05720
  -0.98710   0.68718  -0.88571  -0.00756   0.04051  -0.50420
  -1.00778   1.13213  -0.78449  -0.00716   0.06087  -0.50875
  -1.01825   1.59087  -0.77323  -0.00647   0.06161  -0.51608
  -1.04549   2.05566  -0.87025  -0.00449   0.03600  -0.52603
  -1.06636   2.52416  -1.05394  -0.00224  -0.00843  -0.53600
  -1.08833   3.03303  -1.25110   0.00027  -0.05451  -0.55550
  -1.11253   3.60695  -1.42134   0.00329  -0.08965  -0.58975
  -1.14785   4.24293  -1.56668   0.00711  -0.11694  -0.63452
  -1.17509   4.93492  -1.68371   0.01019  -0.13786  -0.69080
  -1.24252   6.49005  -1.94297   0.01455  -0.18265  -0.83977
  -1.27246   7.31168  -2.08441   0.01641  -0.20577  -0.92308
  -1.29901   8.13833  -2.22986   0.01803  -0.22475  -1.00697
  -1.33779   9.38735  -2.43767   0.01906  -0.25709  -1.12605
  -0.95246   0.73402  -0.89037  -0.00876   0.04462  -0.53020
  -0.97225   1.17031  -0.77877  -0.00770   0.06785  -0.53022
  -0.99872   1.64124  -0.77884  -0.00663   0.06535  -0.53930
  -1.02279   2.08022  -0.88282  -0.00460   0.03732  -0.53951
  -1.04362   2.53859  -1.06944  -0.00172  -0.00987  -0.54470
  -1.06854   3.05543  -1.26605   0.00063  -0.05609  -0.56497
  -1.10405   3.64944  -1.43185   0.00374  -0.08870  -0.60375
  -1.13531   4.30611  -1.57706   0.00715  -0.11852  -0.65366
  -1.16692   5.03923  -1.70132   0.01005  -0.14272  -0.72083
  -1.23768   6.62989  -1.97703   0.01436  -0.19600  -0.87621
  -1.26757   7.46917  -2.10802   0.01541  -0.22027  -0.96080
  -1.29703   8.31941  -2.23285   0.01609  -0.24572  -1.04548
  -1.33828   9.59047  -2.46942   0.01732  -0.27342  -1.16722
  -1.07257   0.60268  -0.91603  -0.00484   0.04836  -0.50951
  -1.08651   1.10836  -0.80865  -0.00635   0.07273  -0.52612
  -1.09616   1.61617  -0.79872  -0.00647   0.07161  -0.54219
  -1.11255   2.09163  -0.89983  -0.00516   0.04329  -0.54824
  -1.13125   2.59163  -1.07926  -0.00352  -0.00251  -0.56100
  -1.15222   3.12561  -1.28760  -0.00063  -0.05213  -0.58308
  -1.18555   3.73675  -1.46432   0.00288  -0.09081  -0.62157
  -1.21986   4.43879  -1.61342   0.00665  -0.12211  -0.68098
  -1.25782   5.20247  -1.74579   0.00912  -0.15082  -0.75292
  -1.34377   6.88105  -2.00788   0.01173  -0.20509  -0.92509
  -1.38143   7.76457  -2.14353   0.01205  -0.23258  -1.01602
  -1.42051   8.64703  -2.28022   0.01178  -0.26193  -1.10458
  -1.48792   9.96551  -2.47001   0.01115  -0.30616  -1.21722
  -1.38218   0.56039  -1.11705  -0.00571   0.03471  -0.56019
  -1.40202   1.09666  -0.99070  -0.00589   0.06350  -0.56856
  -1.41826   1.62947  -0.95993  -0.00527   0.06771  -0.57509
  -1.43722   2.16598  -1.02565  -0.00447   0.04708  -0.58288
  -1.46185   2.71731  -1.17192  -0.00347   0.00818  -0.59550
  -1.48757   3.34184  -1.35627  -0.00309  -0.03822  -0.63190
  -1.51616   4.04389  -1.54058  -0.00062  -0.08366  -0.68796
  -1.54605   4.85770  -1.70265   0.00290  -0.12214  -0.77354
  -1.57584   5.75747  -1.85756   0.00809  -0.15900  -0.87930
  -1.66600   7.59524  -2.11141   0.00973  -0.22528  -1.06506
  -1.71300   8.57435  -2.25157   0.01019  -0.25066  -1.16266
  -1.76229   9.56969  -2.34969   0.00861  -0.27773  -1.24605
  -1.83850  11.07845  -2.47484   0.00422  -0.31102  -1.32448
  -1.25250   0.13353  -2.59714  -0.02239   0.04042  -0.35061
  -1.25643   0.84949  -2.53683  -0.01976   0.04509  -0.41605
  -1.28220   1.56988  -2.56400  -0.01444   0.03117  -0.48185
  -1.28918   2.27534  -2.66204  -0.00989   0.00629  -0.54374
  -1.30514   2.92849  -2.80214  -0.00540  -0.02309  -0.58757
  -1.34089   3.52896  -3.03433  -0.00122  -0.06880  -0.62006
  -1.36105   4.10368  -3.34341   0.00534  -0.12662  -0.64577
  -1.37733   4.69211  -3.67962   0.01137  -0.18993  -0.67502
  -1.40394   5.31025  -4.04319   0.01625  -0.25591  -0.71166
  -1.44637   6.66517  -4.73726   0.02484  -0.37684  -0.81133
  -1.45289   7.42327  -5.04602   0.02903  -0.42984  -0.87541
  -1.45900   8.18021  -5.33135   0.03212  -0.47733  -0.94031
  -1.47142   9.36003  -5.74069   0.03437  -0.54155  -1.04495
  -1.12257   0.22699  -2.56217  -0.02176   0.03953  -0.37791
  -1.14967   0.93349  -2.51043  -0.01861   0.04099  -0.44377
  -1.16223   1.66803  -2.53742  -0.01441   0.02712  -0.51469
  -1.18161   2.37760  -2.63102  -0.01010   0.00340  -0.57954
  -1.18887   3.03746  -2.78672  -0.00612  -0.03079  -0.62799
  -1.21409   3.63824  -3.03551  -0.00123  -0.08011  -0.66208
  -1.24055   4.19850  -3.34391   0.00468  -0.14120  -0.69080
  -1.27113   4.76519  -3.69245   0.01093  -0.20722  -0.71933
  -1.29797   5.37072  -4.07196   0.01674  -0.27771  -0.75856
  -1.34211   6.71837  -4.77957   0.02771  -0.40297  -0.86610
  -1.35326   7.46411  -5.08117   0.03122  -0.45794  -0.93057
  -1.36958   8.23427  -5.36738   0.03451  -0.51115  -1.00181
  -1.39546   9.40605  -5.75413   0.03670  -0.58408  -1.10757
  -0.98951   0.26953  -2.53535  -0.01890   0.04366  -0.40132
  -1.02627   1.00228  -2.52073  -0.01504   0.03479  -0.47458
  -1.04778   1.74558  -2.54529  -0.01118   0.02325  -0.54995
  -1.06623   2.45366  -2.63664  -0.00788  -0.00069  -0.61423
  -1.09009   3.11515  -2.80653  -0.00443  -0.03836  -0.66562
  -1.11739   3.72648  -3.05539  -0.00049  -0.09147  -0.70436
  -1.14322   4.27679  -3.37972   0.00548  -0.15692  -0.73152
  -1.17637   4.83940  -3.73270   0.01129  -0.22702  -0.75927
  -1.19885   5.45703  -4.10750   0.01718  -0.29916  -0.80070
  -1.24845   6.85280  -4.82199   0.02885  -0.43227  -0.92426
  -1.26594   7.60700  -5.13654   0.03300  -0.48930  -0.99539
  -1.28476   8.36928  -5.44531   0.03645  -0.54358  -1.06774
  -1.31561   9.53432  -5.83723   0.03653  -0.62347  -1.17348
  -0.97898   0.27428  -2.59270  -0.01755   0.05145  -0.41869
  -1.00599   1.01319  -2.54640  -0.01421   0.04099  -0.48569
  -1.03031   1.78802  -2.58039  -0.01065   0.02495  -0.56783
  -1.05337   2.50927  -2.67428  -0.00696   0.00147  -0.63202
  -1.07403   3.18653  -2.84263  -0.00401  -0.03557  -0.68067
  -1.10405   3.79067  -3.10502  -0.00059  -0.08784  -0.71659
  -1.14204   4.35089  -3.43506   0.00454  -0.15173  -0.74021
  -1.17643   4.94391  -3.78107   0.00995  -0.21641  -0.76732
  -1.20507   5.58081  -4.16704   0.01555  -0.28458  -0.80854
  -1.25415   7.00086  -4.88130   0.02596  -0.41308  -0.92952
  -1.27227   7.78855  -5.20088   0.02938  -0.46902  -1.00163
  -1.29270   8.58606  -5.48796   0.03169  -0.52204  -1.07296
  -1.32472   9.77447  -5.88401   0.03149  -0.59947  -1.17899
  -1.07886   0.14745  -2.70100  -0.00903   0.04142  -0.39562
  -1.11926   0.89776  -2.61754  -0.00985   0.05129  -0.46723
  -1.13411   1.67866  -2.63887  -0.00651   0.04072  -0.55033
  -1.15295   2.46777  -2.74245  -0.00344   0.01229  -0.63249
  -1.18101   3.21187  -2.92282  -0.00271  -0.03194  -0.70105
  -1.20682   3.88850  -3.19038  -0.00084  -0.09257  -0.75076
  -1.23070   4.51359  -3.52197   0.00321  -0.16724  -0.79004
  -1.27354   5.13779  -3.87881   0.00779  -0.24266  -0.83007
  -1.30636   5.80868  -4.26033   0.01311  -0.32564  -0.88255
  -1.37458   7.31577  -4.97411   0.02203  -0.47977  -1.01937
  -1.40708   8.12617  -5.30578   0.02435  -0.54648  -1.09937
  -1.43779   8.98303  -5.59453   0.02528  -0.61689  -1.17863
  -1.48884  10.24275  -5.98652   0.02200  -0.71073  -1.27505
  -1.47155   0.12230  -3.14087  -0.00637   0.02189  -0.43324
  -1.47590   0.95726  -3.02098  -0.00239   0.04363  -0.52721
  -1.49507   1.78859  -3.01221  -0.00019   0.03747  -0.61310
  -1.51733   2.60765  -3.09100   0.00110   0.01348  -0.69139
  -1.54760   3.39284  -3.25258   0.00182  -0.03307  -0.76130
  -1.57469   4.15274  -3.50816   0.00258  -0.10034  -0.82491
  -1.60732   4.89410  -3.83300   0.00492  -0.18145  -0.88923
  -1.64976   5.64560  -4.17496   0.00773  -0.26561  -0.95271
  -1.68358   6.38965  -4.55361   0.01217  -0.35304  -1.01544
  -1.76570   8.06060  -5.26163   0.01701  -0.52347  -1.16112
  -1.81184   8.97454  -5.57827   0.01793  -0.58898  -1.23689
  -1.86065   9.91528  -5.86458   0.01647  -0.64223  -1.30833
  -1.94069  11.42782  -6.17260   0.00908  -0.72204  -1.36999
