 -1.056456   -3.893252    0.000000    0.000000    0.000000    0.745060
 -1.052046   -2.674061    0.000000    0.000000    0.000000    0.664850
 -1.020856   -1.644632    0.000000    0.000000    0.000000    0.577950
 -1.002226   -1.212096    0.000000    0.000000    0.000000    0.546640
 -0.995306   -0.840253    0.000000    0.000000    0.000000    0.544580
 -0.978876   -0.431508    0.000000    0.000000    0.000000    0.540410
 -0.960396    0.626889    0.000000    0.000000    0.000000    0.494160
 -0.912546    1.915666    0.000000    0.000000    0.000000    0.400080
 -0.844036    3.374433    0.000000    0.000000    0.000000    0.285980
 -0.773656    4.973821    0.000000    0.000000    0.000000    0.168430
 -1.042429   -3.864032    0.000000    0.000000    0.000000    0.734990
 -1.039309   -2.647311    0.000000    0.000000    0.000000    0.656140
 -1.007339   -1.603182    0.000000    0.000000    0.000000    0.565640
 -0.997969   -1.196286    0.000000    0.000000    0.000000    0.542810
 -0.986519   -0.823753    0.000000    0.000000    0.000000    0.538830
 -0.971429   -0.408798    0.000000    0.000000    0.000000    0.533170
 -0.961069    0.646099    0.000000    0.000000    0.000000    0.489900
 -0.905689    1.926986    0.000000    0.000000    0.000000    0.394170
 -0.833269    3.370733    0.000000    0.000000    0.000000    0.283710
 -0.766319    4.961441    0.000000    0.000000    0.000000    0.169780
 -1.183905   -4.860055    0.000000    0.000000    0.000000    0.743280
 -1.178395   -3.488705    0.000000    0.000000    0.000000    0.674040
 -1.166065   -1.989184    0.000000    0.000000    0.000000    0.593320
 -1.161005   -1.226687    0.000000    0.000000    0.000000    0.562750
 -1.163055   -0.570732    0.000000    0.000000    0.000000    0.576020
 -1.158535    0.127651    0.000000    0.000000    0.000000    0.559210
 -1.137445    1.464934    0.000000    0.000000    0.000000    0.524600
 -1.076965    2.763025    0.000000    0.000000    0.000000    0.423820
 -1.003565    3.789610    0.000000    0.000000    0.000000    0.326080
 -0.920655    4.764971    0.000000    0.000000    0.000000    0.203090
 -1.262598   -5.030135    0.000000    0.000000    0.000000    0.736380
 -1.244598   -3.526565    0.000000    0.000000    0.000000    0.652190
 -1.214868   -1.944451    0.000000    0.000000    0.000000    0.564640
 -1.202298   -1.146508    0.000000    0.000000    0.000000    0.534640
 -1.178538   -0.445639    0.000000    0.000000    0.000000    0.539110
 -1.159338    0.302827    0.000000    0.000000    0.000000    0.520680
 -1.133738    1.780351    0.000000    0.000000    0.000000    0.470780
 -1.080848    3.100600    0.000000    0.000000    0.000000    0.389130
 -0.996608    4.148163    0.000000    0.000000    0.000000    0.303250
 -0.945918    5.084054    0.000000    0.000000    0.000000    0.215980
 -1.413863   -5.505994    0.000000    0.000000    0.000000    0.818420
 -1.390033   -3.830286    0.000000    0.000000    0.000000    0.722990
 -1.361603   -2.124687    0.000000    0.000000    0.000000    0.629230
 -1.343283   -1.295870    0.000000    0.000000    0.000000    0.603050
 -1.318603   -0.479965    0.000000    0.000000    0.000000    0.576180
 -1.298493    0.320844    0.000000    0.000000    0.000000    0.546980
 -1.250033    1.997698    0.000000    0.000000    0.000000    0.449510
 -1.190613    3.402316    0.000000    0.000000    0.000000    0.359750
 -1.151943    4.567986    0.000000    0.000000    0.000000    0.278980
 -1.110273    5.568227    0.000000    0.000000    0.000000    0.200300
 -2.043398   -5.816308    0.000000    0.000000    0.000000    0.893820
 -2.010588   -4.183525    0.000000    0.000000    0.000000    0.792260
 -1.999238   -2.380849    0.000000    0.000000    0.000000    0.723240
 -1.976408   -1.455262    0.000000    0.000000    0.000000    0.686980
 -1.963218   -0.544912    0.000000    0.000000    0.000000    0.659200
 -1.947418    0.359399    0.000000    0.000000    0.000000    0.620070
 -1.895818    2.113360    0.000000    0.000000    0.000000    0.492160
 -1.850188    3.683703    0.000000    0.000000    0.000000    0.355440
 -1.801608    5.094160    0.000000    0.000000    0.000000    0.246490
 -1.742978    6.477061    0.000000    0.000000    0.000000    0.187720
 -1.063348   -3.950002   -0.965790   -0.002090   -0.135030    0.754900
 -1.070468   -2.771111   -0.807690   -0.001410   -0.093840    0.683030
 -1.038388   -1.712262   -0.647110   -0.000280   -0.054860    0.591090
 -1.014238   -1.206986   -0.592350   -0.000090   -0.038700    0.541560
 -0.998678   -0.764813   -0.612460    0.000210   -0.044810    0.519810
 -0.994088   -0.309948   -0.694440    0.000720   -0.069360    0.504880
 -0.960798    0.728159   -0.898260    0.003100   -0.125110    0.466030
 -0.905658    1.989456   -1.075070    0.006640   -0.162070    0.376630
 -0.842618    3.451643   -1.275760    0.010010   -0.197520    0.262330
 -0.766298    5.033181   -1.874520    0.042920   -0.218710    0.136910
 -1.044216   -3.915902   -0.982470   -0.002510   -0.143070    0.750730
 -1.051246   -2.738101   -0.815640   -0.001650   -0.101240    0.678450
 -1.027316   -1.687012   -0.653690   -0.000640   -0.058990    0.586180
 -1.013006   -1.201806   -0.598100   -0.000320   -0.044060    0.542880
 -0.998716   -0.748563   -0.607720    0.000090   -0.047220    0.516530
 -0.979136   -0.305828   -0.689620    0.000590   -0.069430    0.502820
 -0.957876    0.733259   -0.906470    0.002810   -0.127540    0.465790
 -0.893736    1.976866   -1.075550    0.005750   -0.164520    0.375560
 -0.824726    3.428873   -1.247580    0.005840   -0.201960    0.265640
 -0.757156    5.049871   -1.753770    0.031690   -0.224270    0.144940
 -1.176691   -4.952265   -0.975840   -0.004060   -0.142970    0.762540
 -1.178371   -3.609855   -0.802810   -0.002800   -0.098870    0.706110
 -1.166531   -2.051914   -0.645910   -0.001350   -0.049650    0.611660
 -1.156121   -1.198827   -0.625850   -0.001150   -0.040260    0.557750
 -1.160421   -0.491032   -0.682220   -0.000650   -0.052930    0.555320
 -1.158481    0.242581   -0.767650    0.000100   -0.079590    0.526690
 -1.127811    1.585984   -0.975580    0.003180   -0.126220    0.495750
 -1.062101    2.879215   -1.167260    0.007540   -0.165530    0.397610
 -0.991641    3.936140   -1.359810    0.010320   -0.190660    0.292800
 -0.914931    4.895081   -1.692090    0.024160   -0.210870    0.168720
 -1.257447   -5.082275   -1.004620   -0.003260   -0.145180    0.744050
 -1.244857   -3.622505   -0.834190   -0.002120   -0.096410    0.675210
 -1.215827   -1.998611   -0.655630   -0.000120   -0.042940    0.577540
 -1.199097   -1.116858   -0.635550    0.000740   -0.035660    0.523280
 -1.177197   -0.339769   -0.680610    0.001040   -0.046910    0.505260
 -1.158227    0.441507   -0.779580    0.001850   -0.077210    0.477900
 -1.122187    1.885221   -0.985210    0.003890   -0.126930    0.439250
 -1.067427    3.198700   -1.156480    0.006930   -0.160540    0.358630
 -0.985317    4.214403   -1.331500    0.009120   -0.174550    0.275140
 -0.940517    5.148664   -1.650000    0.018120   -0.203550    0.186390
 -1.420838   -5.608224   -1.081540   -0.003860   -0.165080    0.849150
 -1.402698   -3.957056   -0.882930   -0.003510   -0.107220    0.756890
 -1.371968   -2.194387   -0.692100   -0.000850   -0.051480    0.644330
 -1.351148   -1.267110   -0.684130   -0.000270   -0.047050    0.590260
 -1.324798   -0.372645   -0.722470   -0.000190   -0.055920    0.545230
 -1.305108    0.449054   -0.821150    0.000780   -0.082790    0.508210
 -1.242208    2.081408   -1.030310    0.002830   -0.135860    0.426180
 -1.182128    3.453326   -1.214220    0.004040   -0.171430    0.341970
 -1.139268    4.580296   -1.414660    0.003580   -0.191300    0.274680
 -1.102708    5.638557   -1.737830    0.002220   -0.225690    0.187000
 -2.044232   -5.890738   -1.128250   -0.004850   -0.182230    0.919510
 -2.026682   -4.295245   -0.930820   -0.003890   -0.126190    0.824740
 -2.016682   -2.426299   -0.744310   -0.001110   -0.069390    0.734000
 -1.991302   -1.423862   -0.724320   -0.000960   -0.060530    0.675340
 -1.968862   -0.446062   -0.760790   -0.000620   -0.069870    0.630270
 -1.958552    0.483919   -0.855180    0.000260   -0.095530    0.587460
 -1.897892    2.184350   -1.086300    0.002740   -0.155780    0.473410
 -1.851512    3.726143   -1.308680    0.005150   -0.206490    0.338830
 -1.806002    5.126410   -1.542980    0.005780   -0.241300    0.234460
 -1.743322    6.499611   -1.847340    0.003610   -0.261790    0.186850
 -0.694319   -3.581472    0.000000    0.000000    0.000000    0.605720
 -0.682229   -2.261611    0.000000    0.000000    0.000000    0.476840
 -0.657949   -1.194892    0.000000    0.000000    0.000000    0.375050
 -0.659719   -0.770266    0.000000    0.000000    0.000000    0.345470
 -0.649489   -0.353343    0.000000    0.000000    0.000000    0.319780
 -0.629999    0.120072    0.000000    0.000000    0.000000    0.288010
 -0.605869    1.287629    0.000000    0.000000    0.000000    0.193720
 -0.566489    2.647766    0.000000    0.000000    0.000000    0.065970
 -0.515039    4.154793    0.000000    0.000000    0.000000   -0.065780
 -0.462719    5.752031    0.000000    0.000000    0.000000   -0.181950
 -0.691643   -3.577622    0.000000    0.000000    0.000000    0.607060
 -0.674873   -2.235791    0.000000    0.000000    0.000000    0.473300
 -0.658573   -1.195192    0.000000    0.000000    0.000000    0.377530
 -0.655803   -0.776556    0.000000    0.000000    0.000000    0.348520
 -0.642023   -0.346933    0.000000    0.000000    0.000000    0.319550
 -0.628473    0.122672    0.000000    0.000000    0.000000    0.289340
 -0.605133    1.295169    0.000000    0.000000    0.000000    0.193390
 -0.563223    2.665666    0.000000    0.000000    0.000000    0.066560
 -0.507943    4.156533    0.000000    0.000000    0.000000   -0.064050
 -0.455273    5.752281    0.000000    0.000000    0.000000   -0.180940
 -0.787314   -4.561125    0.000000    0.000000    0.000000    0.615320
 -0.764144   -3.105445    0.000000    0.000000    0.000000    0.496440
 -0.746604   -1.617994    0.000000    0.000000    0.000000    0.421590
 -0.739254   -0.848507    0.000000    0.000000    0.000000    0.388970
 -0.723274   -0.115552    0.000000    0.000000    0.000000    0.364440
 -0.704754    0.630711    0.000000    0.000000    0.000000    0.327340
 -0.667354    2.163314    0.000000    0.000000    0.000000    0.216570
 -0.619114    3.563695    0.000000    0.000000    0.000000    0.072830
 -0.569094    4.696780    0.000000    0.000000    0.000000   -0.059080
 -0.514364    5.680411    0.000000    0.000000    0.000000   -0.178860
 -0.848832   -4.749465    0.000000    0.000000    0.000000    0.607470
 -0.829092   -3.142975    0.000000    0.000000    0.000000    0.478170
 -0.808472   -1.624771    0.000000    0.000000    0.000000    0.415410
 -0.798642   -0.826018    0.000000    0.000000    0.000000    0.385810
 -0.786752   -0.041729    0.000000    0.000000    0.000000    0.354710
 -0.774882    0.737417    0.000000    0.000000    0.000000    0.321070
 -0.735292    2.334631    0.000000    0.000000    0.000000    0.212110
 -0.688532    3.783720    0.000000    0.000000    0.000000    0.076340
 -0.644662    4.939143    0.000000    0.000000    0.000000   -0.051300
 -0.599442    5.930044    0.000000    0.000000    0.000000   -0.157140
 -0.910427   -4.998874    0.000000    0.000000    0.000000    0.582210
 -0.890417   -3.302446    0.000000    0.000000    0.000000    0.478620
 -0.873597   -1.649707    0.000000    0.000000    0.000000    0.403640
 -0.857897   -0.799800    0.000000    0.000000    0.000000    0.371160
 -0.850797    0.023895    0.000000    0.000000    0.000000    0.341250
 -0.840197    0.856774    0.000000    0.000000    0.000000    0.301710
 -0.801587    2.557188    0.000000    0.000000    0.000000    0.188130
 -0.761087    4.063986    0.000000    0.000000    0.000000    0.052510
 -0.727377    5.297276    0.000000    0.000000    0.000000   -0.067310
 -0.697797    6.377337    0.000000    0.000000    0.000000   -0.167200
 -1.536337   -5.212238    0.000000    0.000000    0.000000    0.637190
 -1.514337   -3.550275    0.000000    0.000000    0.000000    0.516370
 -1.499057   -1.675769    0.000000    0.000000    0.000000    0.407180
 -1.489537   -0.759562    0.000000    0.000000    0.000000    0.365240
 -1.469077    0.164228    0.000000    0.000000    0.000000    0.325570
 -1.463387    1.088499    0.000000    0.000000    0.000000    0.276280
 -1.425027    2.856010    0.000000    0.000000    0.000000    0.138780
 -1.394557    4.432873    0.000000    0.000000    0.000000   -0.009990
 -1.354807    5.854100    0.000000    0.000000    0.000000   -0.144910
 -1.323837    7.206701    0.000000    0.000000    0.000000   -0.239750
 -0.701211   -3.638222   -0.965790   -0.002090   -0.135030    0.615560
 -0.700651   -2.358661   -0.807690   -0.001410   -0.093840    0.495020
 -0.675481   -1.262522   -0.647110   -0.000280   -0.054860    0.388190
 -0.671731   -0.765156   -0.592350   -0.000090   -0.038700    0.340390
 -0.652861   -0.277903   -0.612460    0.000210   -0.044810    0.295010
 -0.645211    0.241632   -0.694440    0.000720   -0.069360    0.252480
 -0.606271    1.388899   -0.898260    0.003100   -0.125110    0.165590
 -0.559601    2.721556   -1.075070    0.006640   -0.162070    0.042520
 -0.513621    4.232003   -1.275760    0.010010   -0.197520   -0.089430
 -0.455361    5.811391   -1.874520    0.042920   -0.218710   -0.213470
 -0.693430   -3.629492   -0.982470   -0.002510   -0.143070    0.622800
 -0.686810   -2.326581   -0.815640   -0.001650   -0.101240    0.495610
 -0.678550   -1.279022   -0.653690   -0.000640   -0.058990    0.398070
 -0.670840   -0.782076   -0.598100   -0.000320   -0.044060    0.348590
 -0.654220   -0.271743   -0.607720    0.000090   -0.047220    0.297250
 -0.636180    0.225642   -0.689620    0.000590   -0.069430    0.258990
 -0.601940    1.382329   -0.906470    0.002810   -0.127540    0.169280
 -0.551270    2.715546   -1.075550    0.005750   -0.164520    0.047950
 -0.499400    4.214673   -1.247580    0.005840   -0.201960   -0.082120
 -0.446110    5.840711   -1.753770    0.031690   -0.224270   -0.205780
 -0.780100   -4.653335   -0.975840   -0.004060   -0.142970    0.634580
 -0.764120   -3.226595   -0.802810   -0.002800   -0.098870    0.528510
 -0.747070   -1.680724   -0.645910   -0.001350   -0.049650    0.439930
 -0.734370   -0.820647   -0.625850   -0.001150   -0.040260    0.383970
 -0.720640   -0.035852   -0.682220   -0.000650   -0.052930    0.343740
 -0.704700    0.745641   -0.767650    0.000100   -0.079590    0.294820
 -0.657720    2.284364   -0.975580    0.003180   -0.126220    0.187720
 -0.604250    3.679885   -1.167260    0.007540   -0.165530    0.046620
 -0.557170    4.843310   -1.359810    0.010320   -0.190660   -0.092360
 -0.508640    5.810521   -1.692090    0.024160   -0.210870   -0.213230
 -0.843681   -4.801605   -1.004620   -0.003260   -0.145180    0.615140
 -0.829351   -3.238915   -0.834190   -0.002120   -0.096410    0.501190
 -0.809431   -1.678931   -0.655630   -0.000120   -0.042940    0.428310
 -0.795441   -0.796368   -0.635550    0.000740   -0.035660    0.374450
 -0.785411    0.064141   -0.680610    0.001040   -0.046910    0.320860
 -0.773771    0.876097   -0.779580    0.001850   -0.077210    0.278290
 -0.723741    2.439501   -0.985210    0.003890   -0.126930    0.180580
 -0.675111    3.881820   -1.156480    0.006930   -0.160540    0.045840
 -0.633371    5.005383   -1.331500    0.009120   -0.174550   -0.079410
 -0.594041    5.994654   -1.650000    0.018120   -0.203550   -0.186730
 -0.917402   -5.101104   -1.081540   -0.003860   -0.165080    0.612940
 -0.903082   -3.429216   -0.882930   -0.003510   -0.107220    0.512520
 -0.883962   -1.719407   -0.692100   -0.000850   -0.051480    0.418740
 -0.865762   -0.771040   -0.684130   -0.000270   -0.047050    0.358370
 -0.856992    0.131215   -0.722470   -0.000190   -0.055920    0.310300
 -0.846812    0.984984   -0.821150    0.000780   -0.082790    0.262940
 -0.793762    2.640898   -1.030310    0.002830   -0.135860    0.164800
 -0.752602    4.114996   -1.214220    0.004040   -0.171430    0.034730
 -0.714702    5.309586   -1.414660    0.003580   -0.191300   -0.071610
 -0.690232    6.447667   -1.737830    0.002220   -0.225690   -0.180500
 -1.537171   -5.286668   -1.128250   -0.004850   -0.182230    0.662880
 -1.530431   -3.661995   -0.930820   -0.003890   -0.126190    0.548850
 -1.516501   -1.721219   -0.744310   -0.001110   -0.069390    0.417940
 -1.504431   -0.728162   -0.724320   -0.000960   -0.060530    0.353600
 -1.474721    0.263078   -0.760790   -0.000620   -0.069870    0.296640
 -1.474521    1.213019   -0.855180    0.000260   -0.095530    0.243670
 -1.427101    2.927000   -1.086300    0.002740   -0.155780    0.120030
 -1.395881    4.475313   -1.308680    0.005150   -0.206490   -0.026600
 -1.359201    5.886350   -1.542980    0.005780   -0.241300   -0.156940
 -1.324181    7.229251   -1.847340    0.003610   -0.261790   -0.240620
 -0.471053   -2.746762    0.000000    0.000000    0.000000    0.230150
 -0.490193   -1.417741    0.000000    0.000000    0.000000    0.100320
 -0.502983   -0.409592    0.000000    0.000000    0.000000    0.022150
 -0.507083    0.002024    0.000000    0.000000    0.000000   -0.001590
 -0.515503    0.406317    0.000000    0.000000    0.000000   -0.018560
 -0.507763    0.863432    0.000000    0.000000    0.000000   -0.042840
 -0.503843    2.039359    0.000000    0.000000    0.000000   -0.142290
 -0.490183    3.458356    0.000000    0.000000    0.000000   -0.284940
 -0.459063    5.012543    0.000000    0.000000    0.000000   -0.444000
 -0.432423    6.685501    0.000000    0.000000    0.000000   -0.589940
 -0.466309   -2.716792    0.000000    0.000000    0.000000    0.220150
 -0.484979   -1.402791    0.000000    0.000000    0.000000    0.094320
 -0.492499   -0.390682    0.000000    0.000000    0.000000    0.014770
 -0.499119    0.011964    0.000000    0.000000    0.000000   -0.007000
 -0.499679    0.413417    0.000000    0.000000    0.000000   -0.023780
 -0.501259    0.877582    0.000000    0.000000    0.000000   -0.050040
 -0.499469    2.055669    0.000000    0.000000    0.000000   -0.149430
 -0.485309    3.465826    0.000000    0.000000    0.000000   -0.290740
 -0.451039    5.003123    0.000000    0.000000    0.000000   -0.444820
 -0.410019    6.593611    0.000000    0.000000    0.000000   -0.577060
 -0.556498   -3.706055    0.000000    0.000000    0.000000    0.221170
 -0.568808   -2.205715    0.000000    0.000000    0.000000    0.090350
 -0.574448   -0.723044    0.000000    0.000000    0.000000    0.015920
 -0.578038    0.010093    0.000000    0.000000    0.000000   -0.004810
 -0.576008    0.740258    0.000000    0.000000    0.000000   -0.025530
 -0.573288    1.475561    0.000000    0.000000    0.000000   -0.056850
 -0.563118    2.987324    0.000000    0.000000    0.000000   -0.169770
 -0.549018    4.407015    0.000000    0.000000    0.000000   -0.324290
 -0.521558    5.565040    0.000000    0.000000    0.000000   -0.477110
 -0.490398    6.576151    0.000000    0.000000    0.000000   -0.617790
 -0.617129   -3.965135    0.000000    0.000000    0.000000    0.238870
 -0.627549   -2.338945    0.000000    0.000000    0.000000    0.101520
 -0.631999   -0.763331    0.000000    0.000000    0.000000    0.023160
 -0.636469    0.013272    0.000000    0.000000    0.000000    0.003410
 -0.634609    0.783381    0.000000    0.000000    0.000000   -0.017320
 -0.632599    1.562687    0.000000    0.000000    0.000000   -0.051830
 -0.624399    3.190771    0.000000    0.000000    0.000000   -0.168470
 -0.612489    4.688420    0.000000    0.000000    0.000000   -0.323570
 -0.595529    5.901133    0.000000    0.000000    0.000000   -0.475430
 -0.574559    6.919224    0.000000    0.000000    0.000000   -0.593910
 -0.681469   -4.224214    0.000000    0.000000    0.000000    0.217420
 -0.688479   -2.472176    0.000000    0.000000    0.000000    0.090290
 -0.693179   -0.803617    0.000000    0.000000    0.000000    0.014090
 -0.694899    0.016450    0.000000    0.000000    0.000000   -0.005190
 -0.692389    0.826505    0.000000    0.000000    0.000000   -0.028630
 -0.690069    1.649814    0.000000    0.000000    0.000000   -0.067920
 -0.687399    3.394218    0.000000    0.000000    0.000000   -0.193410
 -0.682159    4.969826    0.000000    0.000000    0.000000   -0.349950
 -0.680639    6.237226    0.000000    0.000000    0.000000   -0.483910
 -0.673069    7.262297    0.000000    0.000000    0.000000   -0.581700
 -1.322493   -4.391128    0.000000    0.000000    0.000000    0.245030
 -1.319073   -2.685205    0.000000    0.000000    0.000000    0.105750
 -1.318613   -0.864969    0.000000    0.000000    0.000000    0.020100
 -1.313823    0.037688    0.000000    0.000000    0.000000   -0.008280
 -1.315153    0.945498    0.000000    0.000000    0.000000   -0.039790
 -1.309403    1.856139    0.000000    0.000000    0.000000   -0.086650
 -1.314013    3.631620    0.000000    0.000000    0.000000   -0.223900
 -1.310333    5.246913    0.000000    0.000000    0.000000   -0.391000
 -1.298473    6.703300    0.000000    0.000000    0.000000   -0.545240
 -1.288553    8.078931    0.000000    0.000000    0.000000   -0.652550
 -0.477945   -2.803512   -0.965790   -0.002090   -0.135030    0.239990
 -0.508615   -1.514791   -0.807690   -0.001410   -0.093840    0.118500
 -0.520515   -0.477222   -0.647110   -0.000280   -0.054860    0.035290
 -0.519095    0.007134   -0.592350   -0.000090   -0.038700   -0.006670
 -0.518875    0.481757   -0.612460    0.000210   -0.044810   -0.043330
 -0.522975    0.984992   -0.694440    0.000720   -0.069360   -0.078370
 -0.504245    2.140629   -0.898260    0.003100   -0.125110   -0.170420
 -0.483295    3.532146   -1.075070    0.006640   -0.162070   -0.308390
 -0.457645    5.089753   -1.275760    0.010010   -0.197520   -0.467650
 -0.425065    6.744861   -1.874520    0.042920   -0.218710   -0.621460
 -0.468096   -2.768662   -0.982470   -0.002510   -0.143070    0.235890
 -0.496916   -1.493581   -0.815640   -0.001650   -0.101240    0.116630
 -0.512476   -0.474512   -0.653690   -0.000640   -0.058990    0.035310
 -0.514156    0.006444   -0.598100   -0.000320   -0.044060   -0.006930
 -0.511876    0.488607   -0.607720    0.000090   -0.047220   -0.046080
 -0.508966    0.980552   -0.689620    0.000590   -0.069430   -0.080390
 -0.496276    2.142829   -0.906470    0.002810   -0.127540   -0.173540
 -0.473356    3.515706   -1.075550    0.005750   -0.164520   -0.309350
 -0.442496    5.061263   -1.247580    0.005840   -0.201960   -0.462890
 -0.400856    6.682041   -1.753770    0.031690   -0.224270   -0.601900
 -0.549284   -3.798265   -0.975840   -0.004060   -0.142970    0.240430
 -0.568784   -2.326865   -0.802810   -0.002800   -0.098870    0.122420
 -0.574914   -0.785774   -0.645910   -0.001350   -0.049650    0.034260
 -0.573154    0.037953   -0.625850   -0.001150   -0.040260   -0.009810
 -0.573374    0.819958   -0.682220   -0.000650   -0.052930   -0.046230
 -0.573234    1.590491   -0.767650    0.000100   -0.079590   -0.089370
 -0.553484    3.108374   -0.975580    0.003180   -0.126220   -0.198620
 -0.534154    4.523205   -1.167260    0.007540   -0.165530   -0.350500
 -0.509634    5.711570   -1.359810    0.010320   -0.190660   -0.510390
 -0.484674    6.706261   -1.692090    0.024160   -0.210870   -0.652160
 -0.611978   -4.017275   -1.004620   -0.003260   -0.145180    0.246540
 -0.627808   -2.434885   -0.834190   -0.002120   -0.096410    0.124540
 -0.632958   -0.817491   -0.655630   -0.000120   -0.042940    0.036060
 -0.633268    0.042922   -0.635550    0.000740   -0.035660   -0.007950
 -0.633268    0.889251   -0.680610    0.001040   -0.046910   -0.051170
 -0.631488    1.701367   -0.779580    0.001850   -0.077210   -0.094610
 -0.612848    3.295641   -0.985210    0.003890   -0.126930   -0.200000
 -0.599068    4.786520   -1.156480    0.006930   -0.160540   -0.354070
 -0.584238    5.967373   -1.331500    0.009120   -0.174550   -0.503540
 -0.569158    6.983834   -1.650000    0.018120   -0.203550   -0.623500
 -0.688444   -4.326444   -1.081540   -0.003860   -0.165080    0.248150
 -0.701144   -2.598946   -0.882930   -0.003510   -0.107220    0.124190
 -0.703544   -0.873317   -0.692100   -0.000850   -0.051480    0.029190
 -0.702764    0.045210   -0.684130   -0.000270   -0.047050   -0.017980
 -0.698584    0.933825   -0.722470   -0.000190   -0.055920   -0.059580
 -0.696684    1.778024   -0.821150    0.000780   -0.082790   -0.106690
 -0.679574    3.477928   -1.030310    0.002830   -0.135860   -0.216740
 -0.673674    5.020836   -1.214220    0.004040   -0.171430   -0.367730
 -0.667964    6.249536   -1.414660    0.003580   -0.191300   -0.488210
 -0.665504    7.332627   -1.737830    0.002220   -0.225690   -0.595000
 -1.323327   -4.465558   -1.128250   -0.004850   -0.182230    0.270720
 -1.335167   -2.796925   -0.930820   -0.003890   -0.126190    0.138230
 -1.336057   -0.910419   -0.744310   -0.001110   -0.069390    0.030860
 -1.328717    0.069088   -0.724320   -0.000960   -0.060530   -0.019920
 -1.320797    1.044348   -0.760790   -0.000620   -0.069870   -0.068720
 -1.320537    1.980659   -0.855180    0.000260   -0.095530   -0.119260
 -1.316087    3.702610   -1.086300    0.002740   -0.155780   -0.242650
 -1.311657    5.289353   -1.308680    0.005150   -0.206490   -0.407610
 -1.302867    6.735550   -1.542980    0.005780   -0.241300   -0.557270
 -1.288897    8.101481   -1.847340    0.003610   -0.261790   -0.653420
 -0.553059   -1.912052    0.000000    0.000000    0.000000   -0.145420
 -0.603429   -0.573871    0.000000    0.000000    0.000000   -0.276200
 -0.653289    0.375708    0.000000    0.000000    0.000000   -0.330750
 -0.659719    0.774314    0.000000    0.000000    0.000000   -0.348650
 -0.686789    1.165977    0.000000    0.000000    0.000000   -0.356900
 -0.690799    1.606792    0.000000    0.000000    0.000000   -0.373690
 -0.707089    2.791089    0.000000    0.000000    0.000000   -0.478300
 -0.719149    4.268946    0.000000    0.000000    0.000000   -0.635850
 -0.708359    5.870293    0.000000    0.000000    0.000000   -0.822220
 -0.707399    7.618971    0.000000    0.000000    0.000000   -0.997930
 -0.554343   -1.855962    0.000000    0.000000    0.000000   -0.166760
 -0.608453   -0.569791    0.000000    0.000000    0.000000   -0.284660
 -0.639793    0.413828    0.000000    0.000000    0.000000   -0.347990
 -0.655803    0.800484    0.000000    0.000000    0.000000   -0.362520
 -0.670703    1.173767    0.000000    0.000000    0.000000   -0.367110
 -0.687413    1.632492    0.000000    0.000000    0.000000   -0.389420
 -0.707173    2.816169    0.000000    0.000000    0.000000   -0.492250
 -0.720763    4.265986    0.000000    0.000000    0.000000   -0.648040
 -0.707503    5.849713    0.000000    0.000000    0.000000   -0.825590
 -0.678133    7.434941    0.000000    0.000000    0.000000   -0.973180
 -0.648114   -2.850985    0.000000    0.000000    0.000000   -0.172980
 -0.695904   -1.305985    0.000000    0.000000    0.000000   -0.315740
 -0.724724    0.171906    0.000000    0.000000    0.000000   -0.389750
 -0.739254    0.868693    0.000000    0.000000    0.000000   -0.398590
 -0.751174    1.596068    0.000000    0.000000    0.000000   -0.415500
 -0.764254    2.320411    0.000000    0.000000    0.000000   -0.441040
 -0.781314    3.811334    0.000000    0.000000    0.000000   -0.556110
 -0.801354    5.250335    0.000000    0.000000    0.000000   -0.721410
 -0.796454    6.433300    0.000000    0.000000    0.000000   -0.895140
 -0.788864    7.471891    0.000000    0.000000    0.000000   -1.056720
 -0.709772   -3.180805    0.000000    0.000000    0.000000   -0.129730
 -0.750352   -1.534915    0.000000    0.000000    0.000000   -0.275130
 -0.779872    0.098109    0.000000    0.000000    0.000000   -0.369090
 -0.798642    0.852562    0.000000    0.000000    0.000000   -0.378990
 -0.806812    1.608491    0.000000    0.000000    0.000000   -0.389350
 -0.814662    2.387957    0.000000    0.000000    0.000000   -0.424730
 -0.837852    4.046911    0.000000    0.000000    0.000000   -0.549050
 -0.860792    5.593120    0.000000    0.000000    0.000000   -0.723480
 -0.870742    6.863123    0.000000    0.000000    0.000000   -0.899560
 -0.874022    7.908404    0.000000    0.000000    0.000000   -1.030680
 -0.778507   -3.449554    0.000000    0.000000    0.000000   -0.147370
 -0.812537   -1.641906    0.000000    0.000000    0.000000   -0.298040
 -0.838757    0.042473    0.000000    0.000000    0.000000   -0.375460
 -0.857897    0.832700    0.000000    0.000000    0.000000   -0.381540
 -0.859977    1.629115    0.000000    0.000000    0.000000   -0.398510
 -0.865937    2.442854    0.000000    0.000000    0.000000   -0.437550
 -0.899207    4.231248    0.000000    0.000000    0.000000   -0.574950
 -0.929227    5.875666    0.000000    0.000000    0.000000   -0.752410
 -0.959897    7.177176    0.000000    0.000000    0.000000   -0.900510
 -0.974337    8.147257    0.000000    0.000000    0.000000   -0.996200
 -1.460077   -3.570018    0.000000    0.000000    0.000000   -0.147130
 -1.475237   -1.820135    0.000000    0.000000    0.000000   -0.304870
 -1.489597   -0.054169    0.000000    0.000000    0.000000   -0.366980
 -1.489537    0.834938    0.000000    0.000000    0.000000   -0.381800
 -1.512657    1.726768    0.000000    0.000000    0.000000   -0.405150
 -1.506847    2.623779    0.000000    0.000000    0.000000   -0.449580
 -1.554427    4.407230    0.000000    0.000000    0.000000   -0.586580
 -1.577537    6.060953    0.000000    0.000000    0.000000   -0.772010
 -1.593567    7.552500    0.000000    0.000000    0.000000   -0.945570
 -1.604697    8.951161    0.000000    0.000000    0.000000   -1.065350
 -0.559951   -1.968802   -0.965790   -0.002090   -0.135030   -0.135580
 -0.621851   -0.670921   -0.807690   -0.001410   -0.093840   -0.258020
 -0.670821    0.308078   -0.647110   -0.000280   -0.054860   -0.317610
 -0.671731    0.779424   -0.592350   -0.000090   -0.038700   -0.353730
 -0.690161    1.241417   -0.612460    0.000210   -0.044810   -0.381670
 -0.706011    1.728352   -0.694440    0.000720   -0.069360   -0.409220
 -0.707491    2.892359   -0.898260    0.003100   -0.125110   -0.506430
 -0.712261    4.342736   -1.075070    0.006640   -0.162070   -0.659300
 -0.706941    5.947503   -1.275760    0.010010   -0.197520   -0.845870
 -0.700041    7.678331   -1.874520    0.042920   -0.218710   -1.029450
 -0.556130   -1.907832   -0.982470   -0.002510   -0.143070   -0.151020
 -0.620390   -0.660581   -0.815640   -0.001650   -0.101240   -0.262350
 -0.659770    0.329998   -0.653690   -0.000640   -0.058990   -0.327450
 -0.670840    0.794964   -0.598100   -0.000320   -0.044060   -0.362450
 -0.682900    1.248957   -0.607720    0.000090   -0.047220   -0.389410
 -0.695120    1.735462   -0.689620    0.000590   -0.069430   -0.419770
 -0.703980    2.903329   -0.906470    0.002810   -0.127540   -0.516360
 -0.708810    4.315866   -1.075550    0.005750   -0.164520   -0.666650
 -0.698960    5.907853   -1.247580    0.005840   -0.201960   -0.843660
 -0.668970    7.523371   -1.753770    0.031690   -0.224270   -0.998020
 -0.640900   -2.943195   -0.975840   -0.004060   -0.142970   -0.153720
 -0.695880   -1.427135   -0.802810   -0.002800   -0.098870   -0.283670
 -0.725190    0.109176   -0.645910   -0.001350   -0.049650   -0.371410
 -0.734370    0.896553   -0.625850   -0.001150   -0.040260   -0.403590
 -0.748540    1.675768   -0.682220   -0.000650   -0.052930   -0.436200
 -0.764200    2.435341   -0.767650    0.000100   -0.079590   -0.473560
 -0.771680    3.932384   -0.975580    0.003180   -0.126220   -0.584960
 -0.786490    5.366525   -1.167260    0.007540   -0.165530   -0.747620
 -0.784530    6.579830   -1.359810    0.010320   -0.190660   -0.928420
 -0.783140    7.602001   -1.692090    0.024160   -0.210870   -1.091090
 -0.704621   -3.232945   -1.004620   -0.003260   -0.145180   -0.122060
 -0.750611   -1.630855   -0.834190   -0.002120   -0.096410   -0.252110
 -0.780831    0.043949   -0.655630   -0.000120   -0.042940   -0.356190
 -0.795441    0.882212   -0.635550    0.000740   -0.035660   -0.390350
 -0.805471    1.714361   -0.680610    0.001040   -0.046910   -0.423200
 -0.813551    2.526637   -0.779580    0.001850   -0.077210   -0.467510
 -0.826301    4.151781   -0.985210    0.003890   -0.126930   -0.580580
 -0.847371    5.691220   -1.156480    0.006930   -0.160540   -0.753980
 -0.859451    6.929363   -1.331500    0.009120   -0.174550   -0.927670
 -0.868621    7.973014   -1.650000    0.018120   -0.203550   -1.060270
 -0.785482   -3.551784   -1.081540   -0.003860   -0.165080   -0.116640
 -0.825202   -1.768676   -0.882930   -0.003510   -0.107220   -0.264140
 -0.849122   -0.027227   -0.692100   -0.000850   -0.051480   -0.360360
 -0.865762    0.861460   -0.684130   -0.000270   -0.047050   -0.394330
 -0.866172    1.736435   -0.722470   -0.000190   -0.055920   -0.429460
 -0.872552    2.571064   -0.821150    0.000780   -0.082790   -0.476320
 -0.891382    4.314958   -1.030310    0.002830   -0.135860   -0.598280
 -0.920742    5.926676   -1.214220    0.004040   -0.171430   -0.770190
 -0.947222    7.189486   -1.414660    0.003580   -0.191300   -0.904810
 -0.966772    8.217587   -1.737830    0.002220   -0.225690   -1.009500
 -1.460911   -3.644448   -1.128250   -0.004850   -0.182230   -0.121440
 -1.491331   -1.931855   -0.930820   -0.003890   -0.126190   -0.272390
 -1.507041   -0.099619   -0.744310   -0.001110   -0.069390   -0.356220
 -1.504431    0.866338   -0.724320   -0.000960   -0.060530   -0.393440
 -1.518301    1.825618   -0.760790   -0.000620   -0.069870   -0.434080
 -1.517981    2.748299   -0.855180    0.000260   -0.095530   -0.482190
 -1.556501    4.478220   -1.086300    0.002740   -0.155780   -0.605330
 -1.578861    6.103393   -1.308680    0.005150   -0.206490   -0.788620
 -1.597961    7.584750   -1.542980    0.005780   -0.241300   -0.957600
 -1.605041    8.973711   -1.847340    0.003610   -0.261790   -1.066220
 -0.875936   -1.600272    0.000000    0.000000    0.000000   -0.284760
 -0.918626   -0.161421    0.000000    0.000000    0.000000   -0.464210
 -0.975396    0.825448    0.000000    0.000000    0.000000   -0.533650
 -1.002226    1.216144    0.000000    0.000000    0.000000   -0.549820
 -1.025986    1.652887    0.000000    0.000000    0.000000   -0.581700
 -1.026936    2.158372    0.000000    0.000000    0.000000   -0.626090
 -1.037576    3.451829    0.000000    0.000000    0.000000   -0.778740
 -1.058106    5.001046    0.000000    0.000000    0.000000   -0.969960
 -1.064376    6.650653    0.000000    0.000000    0.000000   -1.173980
 -1.081476    8.397181    0.000000    0.000000    0.000000   -1.348310
 -0.887889   -1.569552    0.000000    0.000000    0.000000   -0.294690
 -0.928349   -0.158271    0.000000    0.000000    0.000000   -0.467500
 -0.975359    0.821818    0.000000    0.000000    0.000000   -0.536100
 -0.997969    1.220214    0.000000    0.000000    0.000000   -0.556810
 -1.010539    1.650587    0.000000    0.000000    0.000000   -0.586390
 -1.028789    2.163962    0.000000    0.000000    0.000000   -0.633250
 -1.035569    3.465239    0.000000    0.000000    0.000000   -0.788760
 -1.062629    5.004666    0.000000    0.000000    0.000000   -0.975650
 -1.066509    6.635513    0.000000    0.000000    0.000000   -1.173350
 -1.051419    8.225781    0.000000    0.000000    0.000000   -1.323900
 -1.095025   -2.552055    0.000000    0.000000    0.000000   -0.300940
 -1.125155   -0.922725    0.000000    0.000000    0.000000   -0.493340
 -1.148765    0.543096    0.000000    0.000000    0.000000   -0.561480
 -1.161005    1.246873    0.000000    0.000000    0.000000   -0.572370
 -1.154895    2.051248    0.000000    0.000000    0.000000   -0.627080
 -1.153975    2.823471    0.000000    0.000000    0.000000   -0.672910
 -1.154725    4.509714    0.000000    0.000000    0.000000   -0.864140
 -1.187005    6.051005    0.000000    0.000000    0.000000   -1.072400
 -1.205485    7.340470    0.000000    0.000000    0.000000   -1.280300
 -1.226075    8.387331    0.000000    0.000000    0.000000   -1.438670
 -1.103318   -2.900135    0.000000    0.000000    0.000000   -0.258640
 -1.142158   -1.151325    0.000000    0.000000    0.000000   -0.449150
 -1.180788    0.417789    0.000000    0.000000    0.000000   -0.518320
 -1.202298    1.173052    0.000000    0.000000    0.000000   -0.527820
 -1.222338    2.012401    0.000000    0.000000    0.000000   -0.573750
 -1.237518    2.822547    0.000000    0.000000    0.000000   -0.624340
 -1.246718    4.601191    0.000000    0.000000    0.000000   -0.807720
 -1.275788    6.276240    0.000000    0.000000    0.000000   -1.036270
 -1.326108    7.654103    0.000000    0.000000    0.000000   -1.254110
 -1.334858    8.754394    0.000000    0.000000    0.000000   -1.403800
 -1.245843   -2.942434    0.000000    0.000000    0.000000   -0.383580
 -1.283693   -1.114066    0.000000    0.000000    0.000000   -0.542410
 -1.321523    0.517453    0.000000    0.000000    0.000000   -0.601050
 -1.343283    1.328770    0.000000    0.000000    0.000000   -0.613430
 -1.362943    2.132975    0.000000    0.000000    0.000000   -0.633440
 -1.378413    2.978784    0.000000    0.000000    0.000000   -0.682820
 -1.421533    4.790738    0.000000    0.000000    0.000000   -0.836330
 -1.470473    6.537336    0.000000    0.000000    0.000000   -1.059650
 -1.506103    7.906466    0.000000    0.000000    0.000000   -1.246800
 -1.532633    8.956367    0.000000    0.000000    0.000000   -1.363700
 -1.926758   -2.965948    0.000000    0.000000    0.000000   -0.403760
 -1.952728   -1.186885    0.000000    0.000000    0.000000   -0.580760
 -1.963158    0.650911    0.000000    0.000000    0.000000   -0.683040
 -1.976408    1.530638    0.000000    0.000000    0.000000   -0.703540
 -1.992258    2.435908    0.000000    0.000000    0.000000   -0.738780
 -1.996558    3.352879    0.000000    0.000000    0.000000   -0.793370
 -2.057378    5.149880    0.000000    0.000000    0.000000   -0.939960
 -2.095648    6.810123    0.000000    0.000000    0.000000   -1.137440
 -2.120508    8.312440    0.000000    0.000000    0.000000   -1.336970
 -2.159298    9.680801    0.000000    0.000000    0.000000   -1.492820
 -0.882828   -1.657022   -0.965790   -0.002090   -0.135030   -0.274920
 -0.937048   -0.258471   -0.807690   -0.001410   -0.093840   -0.446030
 -0.992928    0.757818   -0.647110   -0.000280   -0.054860   -0.520510
 -1.014238    1.221254   -0.592350   -0.000090   -0.038700   -0.554900
 -1.029358    1.728327   -0.612460    0.000210   -0.044810   -0.606470
 -1.042148    2.279932   -0.694440    0.000720   -0.069360   -0.661620
 -1.037978    3.553099   -0.898260    0.003100   -0.125110   -0.806870
 -1.051218    5.074836   -1.075070    0.006640   -0.162070   -0.993410
 -1.062958    6.727863   -1.275760    0.010010   -0.197520   -1.197630
 -1.074118    8.456541   -1.874520    0.042920   -0.218710   -1.379830
 -0.889676   -1.621422   -0.982470   -0.002510   -0.143070   -0.278950
 -0.940286   -0.249061   -0.815640   -0.001650   -0.101240   -0.445190
 -0.995336    0.737988   -0.653690   -0.000640   -0.058990   -0.515560
 -1.013006    1.214694   -0.598100   -0.000320   -0.044060   -0.556740
 -1.022736    1.725777   -0.607720    0.000090   -0.047220   -0.608690
 -1.036496    2.266932   -0.689620    0.000590   -0.069430   -0.663600
 -1.032376    3.552399   -0.906470    0.002810   -0.127540   -0.812870
 -1.050676    5.054546   -1.075550    0.005750   -0.164520   -0.994260
 -1.057966    6.693653   -1.247580    0.005840   -0.201960   -1.191420
 -1.042256    8.314211   -1.753770    0.031690   -0.224270   -1.348740
 -1.087811   -2.644265   -0.975840   -0.004060   -0.142970   -0.281680
 -1.125131   -1.043875   -0.802810   -0.002800   -0.098870   -0.461270
 -1.149231    0.480366   -0.645910   -0.001350   -0.049650   -0.543140
 -1.156121    1.274733   -0.625850   -0.001150   -0.040260   -0.577370
 -1.152261    2.130948   -0.682220   -0.000650   -0.052930   -0.647780
 -1.153921    2.938401   -0.767650    0.000100   -0.079590   -0.705430
 -1.145091    4.630764   -0.975580    0.003180   -0.126220   -0.892990
 -1.172141    6.167195   -1.167260    0.007540   -0.165530   -1.098610
 -1.193561    7.487000   -1.359810    0.010320   -0.190660   -1.313580
 -1.220351    8.517441   -1.692090    0.024160   -0.210870   -1.473040
 -1.098167   -2.952275   -1.004620   -0.003260   -0.145180   -0.250970
 -1.142417   -1.247265   -0.834190   -0.002120   -0.096410   -0.426130
 -1.181747    0.363629   -0.655630   -0.000120   -0.042940   -0.505420
 -1.199097    1.202702   -0.635550    0.000740   -0.035660   -0.539180
 -1.220997    2.118271   -0.680610    0.001040   -0.046910   -0.607600
 -1.236407    2.961227   -0.779580    0.001850   -0.077210   -0.667120
 -1.235167    4.706061   -0.985210    0.003890   -0.126930   -0.839250
 -1.262367    6.374340   -1.156480    0.006930   -0.160540   -1.066770
 -1.314817    7.720343   -1.331500    0.009120   -0.174550   -1.282220
 -1.329457    8.819004   -1.650000    0.018120   -0.203550   -1.433390
 -1.252818   -3.044664   -1.081540   -0.003860   -0.165080   -0.352850
 -1.296358   -1.240836   -0.882930   -0.003510   -0.107220   -0.508510
 -1.331888    0.447753   -0.692100   -0.000850   -0.051480   -0.585950
 -1.351148    1.357530   -0.684130   -0.000270   -0.047050   -0.626220
 -1.369138    2.240295   -0.722470   -0.000190   -0.055920   -0.664390
 -1.385028    3.106994   -0.821150    0.000780   -0.082790   -0.721590
 -1.413708    4.874448   -1.030310    0.002830   -0.135860   -0.859660
 -1.461988    6.588346   -1.214220    0.004040   -0.171430   -1.077430
 -1.493428    7.918776   -1.414660    0.003580   -0.191300   -1.251100
 -1.525068    9.026697   -1.737830    0.002220   -0.225690   -1.377000
 -1.927592   -3.040378   -1.128250   -0.004850   -0.182230   -0.378070
 -1.968822   -1.298605   -0.930820   -0.003890   -0.126190   -0.548280
 -1.980602    0.605461   -0.744310   -0.001110   -0.069390   -0.672280
 -1.991302    1.562038   -0.724320   -0.000960   -0.060530   -0.715180
 -1.997902    2.534758   -0.760790   -0.000620   -0.069870   -0.767710
 -2.007692    3.477399   -0.855180    0.000260   -0.095530   -0.825980
 -2.059452    5.220870   -1.086300    0.002740   -0.155780   -0.958710
 -2.096972    6.852563   -1.308680    0.005150   -0.206490   -1.154050
 -2.124902    8.344690   -1.542980    0.005780   -0.241300   -1.349000
 -2.159642    9.703351   -1.847340    0.003610   -0.261790   -1.493690
