0.0000    -0.3071909 -0.0653502 1.0252597  0.0008666 0.0002002 0.0252538  1.4327990 625.8129883   0.4692310 0.6723137 1.0936353  -0.7199959 -0.2448067 0.2703401  0.7353145 0.6011613   0.5627952 -0.5598315 -0.6219600
 0.0500    -0.3123311 0.0190052 1.0262610  0.0006719 0.0014868 0.0195521  1.5777366 619.2081909   0.4802061 0.7576387 1.1245153  -0.8102789 -0.2703098 0.3078059  0.8236219 0.6849407   0.6276654 -0.6177138 -0.7085476
 0.1000    -0.3190229 0.1066118 1.0279323  0.0004811 0.0031153 0.0137224  1.7179469 612.8999023   0.4926565 0.8463577 1.1562369  -0.9045370 -0.2969475 0.3469291  0.9158091 0.7725843   0.6954600 -0.6782145 -0.7991195
 0.1500    -0.3259564 0.1970082 1.0290375  0.0002872 0.0047555 0.0077856  1.8513076 606.8865356   0.5065760 0.9378281 1.1877197  -1.0031536 -0.3261713 0.3879295  1.0122664 0.8643738   0.7649555 -0.7402995 -0.8937877
 0.2000    -0.3330929 0.2894548 1.0293765  0.0000927 0.0063841 0.0018014  1.9796286 601.1663818   0.5221221 1.0336078 1.2069045  -1.1251666 -0.3878467 0.4398105  1.1318878 0.9765386   0.8223813 -0.7927129 -1.0060654
 0.2500    -0.3403980 0.3831995 1.0287790  -0.0000999 0.0079793 -0.0041691  2.0972436 595.7383423   0.5390668 1.1305543 1.2253917  -1.2494968 -0.4506965 0.4926687  1.2537768 1.0909719   0.8809265 -0.8461545 -1.1206100
 0.3000    -0.3506790 0.4607202 1.0505085  -0.0007219 0.0141239 -0.0042230  2.1502064 590.6010132   0.5620114 1.2084405 1.2508531  -1.3677166 -0.5148442 0.5472401  1.3764535 1.0164005   0.8518821 -0.7877039 -1.2199560
 0.3500    -0.4449629 0.1763253 1.2733944  -0.0038131 0.0827086 0.1098438  1.4207537 585.7330933   0.6384035 0.9070141 1.4288912  -1.3369068 -0.5840810 0.6212587  1.4555443 -2.1086526   -0.2636022 2.1387466 -0.3273003
 0.4000    -0.5533857 -0.2116468 1.5309062  -0.0052460 0.1659602 0.2570671  0.7031977 581.1116333   0.7065253 0.4968269 1.6454288  -1.2200444 -0.6533887 0.6832223  1.4990862 -5.7941584   -1.4265034 6.1888162 1.1104435
 0.4500    -0.8044871 -0.6706688 1.6028510  -0.0047343 0.1929624 0.4348467  0.0050035 576.7191772   0.9051093 0.0045287 1.7258998  -0.1164118 -0.6994543 -0.8133788  1.4482475 -8.3265965   -3.4344204 8.6147100 3.6219000
 0.5000    -1.0540572 -1.1329065 1.3870447  -0.0016541 0.1311564 0.6187610  -0.4524103 581.6118164   1.0796264 -0.4884342 1.5505788  0.5697164 -0.7175541 -1.9563710  0.6528162 -9.3092358   -6.7770597 8.8761256 7.4629680
 0.5500    -0.9207099 -0.8620376 1.0329171  0.0021272 0.0496470 0.5515823  -0.2292005 691.8278809   0.9408739 -0.2156488 1.1613227  -0.9652043 -0.7038169 -0.6150252  0.3655601 -6.6120425   -6.6978326 8.2403171 7.6555907
 0.6000    -0.6755163 -0.1711392 0.6694247  0.0050685 -0.0363494 0.3481619  0.6644109 811.9425659   0.7594314 0.5045745 0.7283603  -1.6308442 -0.7175785 0.7156218  1.1485027 -2.6739127   -5.3102111 4.9607473 5.9111523
 0.6500    -0.5133325 0.5462597 0.4401733  0.0052264 -0.0811590 0.1490464  1.7905044 941.9583130   0.7191317 1.2876085 0.4786266  -1.9353656 -0.7621806 0.8110917  1.4994357 0.4240358   -3.4395389 1.4186717 3.4830054
 0.7000    -0.4061745 1.2281808 0.5423310  0.0018787 -0.0236339 -0.0206494  2.6447491 1081.7463379   0.7619267 2.0151050 0.5974069  -2.1068342 -0.8887726 0.9075595  1.8375199 1.9885943   -0.3818543 -0.5823020 -0.0195716
 0.7500    -0.4030734 1.8878347 0.6038303  -0.0004434 0.0193308 -0.1863780  2.9861810 1231.2155762   0.8932024 2.6672640 0.6567380  -2.3083839 -1.0485145 1.0245929  2.1568870 3.5993332   2.3623517 -2.4634902 -2.9636051
 0.8000    -0.5164028 2.4984083 0.5596619  -0.0009844 0.0283607 -0.3492750  2.8794579 1390.0883789   1.1164974 3.2149073 0.5990427  -2.5193629 -1.2037887 1.1582018  2.3902757 5.3937968   4.5639455 -4.4094189 -5.1326719
 0.8500    -0.5313787 2.5832477 0.4706491  -0.0005744 0.0226192 -0.3659070  2.8799889 1558.3278809   1.1420899 3.2892062 0.5032807  -2.4926325 -1.2056221 1.1591290  2.3611881 5.4127265   4.6414742 -4.4806287 -5.1608317
 0.9000    -0.4239723 2.0679572 0.3754892  -0.0000561 0.0148166 -0.2159453  3.0290685 1736.5162354   0.9336563 2.8281087 0.4073339  -2.1845434 -1.0303836 0.9932141  2.0684119 3.5083900   2.7213328 -2.5845317 -3.2565643
 0.9500    -0.3332550 1.4368369 0.2879683  0.0002153 0.0093457 -0.0438529  3.1198625 1925.1417236   0.7165783 2.2356259 0.3169790  -1.8071533 -0.8335041 0.8049032  1.7290757 1.4729168   0.7473798 -0.5993773 -1.2717855
 1.0000    -0.3544505 1.1200504 0.2114698  0.0002588 0.0067635 0.0246594  2.8722556 2124.1286621   0.6659816 1.9128693 0.2331420  -1.6071737 -0.7241273 0.6980064  1.5547304 0.6370775   0.0776873 0.1096519 -0.5394141
 1.0500    -0.3419564 1.0693434 0.1468606  0.0002484 0.0066057 0.0104448  2.9390512 2333.3549805   0.6328826 1.8600743 0.1624848  -1.5461063 -0.6786549 0.6520323  1.5084870 0.6511272   0.2936497 -0.0612436 -0.6688240
 1.1000    -0.3235923 1.0503842 0.0836568  0.0002015 0.0062608 -0.0123033  3.0614178 2552.8769531   0.6021006 1.8432815 0.0925037  -1.5025957 -0.6406657 0.6146220  1.4764266 0.7430229   0.5557631 -0.2995859 -0.8490119
 1.1500    -0.3113869 0.9896239 0.0207905  0.0001373 0.0055112 -0.0216553  3.1252147 2782.7568359   0.5716412 1.7865015 0.0217255  -1.4339238 -0.5944703 0.5708968  1.4179376 0.7147367   0.6550485 -0.3961304 -0.8773011
 1.2000    -0.3100671 0.9070723 -0.0400459  0.0000657 0.0048159 -0.0234943  3.1242088 3023.0305176   0.5457847 1.7051453 -0.0477341  -1.3140586 -0.5433477 0.5249360  1.3079143 0.6203142   0.6300464 -0.3872572 -0.8119066
 1.2500    -0.3150741 0.8028077 -0.0977206  -0.0000064 0.0044342 -0.0197560  3.0537360 3273.7084961   0.5242745 1.6009958 -0.1142378  -1.1897696 -0.4894262 0.4765260  1.1913999 0.4960631   0.5577999 -0.3361282 -0.6989241
 1.3000    -0.3250205 0.7172147 -0.1494620  -0.0000316 0.0045073 -0.0194789  2.9601946 3534.8100586   0.5032567 1.4897377 -0.1775268  -1.0686940 -0.4358650 0.4286520  1.0759993 0.3791722   0.4791617 -0.2818428 -0.5787155
 1.3500    -0.3282678 0.5694807 -0.1945273  -0.0000451 0.0055066 0.0000270  2.7970990 3806.3713379   0.4700709 1.3148348 -0.2359188  -0.9284009 -0.3732841 0.3716630  0.9416342 0.1567646   0.2893315 -0.1130054 -0.3469310
 1.4000    -0.3437134 0.4100444 -0.2371042  -0.0000160 0.0064447 0.0232926  2.4950185 4088.3999023   0.4535000 1.1314909 -0.2917205  -0.7843472 -0.3029658 0.3087664  0.7981974 -0.0407769   0.1159116 0.0355503 -0.1354941
 1.4500    -0.3516500 0.2977803 -0.2813334  0.0000036 0.0066361 0.0341358  2.2729615 4380.8540039   0.4409991 1.0023739 -0.3500796  -0.6713360 -0.2451632 0.2580637  0.6824944 -0.1393053   0.0249677 0.0941065 -0.0140858
 1.5000    -0.3518528 0.2350349 -0.3322715  0.0000144 0.0055000 0.0343696  2.1392770 4683.7529297   0.4326221 0.9254986 -0.4120136  -0.5884487 -0.2022359 0.2210218  0.5955949 -0.1749387   -0.0163956 0.1006806 0.0502861
 1.5500    -0.3479266 0.2043476 -0.3899343  0.0000270 0.0032773 0.0301069  2.0613866 4997.1401367   0.4285000 0.8833042 -0.4760596  -0.5266260 -0.1705924 0.1939634  0.5295508 -0.1897456   -0.0418669 0.0951966 0.0935580
 1.6000    -0.3453121 0.1859263 -0.4459081  0.0000383 0.0015254 0.0265270  2.0076400 5321.0034180   0.4286818 0.8606387 -0.5389581  -0.4780016 -0.1467231 0.1730784  0.4777699 -0.2076021   -0.0668217 0.0983683 0.1336480
 1.6500    -0.3442491 0.1771871 -0.4996135  0.0000579 0.0001482 0.0240616  1.9725358 5655.3085938   0.4325013 0.8531242 -0.6002805  -0.4392195 -0.1286629 0.1567291  0.4367294 -0.2306587   -0.0929605 0.1102486 0.1740542
 1.7000    -0.3443729 0.1794120 -0.5509932  0.0000861 -0.0010583 0.0219968  1.9589566 6000.0122070   0.4392756 0.8605218 -0.6603029  -0.4084748 -0.1152839 0.1442029  0.4043592 -0.2571286   -0.1191119 0.1276013 0.2149529
 1.7500    -0.3454006 0.1935552 -0.5997737  0.0001189 -0.0021951 0.0197664  1.9674338 6355.0615234   0.4485308 0.8824548 -0.7190215  -0.3839549 -0.1055996 0.1348375  0.3788098 -0.2867773   -0.1450113 0.1491076 0.2574701
 1.8000    -0.3472095 0.2191406 -0.6454378  0.0001517 -0.0032794 0.0172045  1.9943699 6720.4003906   0.4599263 0.9172631 -0.7759972  -0.3634947 -0.0984951 0.1277588  0.3580357 -0.3203383   -0.1711235 0.1747600 0.3035927
 1.8500    -0.3497385 0.2545100 -0.6873283  0.0001803 -0.0042863 0.0144115  2.0338592 7095.9604492   0.4731302 0.9622802 -0.8304246  -0.3447399 -0.0927520 0.1219336  0.3398597 -0.3581951   -0.1977937 0.2045825 0.3551692
 1.9000    -0.3529032 0.2973503 -0.7247420  0.0002004 -0.0051745 0.0115858  2.0798320 7481.6601563   0.4877417 1.0144208 -0.8812486  -0.3254387 -0.0871825 0.1163162  0.3221884 -0.3998328   -0.2248625 0.2380671 0.4133410
 1.9500    -0.3551126 0.3477827 -0.7640061  0.0002277 -0.0071363 0.0086685  2.1279623 7877.4218750   0.5032146 1.0708217 -0.9274356  -0.3038528 -0.0807439 0.1101066  0.3031987 -0.4442387   -0.2517040 0.2744890 0.4784509
 2.0000    -0.3567572 0.4023692 -0.8012834  0.0002395 -0.0095662 0.0059465  2.1746875 8283.1933594   0.5188744 1.1283897 -0.9648227  -0.2780047 -0.0729166 0.1022851  0.2819757 -0.4888111   -0.2783879 0.3120452 0.5513462
 2.0500    -0.3592649 0.4554984 -0.8261190  0.0002038 -0.0107222 0.0039775  2.2165908 8698.9023438   0.5339914 1.1836404 -0.9877465  -0.2458704 -0.0635620 0.0914676  0.2580281 -0.5282371   -0.3060401 0.3461995 0.6333151
 2.1000    -0.3622503 0.5056023 -0.8371099  0.0001303 -0.0107382 0.0027048  2.2555142 9124.4931641   0.5477131 1.2353747 -0.9949347  -0.2077600 -0.0525067 0.0776013  0.2306590 -0.5608732   -0.3353330 0.3749902 0.7240922
 2.1500    -0.3652044 0.5525129 -0.8346996  0.0000380 -0.0099827 0.0018893  2.2945114 9559.9335938   0.5595404 1.2838719 -0.9871212  -0.1636036 -0.0391407 0.0605291  0.1975996 -0.5869422   -0.3662741 0.3977654 0.8206412
 2.2000    -0.3677524 0.5966417 -0.8200114  -0.0000555 -0.0087581 0.0013022  2.3358056 10005.2109375   0.5693841 1.3299706 -0.9657307  -0.1130265 -0.0229745 0.0400154  0.1560899 -0.6075759   -0.3990077 0.4146055 0.9189102
 2.2500    -0.3696907 0.6384339 -0.7944409  -0.0001378 -0.0072616 0.0008013  2.3802758 10460.3281250   0.5774430 1.3744735 -0.9324302  -0.0603948 -0.0059502 0.0182321  0.1109210 -0.6303704   -0.4364716 0.4296983 1.0228908
 2.3000    -0.3709475 0.6781155 -0.7595613  -0.0002017 -0.0056178 0.0003313  2.4276116 10925.2802734   0.5840607 1.4178726 -0.8890456  -0.0061865 0.0118719 -0.0045647  0.0620638 -0.6584979   -0.4792750 0.4443213 1.1312572
 2.3500    -0.3872042 0.6430639 -0.6923135  -0.0002573 0.0046553 0.0257529  2.3305070 11399.8144531   0.5958061 1.3885302 -0.8091171  0.0972919 0.0517518 -0.0694599  -0.0159013 -0.4417866   -0.3975545 0.2105241 1.1131137
 2.4000    -0.3825889 0.7565110 -0.6758618  -0.0000411 0.0009213 0.0105597  2.4505910 11883.7255859   0.6124258 1.5008051 -0.7872325  0.1435438 0.0643016 -0.0824087  -0.0688902 -0.5752574   -0.4994406 0.2994893 1.2902359
 2.4500    -0.3764486 0.8951132 -0.6665907  0.0001335 -0.0037402 -0.0087546  2.5796824 12376.8046875   0.6342525 1.6361701 -0.7733335  0.1912109 0.0754708 -0.0907873  -0.1250136 -0.7708374   -0.6402400 0.4477037 1.5214346
 2.5000    -0.3753285 0.9880680 -0.6413307  0.0001054 -0.0043440 -0.0173288  2.6509420 12878.7705078   0.6539899 1.7336894 -0.7418757  0.2564037 0.0961864 -0.1122933  -0.1909928 -0.8727060   -0.7340255 0.5209895 1.7058071
 2.5500    -0.3778436 1.0236543 -0.6000596  -0.0000627 -0.0017004 -0.0157218  2.6775307 13389.6591797   0.6658437 1.7828170 -0.6932794  0.3295466 0.1250665 -0.1444750  -0.2606953 -0.8733767   -0.7677293 0.5105149 1.8154600
 2.6000    -0.3807256 1.0203718 -0.5536668  -0.0002230 0.0015019 -0.0095735  2.6746113 13909.7275391   0.6677726 1.7860320 -0.6402983  0.4000184 0.1570562 -0.1795070  -0.3295615 -0.8419501   -0.7637489 0.4627090 1.8763104
 2.6500    -0.3819121 1.0022627 -0.5122563  -0.0002831 0.0034170 -0.0037877  2.6682311 14439.2441406   0.6634290 1.7701819 -0.5935836  0.4632629 0.1878443 -0.2112484  -0.3955795 -0.8313059   -0.7546786 0.4253222 1.9161275
 2.7000    -0.3811083 0.9855129 -0.4802741  -0.0002417 0.0037248 -0.0005982  2.6700976 14978.3769531   0.6568723 1.7539130 -0.5576430  0.5198145 0.2157149 -0.2379304  -0.4586139 -0.8631166   -0.7609189 0.4209564 1.9585887
 2.7500    -0.3790741 0.9754701 -0.4572731  -0.0001482 0.0030282 0.0000731  2.6805832 15527.1513672   0.6505521 1.7438589 -0.5318121  0.5725111 0.2409558 -0.2607441  -0.5193337 -0.9306032   -0.7867779 0.4476815 2.0149377
 2.8000    -0.3767445 0.9698913 -0.4406966  -0.0000534 0.0020639 -0.0005886  2.6942609 16085.5224609   0.6450754 1.7380013 -0.5132597  0.6239833 0.2646443 -0.2816959  -0.5784011 -1.0141528   -0.8255553 0.4913821 2.0843771
 2.8500    -0.3747188 0.9639933 -0.4281128  0.0000143 0.0012796 -0.0013925  2.7053189 16653.4218750   0.6399268 1.7312061 -0.4993503  0.6754782 0.2876739 -0.3021767  -0.6360801 -1.0959243   -0.8675640 0.5381069 2.1599810
 2.9000    -0.3731673 0.9542355 -0.4181013  0.0000498 0.0007912 -0.0017081  2.7106311 17230.7988281   0.6343575 1.7195092 -0.4885521  0.7269642 0.3103524 -0.3225704  -0.6922563 -1.1670716   -0.9062930 0.5806367 2.2352314
 2.9500    -0.3719805 0.9396939 -0.4101201  0.0000612 0.0005214 -0.0014946  2.7100656 17817.6660156   0.6279542 1.7017970 -0.4802645  0.7778395 0.3325030 -0.3425715  -0.7466947 -1.2276245   -0.9404597 0.6188442 2.3075400
 3.0000    -0.3709666 0.9214829 -0.4039978  0.0000595 0.0003514 -0.0010286  2.7052301 18414.0175781   0.6207521 1.6792774 -0.4742595  0.8275680 0.3537829 -0.3617007  -0.7992821 -1.2823580   -0.9725385 0.6564385 2.3780724
 3.0500    -0.3699832 0.9013916 -0.3995238  0.0000524 0.0002092 -0.0006075  2.6991702 19019.8710938   0.6131795 1.6550758 -0.4702019  0.8753062 0.3739358 -0.3796597  -0.8493970 -1.3354506   -1.0059208 0.6971900 2.4486107
 3.1000    -0.3689761 0.8807709 -0.3963044  0.0000434 0.0000775 -0.0003762  2.6984698 19635.2246094   0.6061547 1.6356902 -0.4674019  0.9178792 0.3928538 -0.3964511  -0.8936750 -1.3856916   -1.0425797 0.7425368 2.5171331
 3.1500    -0.3679544 0.8601436 -0.3938222  0.0000335 -0.0000281 -0.0003176  2.6976327 20260.0546875   0.5991351 1.6162465 -0.4654747  0.9584853 0.4106999 -0.4122257  -0.9357352 -1.4381012   -1.0827173 0.7924363 2.5881165
 3.2000    -0.3669460 0.8394319 -0.3915822  0.0000227 -0.0000897 -0.0003363  2.6964408 20894.3632813   0.5921431 1.5966788 -0.4638425  0.9972667 0.4275917 -0.4271428  -0.9757740 -1.4919216   -1.1255038 0.8455444 2.6604608
 3.2500    -0.3659665 0.8184048 -0.3892339  0.0000118 -0.0001047 -0.0003485  2.6946460 21538.1191406   0.5851502 1.5767726 -0.4620939  1.0342378 0.4436091 -0.4412946  -1.0138730 -1.5465054   -1.1699918 0.9007277 2.7327687
 3.3000    -0.3650118 0.7969943 -0.3866088  0.0000018 -0.0000871 -0.0003250  2.6921954 22191.3339844   0.5781405 1.5564672 -0.4600241  1.0693667 0.4587862 -0.4546995  -1.0500822 -1.6020211   -1.2157465 0.9576627 2.8041745
 3.3500    -0.3640689 0.7753490 -0.3836776  -0.0000063 -0.0000575 -0.0002819  2.6892208 22853.9707031   0.5711346 1.5359069 -0.4575875  1.1026576 0.4731376 -0.4673443  -1.0844822 -1.6592795   -1.2628743 1.0166903 2.8745403
 3.4000    -0.3631286 0.7537046 -0.3804753  -0.0000119 -0.0000319 -0.0002475  2.6858959 23526.0136719   0.5641759 1.5153177 -0.4548136  1.1341732 0.4866836 -0.4792249  -1.1171866 -1.7191246   -1.3116799 1.0782973 2.9441495
 3.4500    -0.3621925 0.7322341 -0.3770391  -0.0000152 -0.0000166 -0.0002356  2.6823045 24207.4433594   0.5573059 1.4948640 -0.4517387  1.1640028 0.4994564 -0.4903617  -1.1483035 -1.7819498   -1.3623233 1.1426965 3.0132876
 3.5000    -0.3612399 0.7122222 -0.3739678  -0.0000150 -0.0000645 -0.0003686  2.6792182 24855.3457031   0.5508216 1.4757712 -0.4490015  1.1892439 0.5101738 -0.4994495  -1.1749349 -1.8464285   -1.4130410 1.2087701 3.0781405
 3.5500    -0.3602661 0.7009179 -0.3752237  -0.0000200 -0.0004497 -0.0008874  2.6797425 25035.8535156   0.5466672 1.4649272 -0.4508071  1.1875479 0.5096778 -0.4968151  -1.1744057 -1.8878581   -1.4370217 1.2591574 3.0996071
 3.6000    -0.3593936 0.6880050 -0.3740604  -0.0000287 -0.0005261 -0.0011496  2.6744273 25217.0058594   0.5420363 1.4496366 -0.4494432  1.1842629 0.5090047 -0.4946029  -1.1715922 -1.9073196   -1.4488617 1.2914935 3.1075345
 3.6500    -0.3587388 0.6705980 -0.3698520  -0.0000440 -0.0002864 -0.0007060  2.6636131 25398.8710938   0.5367082 1.4295831 -0.4445327  1.1790655 0.5078688 -0.4926844  -1.1664820 -1.9101214   -1.4526435 1.3079581 3.1023633
 3.7000    -0.3588002 0.6514239 -0.3641802  -0.0000613 -0.0000185 -0.0000583  2.6466988 25581.4492188   0.5319167 1.4078233 -0.4379342  1.1724043 0.5063077 -0.4906119  -1.1601850 -1.9104929   -1.4540961 1.3194781 3.0894362
 3.7500    -0.3588784 0.6335242 -0.3582639  -0.0000645 0.0001067 0.0003318  2.6304439 25764.6894531   0.5274572 1.3874465 -0.4310069  1.1654972 0.5045065 -0.4882820  -1.1543392 -1.9212240   -1.4603376 1.3358070 3.0770931
 3.8000    -0.3588091 0.6183447 -0.3525727  -0.0000547 0.0000902 0.0003520  2.6173018 25948.5703125   0.5234435 1.3700096 -0.4242996  1.1594684 0.5027654 -0.4859532  -1.1499816 -1.9445524   -1.4735772 1.3592177 3.0701157
 3.8500    -0.3586956 0.6055407 -0.3469896  -0.0000400 0.0000140 0.0001557  2.6064882 26133.0683594   0.5199293 1.3551897 -0.4176993  1.1547145 0.5012973 -0.4839191  -1.1471939 -1.9753556   -1.4915411 1.3865180 3.0681586
 3.9000    -0.3586285 0.5939240 -0.3412176  -0.0000265 -0.0000465 -0.0000440  2.5963332 26318.1503906   0.5167724 1.3417134 -0.4108729  1.1509712 0.5001471 -0.4823079  -1.1454433 -2.0071424   -1.5105331 1.4133187 3.0681218
 3.9500    -0.3586398 0.5825196 -0.3351216  -0.0000165 -0.0000657 -0.0001290  2.5856251 26503.7988281   0.5138030 1.3285020 -0.4036642  1.1477387 0.4992399 -0.4810555  -1.1441208 -2.0362409   -1.5280666 1.4372813 3.0673182
 4.0000    -0.3587124 0.5710421 -0.3287752  -0.0000101 -0.0000527 -0.0001141  2.5741380 26662.6718750   0.5109331 1.3152123 -0.3961576  1.1446573 0.4984514 -0.4800005  -1.1428632 -2.0625205   -1.5439597 1.4587723 3.0653424
 4.0500    -0.3588123 0.5596951 -0.3223627  -0.0000058 -0.0000258 -0.0000807  2.5622902 26849.2988281   0.5081541 1.3020383 -0.3885697  1.1415837 0.4976594 -0.4789891  -1.1415513 -2.0877058   -1.5595589 1.4794834 3.0634894
 4.1000    -0.3589235 0.5484891 -0.3161834  -0.0000008 -0.0000405 -0.0000066  2.5501338 27036.4667969   0.5054648 1.2890029 -0.3812381  1.1385830 0.4970223 -0.4780457  -1.1404180 -2.1124556   -1.5734290 1.4995737 3.0600022
 4.1500    -0.3590440 0.5378022 -0.3101780  0.0000031 -0.0000669 0.0000311  2.5381900 27224.1660156   0.5029252 1.2765197 -0.3741040  1.1358128 0.4964615 -0.4771513  -1.1395155 -2.1377036   -1.5875276 1.5201791 3.0574833
 4.2000    -0.3591803 0.5277324 -0.3042538  0.0000055 -0.0000895 0.0000256  2.5265998 27412.3808594   0.5005569 1.2647069 -0.3670624  1.1333863 0.4959772 -0.4763448  -1.1389110 -2.1634613   -1.6023736 1.5413104 3.0566527
 4.2500    -0.3593406 0.5181684 -0.2983270  0.0000063 -0.0001013 0.0000027  2.5152277 27601.0996094   0.4983449 1.2534510 -0.3600151  1.1313049 0.4955804 -0.4756602  -1.1385939 -2.1892007   -1.6176756 1.5624205 3.0571046
 4.3000    -0.3595275 0.5089568 -0.2923519  0.0000062 -0.0001019 -0.0000136  2.5038952 27790.3085938   0.4962608 1.2425851 -0.3529071  1.1295021 0.4952684 -0.4751035  -1.1385062 -2.2144848   -1.6330274 1.5830352 3.0581892
 4.3500    -0.3597377 0.5000113 -0.2863262  0.0000055 -0.0000952 -0.0000161  2.4925294 27980.0000000   0.4942821 1.2320127 -0.3457343  1.1282146 0.4939611 -0.4741445  -1.1391126 -2.2378294   -1.6491997 1.6034635 3.0585937
 4.4000    -0.3599653 0.4913259 -0.2802747  0.0000048 -0.0000862 -0.0000107  2.4811694 28170.1582031   0.4923990 1.2217254 -0.3385250  1.1270998 0.4927027 -0.4732709  -1.1398663 -2.2609234   -1.6653466 1.6234508 3.0592164
 4.4500    -0.3602058 0.4829289 -0.2742276  0.0000043 -0.0000783 -0.0000062  2.4698931 28360.7753906   0.4906102 1.2117546 -0.3313147  1.1261502 0.4915097 -0.4724821  -1.1407657 -2.2840552   -1.6815922 1.6431887 3.0601893
 4.5000    -0.3604574 0.4748366 -0.2682073  0.0000041 -0.0000723 -0.0000068  2.4587481 28551.8535156   0.4889153 1.2021195 -0.3241303  1.1253725 0.4903826 -0.4717754  -1.1418182 -2.3073334   -1.6980148 1.6627778 3.0616058
 4.5500    -0.3629632 0.4633039 -0.2584753  -0.0001396 0.0015689 0.0018583  2.4302470 28743.1308594   0.4895209 1.1896568 -0.3130619  1.1350149 0.4934156 -0.4779024  -1.1446819 -2.2160057   -1.6787720 1.6135652 3.0764344
 4.6000    -0.3624480 0.4667324 -0.2609669  -0.0000082 0.0003745 0.0004164  2.4380844 28934.6562500   0.4893599 1.1931006 -0.3157975  1.1401572 0.4953616 -0.4790712  -1.1558357 -2.3048523   -1.7167477 1.6598462 3.0837739
 4.6500    -0.3621835 0.4717718 -0.2642569  0.0000875 -0.0005546 -0.0009007  2.4466975 29126.5019531   0.4898476 1.1985088 -0.3195552  1.1479110 0.4983595 -0.4811709  -1.1683855 -2.3858188   -1.7536538 1.7048737 3.1008871
 4.7000    -0.3626390 0.4711303 -0.2643771  0.0001029 -0.0007652 -0.0011308  2.4437322 29318.5996094   0.4901014 1.1976767 -0.3196894  1.1548912 0.5010846 -0.4836857  -1.1771201 -2.4175320   -1.7704038 1.7254654 3.1130489
 4.7500    -0.3634031 0.4647353 -0.2615917  0.0000739 -0.0006063 -0.0006619  2.4313409 29510.9335938   0.4895651 1.1902997 -0.3164131  1.1584658 0.5024240 -0.4852049  -1.1810145 -2.4187936   -1.7728166 1.7319558 3.1152854
 4.8000    -0.3641009 0.4557361 -0.2571742  0.0000375 -0.0004005 -0.0001174  2.4157532 29703.5800781   0.4883844 1.1798163 -0.3111728  1.1589805 0.5023499 -0.4853867  -1.1818261 -2.4157791   -1.7732905 1.7384420 3.1129809
 4.8500    -0.3646111 0.4469183 -0.2519803  0.0000111 -0.0002721 0.0001807  2.4013968 29896.5800781   0.4869672 1.1694014 -0.3049725  1.1581953 0.5015004 -0.4847713  -1.1818471 -2.4221758   -1.7793953 1.7512416 3.1122504
 4.9000    -0.3649792 0.4394415 -0.2462858  -0.0000029 -0.0002160 0.0002279  2.3896579 30089.9609375   0.4856147 1.1604529 -0.2981504  1.1576070 0.5005380 -0.4840570  -1.1825463 -2.4394510   -1.7921911 1.7696249 3.1152676
 4.9500    -0.3652882 0.4332276 -0.2400769  -0.0000085 -0.0001906 0.0001519  2.3800070 30283.7265625   0.4844313 1.1529499 -0.2907004  1.1578450 0.4998199 -0.4836593  -1.1843594 -2.4636511   -1.8093928 1.7903588 3.1210656
 5.0000    -0.3655928 0.4277648 -0.2333201  -0.0000097 -0.0001668 0.0000649  2.3714258 30474.6601563   0.4833958 1.1463373 -0.2825878  1.1588745 0.4994089 -0.4836666  -1.1870980 -2.4907300   -1.8284639 1.8109199 3.1278539
 5.0500    -0.3659208 0.4226462 -0.2260367  -0.0000095 -0.0001188 0.0000119  2.3631633 30669.7734375   0.4824674 1.1401493 -0.2738453  1.1604542 0.4991948 -0.4840188  -1.1903793 -2.5180174   -1.8483424 1.8300121 3.1350070
 5.1000    -0.3662429 0.4177145 -0.2185240  -0.0000073 -0.0000888 -0.0000176  2.3551210 30865.2285156   0.4815834 1.1341873 -0.2648149  1.1622473 0.4991121 -0.4845075  -1.1939834 -2.5462578   -1.8681742 1.8487647 3.1414704
 5.1500    -0.3665669 0.4128846 -0.2108949  -0.0000046 -0.0000627 -0.0000323  2.3471165 31061.0136719   0.4807366 1.1283448 -0.2556380  1.1641331 0.4990747 -0.4850652  -1.1977003 -2.5746286   -1.8880086 1.8671467 3.1477210
 5.2000    -0.3668934 0.4081257 -0.2032804  -0.0000020 -0.0000389 -0.0000418  2.3390900 31257.1328125   0.4799217 1.1225801 -0.2464732  1.1660277 0.4990346 -0.4856378  -1.2014126 -2.6028734   -1.9078551 1.8853255 3.1539896
 5.2500    -0.3672228 0.4034153 -0.1958050  0.0000004 -0.0000190 -0.0000509  2.3309978 31453.5703125   0.4791354 1.1168636 -0.2374708  1.1678733 0.4989656 -0.4861898  -1.2050460 -2.6308055   -1.9276318 1.9033917 3.1603295
 5.3000    -0.3675566 0.3987224 -0.1885711  0.0000026 -0.0000034 -0.0000603  2.3227806 31650.3300781   0.4783740 1.1111579 -0.2287543  1.1696212 0.4988483 -0.4866965  -1.2085382 -2.6581814   -1.9472042 1.9213308 3.1667018
 5.3500    -0.3678971 0.3940113 -0.1816553  0.0000044 0.0000082 -0.0000689  2.3143714 31847.4003906   0.4776331 1.1054204 -0.2204169  1.1712245 0.4986637 -0.4871376  -1.2118298 -2.6847405   -1.9664351 1.9390800 3.1730366
 5.4000    -0.3682457 0.3892491 -0.1751116  0.0000060 0.0000164 -0.0000755  2.3057120 32044.7714844   0.4769077 1.0996118 -0.2125242  1.1726403 0.4983935 -0.4874952  -1.2148683 -2.7102653   -1.9852180 1.9565791 3.1792688
 5.4500    -0.3686036 0.3844119 -0.1689747  0.0000071 0.0000218 -0.0000796  2.2967622 32242.4511719   0.4761937 1.0937038 -0.2051188  1.1738340 0.4980222 -0.4877548  -1.2176128 -2.7346093   -2.0034870 1.9737891 3.1853539
 5.5000    -0.3689714 0.3794861 -0.1632635  0.0000079 0.0000250 -0.0000815  2.2875017 32440.4257813   0.4754882 1.0876800 -0.1982240  1.1747822 0.4975388 -0.4879067  -1.2200369 -2.7576946   -2.0212127 1.9906914 3.1912689
 5.5500    -0.3693492 0.3744672 -0.1579831  0.0000084 0.0000265 -0.0000814  2.2779264 32638.6777344   0.4747894 1.0815354 -0.1918466  1.1754734 0.4969374 -0.4879459  -1.2221284 -2.7794972   -2.0383911 2.0072801 3.1970060
 5.6000    -0.3697372 0.3693573 -0.1531279  0.0000086 0.0000266 -0.0000799  2.2680445 32837.2265625   0.4740969 1.0752730 -0.1859804  1.1759058 0.4962167 -0.4878723  -1.2238872 -2.8000318   -2.0550352 2.0235554 3.2025677
 5.6500    -0.3701352 0.3641636 -0.1486833  0.0000086 0.0000256 -0.0000773  2.2578727 33036.0429688   0.4734112 1.0689022 -0.1806081  1.1760860 0.4953793 -0.4876891  -1.2253227 -2.8193412   -2.0711680 2.0395215 3.2079620
 5.7000    -0.3705432 0.3588967 -0.1446283  0.0000084 0.0000240 -0.0000739  2.2474342 33235.1406250   0.4727333 1.0624370 -0.1757050  1.1760271 0.4944307 -0.4874027  -1.2264518 -2.8374890   -2.0868196 2.0551858 3.2132011
 5.7500    -0.3709609 0.3535696 -0.1409379  0.0000081 0.0000218 -0.0000699  2.2367569 33434.5000000   0.4720648 1.0558941 -0.1712409  1.1757465 0.4933789 -0.4870212  -1.2272966 -2.8545539   -2.1020248 2.0705587 3.2183005
 5.8000    -0.3713879 0.3481971 -0.1375840  0.0000076 0.0000194 -0.0000655  2.2258717 33634.1289063   0.4714075 1.0492926 -0.1671824  1.1752653 0.4922334 -0.4865542  -1.2278831 -2.8706246   -2.1168211 2.0856536 3.2232785
 5.8500    -0.3718241 0.3427948 -0.1345375  0.0000071 0.0000169 -0.0000609  2.2148113 33834.0117188   0.4707636 1.0426525 -0.1634944  1.1746068 0.4910051 -0.4860122  -1.2282397 -2.8857952   -2.1312465 2.1004857 3.2281549
 5.9000    -0.3722689 0.3373784 -0.1317692  0.0000065 0.0000144 -0.0000564  2.2036092 34034.1445313   0.4701351 1.0359941 -0.1601419  1.1737953 0.4897052 -0.4854061  -1.2283959 -2.9001611   -2.1453388 2.1150712 3.2329506
 5.9500    -0.3727220 0.3319633 -0.1292505  0.0000060 0.0000119 -0.0000519  2.1922980 34234.5312500   0.4695242 1.0293370 -0.1570903  1.1728556 0.4883454 -0.4847467  -1.2283814 -2.9138156   -2.1591341 2.1294268 3.2376865
 6.0000    -0.3731785 0.3265557 -0.1269845  0.0000055 -0.0000012 -0.0000448  2.1809194 34422.1640625   0.4689265 1.0226909 -0.1543394  1.1765453 0.4886918 -0.4877444  -1.2330150 -2.9268250   -2.1731013 2.1431295 3.2418621
 6.0500    -0.3736018 0.3211540 -0.1249643  0.0000130 -0.0000466 -0.0000286  2.1696455 34622.7773438   0.4683050 1.0160558 -0.1518733  1.1926414 0.4934173 -0.5007279  -1.2504243 -2.9412322   -2.1895303 2.1541674 3.2428227
 6.1000    -0.3745042 0.3161454 -0.1228353  0.0000075 -0.0000425 -0.0000878  2.1563613 34823.5859375   0.4681588 1.0095196 -0.1492350  1.2088149 0.4978989 -0.5135717  -1.2673472 -2.9517193   -2.2053748 2.1664347 3.2482730
 6.1500    -0.3755165 0.3118464 -0.1207548  0.0000025 -0.0000550 -0.0003008  2.1422628 35024.4687500   0.4679404 1.0024514 -0.1464888  1.2244157 0.5019201 -0.5263278  -1.2836334 -2.9591229   -2.2196756 2.1763730 3.2516314
 6.2000    -0.3764917 0.3062996 -0.1184891  -0.0000008 -0.0000476 -0.0003402  2.1257097 35225.4531250   0.4674286 0.9936175 -0.1434936  1.2384174 0.5050399 -0.5388092  -1.2983401 -2.9592457   -2.2294467 2.1800720 3.2475693
 6.2500    -0.3774532 0.2995365 -0.1160683  -0.0000025 -0.0000312 -0.0002782  2.1065185 35426.5546875   0.4666303 0.9829653 -0.1402787  1.2503946 0.5069446 -0.5507759  -1.3110795 -2.9534113   -2.2358080 2.1790071 3.2368410
 6.3000    -0.3784216 0.2919712 -0.1135825  -0.0000028 -0.0000151 -0.0001915  2.0853546 35627.7851563   0.4656449 0.9710348 -0.1369616  1.2605775 0.5076445 -0.5622049  -1.3220897 -2.9442752   -2.2406275 2.1755380 3.2219389
 6.3500    -0.3794029 0.2840114 -0.1111206  -0.0000021 -0.0000031 -0.0001162  2.0630129 35829.1484375   0.4645719 0.9584178 -0.1336634  1.2694710 0.5073453 -0.5732261  -1.3318603 -2.9336749   -2.2450380 2.1711373 3.2048974
 6.4000    -0.3803950 0.2759513 -0.1087493  -0.0000010 0.0000046 -0.0000603  2.0401422 36030.6328125   0.4634832 0.9455717 -0.1304765  1.2775806 0.5062986 -0.5840066  -1.3408726 -2.9225425   -2.2494908 2.1664697 3.1869951
 6.4500    -0.3813934 0.2679815 -0.1065125  0.0000003 0.0000089 -0.0000207  2.0172100 36232.2421875   0.4624255 0.9328094 -0.1274616  1.2853101 0.5047281 -0.5946913  -1.3495073 -2.9113022   -2.2541036 2.1617895 3.1689861
 6.5000    -0.3823938 0.2602241 -0.1044345  0.0000014 0.0000109 0.0000075  1.9945450 36433.9531250   0.4614278 0.9203385 -0.1246528  1.2929548 0.5028111 -0.6053875  -1.3580428 -2.9001813   -2.2588980 2.1572036 3.1513375
 6.5500    -0.3833930 0.2527589 -0.1025258  0.0000022 0.0000114 0.0000280  1.9723842 36635.7734375   0.4605080 0.9082988 -0.1220648  1.3007265 0.5006854 -0.6161708  -1.3666807 -2.8893545   -2.2638951 2.1527831 3.1343650
 6.6000    -0.3843886 0.2456395 -0.1007860  0.0000027 0.0000110 0.0000433  1.9509023 36837.6835938   0.4596772 0.8967854 -0.1196983  1.3087789 0.4984590 -0.6270936  -1.3755694 -2.8789848   -2.2691350 2.1485921 3.1182965
 6.6500    -0.3853788 0.2389015 -0.0992078  0.0000030 0.0000099 0.0000545  1.9302297 37039.6718750   0.4589417 0.8858628 -0.1175448  1.3172245 0.4962190 -0.6381925  -1.3848196 -2.8692249   -2.2746686 2.1446896 3.1032978
 6.7000    -0.3863621 0.2325667 -0.0977788  0.0000031 0.0000085 0.0000624  1.9104605 37241.7343750   0.4583042 0.8755720 -0.1155891  1.3261452 0.4940362 -0.6494921  -1.3945138 -2.8602085   -2.2805468 2.1411263 3.0894859
 6.7500    -0.3873373 0.2266457 -0.0964843  0.0000031 0.0000070 0.0000676  1.8916588 37443.8515625   0.4577650 0.8659352 -0.1138128  1.3355986 0.4919679 -0.6610082  -1.4047108 -2.8520441   -2.2868123 2.1379422 3.0769362
 6.8000    -0.3883036 0.2211401 -0.0953079  0.0000029 0.0000054 0.0000705  1.8738612 37646.0351563   0.4573225 0.8569589 -0.1121961  1.3456214 0.4900594 -0.6727488  -1.4154499 -2.8448115   -2.2934966 2.1351662 3.0656889
 6.8500    -0.3892604 0.2160440 -0.0942338  0.0000027 0.0000039 0.0000714  1.8570810 37848.2539063   0.4569732 0.8486363 -0.1107188  1.3562327 0.4883451 -0.6847157  -1.4267524 -2.8385613   -2.3006181 2.1328152 3.0557527
 6.9000    -0.3902072 0.2113447 -0.0932465  0.0000025 0.0000025 0.0000706  1.8413100 38050.5039063   0.4567127 0.8409497 -0.1093617  1.3674355 0.4868487 -0.6969053  -1.4386237 -2.8333161   -2.3081831 2.1308958 3.0471099
 6.9500    -0.3911440 0.2070243 -0.0923320  0.0000022 0.0000013 0.0000683  1.8265220 38252.7851563   0.4565355 0.8338721 -0.1081069  1.3792190 0.4855844 -0.7093093  -1.4510555 -2.8290725   -2.3161858 2.1294038 3.0397194
 7.0000    -0.3920670 0.2030525 -0.0914933  0.0000020 -0.0000053 0.0000678  1.8126766 38448.4570313   0.4564304 0.8273608 -0.1069553  1.3915547 0.4845777 -0.7219089  -1.4640450 -2.8258861   -2.3243643 2.1284032 3.0332642
 7.0500    -0.3929572 0.1993967 -0.0907182  0.0000051 -0.0000272 0.0000747  1.7997858 38650.7187500   0.4563723 0.8213724 -0.1058895  1.4043763 0.4838298 -0.7347458  -1.4776911 -2.8247853   -2.3329395 2.1273615 3.0263817
 7.1000    -0.3938693 0.1961211 -0.0898065  0.0000025 -0.0000201 0.0000669  1.7877571 38852.9882813   0.4564217 0.8159712 -0.1046851  1.4178887 0.4833708 -0.7477181  -1.4917347 -2.8231548   -2.3419879 2.1275776 3.0231525
 7.1500    -0.3947709 0.1931562 -0.0888410  0.0000002 -0.0000115 0.0000582  1.7765740 39055.2617188   0.4565338 0.8110661 -0.1034326  1.4319248 0.4831703 -0.7608732  -1.5062923 -2.8225747   -2.3516003 2.1281725 3.0210614
 7.2000    -0.3956573 0.1904594 -0.0878640  -0.0000007 -0.0000063 0.0000503  1.7661560 39257.5195313   0.4566942 0.8065933 -0.1021790  1.4463925 0.4831939 -0.7741960  -1.5213247 -2.8232261   -2.3617362 2.1289445 3.0195260
 7.2500    -0.3965313 0.1879971 -0.0868936  -0.0000008 -0.0000036 0.0000427  1.7564083 39459.7578125   0.4568975 0.8024986 -0.1009435  1.4612277 0.4834092 -0.7876553  -1.5367533 -2.8248830   -2.3723032 2.1298934 3.0185306
 7.3000    -0.3973965 0.1857347 -0.0859396  -0.0000004 -0.0000019 0.0000348  1.7472308 39661.9765625   0.4571386 0.7987267 -0.0997364  1.4763670 0.4837824 -0.8012180  -1.5524944 -2.8272659   -2.3831816 2.1310353 3.0180985
 7.3500    -0.3982551 0.1836362 -0.0850106  -0.0000000 -0.0000006 0.0000270  1.7385221 39864.1679688   0.4574114 0.7952198 -0.0985658  1.4917403 0.4842741 -0.8148528  -1.5684653 -2.8301374   -2.3942563 2.1323552 3.0181787
 7.4000    -0.3991089 0.1816660 -0.0841141  0.0000003 0.0000006 0.0000196  1.7301840 40066.3320313   0.4577091 0.7919209 -0.0974390  1.5072732 0.4848403 -0.8285306  -1.5845863 -2.8333108   -2.4054355 2.1338105 3.0186648
 7.4500    -0.3999591 0.1797909 -0.0832566  0.0000006 0.0000015 0.0000128  1.7221256 40268.4531250   0.4580251 0.7887767 -0.0963619  1.5228922 0.4854353 -0.8422253  -1.6007831 -2.8366388   -2.4166510 2.1353456 3.0194305
 7.5000    -0.4008067 0.1779816 -0.0824426  0.0000007 0.0000023 0.0000069  1.7142657 40470.5273438   0.4583535 0.7857397 -0.0953386  1.5385292 0.4860147 -0.8559140  -1.6169880 -2.8400021   -2.4278534 2.1369038 3.0203526
 7.5500    -0.4016527 0.1762132 -0.0816748  0.0000008 0.0000028 0.0000020  1.7065348 40672.5390625   0.4586893 0.7827692 -0.0943712  1.5541239 0.4865381 -0.8695767  -1.6331420 -2.8433040   -2.4390058 2.1384345 3.0213220
 7.6000    -0.4024977 0.1744654 -0.0809544  0.0000008 0.0000031 -0.0000020  1.6988756 40874.4882813   0.4590282 0.7798318 -0.0934599  1.5696253 0.4869702 -0.8831968  -1.6491952 -2.8464672   -2.4500808 2.1398956 3.0222482
 7.6500    -0.4033424 0.1727223 -0.0802811  0.0000008 0.0000032 -0.0000049  1.6912431 41076.3671875   0.4593670 0.7769012 -0.0926038  1.5849925 0.4872822 -0.8967610  -1.6651078 -2.8494330   -2.4610587 2.1412552 3.0230604
 7.7000    -0.4041871 0.1709724 -0.0796534  0.0000008 0.0000032 -0.0000070  1.6836042 41278.1835938   0.4597032 0.7739583 -0.0918007  1.6001948 0.4874514 -0.9102594  -1.6808500 -2.8521602   -2.4719266 2.1424906 3.0237063
 7.7500    -0.4050321 0.1692082 -0.0790688  0.0000007 0.0000030 -0.0000082  1.6759371 41479.9062500   0.4600354 0.7709904 -0.0910472  1.6152109 0.4874623 -0.9236852  -1.6964013 -2.8546246   -2.4826776 2.1435878 3.0241514
 7.8000    -0.4058776 0.1674259 -0.0785241  0.0000007 0.0000026 -0.0000086  1.6682300 41681.5507813   0.4603626 0.7679908 -0.0903395  1.6300289 0.4873055 -0.9370346  -1.7117507 -2.8568171   -2.4933111 2.1445409 3.0243772
 7.8500    -0.4067235 0.1656246 -0.0780156  0.0000007 0.0000022 -0.0000083  1.6604800 41883.0976563   0.4606847 0.7649577 -0.0896729  1.6446452 0.4869779 -0.9503063  -1.7268950 -2.8587422   -2.5038308 2.1453504 3.0243793
 7.9000    -0.4075697 0.1638062 -0.0775388  0.0000006 0.0000017 -0.0000076  1.6526918 42084.5585938   0.4610018 0.7618938 -0.0890426  1.6590632 0.4864816 -0.9635014  -1.7418382 -2.8604160   -2.5142449 2.1460227 3.0241650
 7.9500    -0.4084161 0.1619746 -0.0770893  0.0000006 0.0000011 -0.0000064  1.6448759 42285.8984375   0.4613146 0.7588053 -0.0884435  1.6732925 0.4858236 -0.9766228  -1.7565905 -2.8618635   -2.5245643 2.1465683 3.0237514
 8.0000    -0.4092596 0.1601290 -0.0766722  0.0000005 -0.0000031 -0.0000027  1.6370457 42481.7617188   0.4616207 0.7556942 -0.0878808  1.6873443 0.4850317 -0.9896713  -1.7711805 -2.8631626   -2.5346105 2.1470431 3.0229632
 8.0500    -0.4100874 0.1582718 -0.0762786  0.0000024 -0.0000173 0.0000081  1.6292621 42682.8789063   0.4619096 0.7525718 -0.0873442  1.7012330 0.4841446 -1.0026968  -1.7857323 -2.8650343   -2.5444671 2.1471096 3.0209154
 8.1000    -0.4109323 0.1564855 -0.0757757  0.0000009 -0.0000136 0.0000081  1.6220960 42883.8789063   0.4622399 0.7497974 -0.0866964  1.7152969 0.4835560 -1.0139811  -1.8003707 -2.8662494   -2.5542511 2.1484855 3.0209231
 8.1500    -0.4117741 0.1547490 -0.0752148  -0.0000003 -0.0000086 0.0000072  1.6159476 43084.7578125   0.4625991 0.7475359 -0.0860014  1.7295636 0.4835373 -1.0222577  -1.8153860 -2.8680747   -2.5638452 2.1511505 3.0215492
 8.2000    -0.4126092 0.1530563 -0.0746271  -0.0000008 -0.0000055 0.0000070  1.6099097 43285.4843750   0.4629602 0.7453240 -0.0852773  1.7437700 0.4834898 -1.0304395  -1.8303791 -2.8702557   -2.5736078 2.1537737 3.0220057
 8.2500    -0.4134388 0.1514073 -0.0740277  -0.0000008 -0.0000039 0.0000068  1.6039812 43486.0859375   0.4633243 0.7431634 -0.0845416  1.7579205 0.4834171 -1.0385261  -1.8453440 -2.8727152   -2.5834998 2.1563894 3.0223638
 8.3000    -0.4142643 0.1498013 -0.0734254  -0.0000005 -0.0000029 0.0000064  1.5981575 43686.5429688   0.4636929 0.7410543 -0.0838042  1.7720204 0.4833229 -1.0465145  -1.8602716 -2.8753446   -2.5934712 2.1590452 3.0227271
 8.3500    -0.4150868 0.1482357 -0.0728264  -0.0000002 -0.0000022 0.0000058  1.5924318 43886.8515625   0.4640665 0.7389942 -0.0830722  1.7860696 0.4832087 -1.0543996  -1.8751528 -2.8780633   -2.6034775 2.1617669 3.0231480
 8.4000    -0.4159066 0.1467066 -0.0722361  0.0000000 -0.0000017 0.0000051  1.5867956 44086.9960938   0.4644447 0.7369789 -0.0823513  1.8000632 0.4830723 -1.0621737  -1.8899791 -2.8808206   -2.6134878 2.1645598 3.0236363
 8.4500    -0.4167241 0.1452097 -0.0716583  0.0000002 -0.0000013 0.0000044  1.5812403 44287.0000000   0.4648272 0.7350034 -0.0816461  1.8139934 0.4829095 -1.0698281  -1.9047416 -2.8835854   -2.6234837 2.1674180 3.0241808
 8.5000    -0.4175393 0.1437410 -0.0710958  0.0000003 -0.0000010 0.0000038  1.5757575 44486.8320313   0.4652131 0.7330630 -0.0809595  1.8278520 0.4827155 -1.0773544  -1.9194323 -2.8863384   -2.6334554 2.1703318 3.0247638
 8.5500    -0.4184969 0.1423181 -0.0705533  0.0000004 -0.0000015 -0.0000043  1.5698678 44686.4921875   0.4657708 0.7311986 -0.0802965  1.8406448 0.4827318 -1.0839722  -1.9330492 -2.8900759   -2.6437360 2.1742762 3.0265124
 8.6000    -0.4214496 0.1410569 -0.0700533  0.0000007 -0.0000088 -0.0000900  1.5572748 44885.5312500   0.4686435 0.7298067 -0.0796780  1.8394531 0.4860250 -1.0795224  -1.9325565 -2.9064906   -2.6577377 2.1909709 3.0429918
 8.6500    -0.4243796 0.1392772 -0.0695095  0.0000006 -0.0000099 -0.0001100  1.5438625 45083.5937500   0.4713996 0.7277762 -0.0790034  1.8372757 0.4887097 -1.0738669  -1.9311145 -2.9188176   -2.6689658 2.2049968 3.0557345
 8.7000    -0.4272965 0.1369470 -0.0689205  0.0000003 -0.0000074 -0.0000905  1.5295316 45280.7031250   0.4740324 0.7250476 -0.0782694  1.8337880 0.4905487 -1.0666238  -1.9284293 -2.9275178   -2.6779211 2.2169485 3.0649219
 8.7500    -0.4302027 0.1342195 -0.0683078  0.0000000 -0.0000042 -0.0000586  1.5145835 45476.8281250   0.4765692 0.7218039 -0.0775022  1.8291879 0.4916536 -1.0580867  -1.9246906 -2.9339271   -2.6855415 2.2277331 3.0716479
 8.8000    -0.4330949 0.1312727 -0.0676938  -0.0000001 -0.0000018 -0.0000274  1.4993895 45671.9843750   0.4790427 0.7182715 -0.0767302  1.8238821 0.4922875 -1.0487995  -1.9202769 -2.9391056   -2.6924597 2.2378937 3.0769167
 8.8500    -0.4359677 0.1282585 -0.0670944  -0.0000000 -0.0000004 -0.0000009  1.4842735 45866.1367188   0.4814807 0.7146491 -0.0759748  1.8182895 0.4927271 -1.0393038  -1.9155750 -2.9437532   -2.6990288 2.2476964 3.0814923
 8.9000    -0.4388159 0.1252964 -0.0665184  0.0000001 0.0000002 0.0000206  1.4694909 46059.3085938   0.4839056 0.7110948 -0.0752481  1.8127668 0.4932080 -1.0300493  -1.9109147 -2.9483475   -2.7054614 2.2572867 3.0859536
 8.9500    -0.4416355 0.1224780 -0.0659688  0.0000003 0.0000002 0.0000373  1.4552348 46251.4687500   0.4863338 0.7077299 -0.0745554  1.8075944 0.4939138 -1.0213806  -1.9065562 -2.9532456   -2.7119120 2.2667690 3.0907467
 9.0000    -0.4444215 0.1198655 -0.0654518  0.0000004 -0.0000029 0.0000517  1.4416407 46437.3437500   0.4887751 0.7046380 -0.0739046  1.8029803 0.4949881 -1.0135450  -1.9027027 -2.9587458   -2.7183333 2.2762478 3.0960301
 9.0500    -0.4471624 0.1175031 -0.0649584  0.0000016 -0.0000136 0.0000687  1.4288215 46627.5234375   0.4912288 0.7018783 -0.0732861  1.7990961 0.4965514 -1.0067705  -1.8995586 -2.9655052   -2.7247456 2.2855244 3.1013103
 9.1000    -0.4498810 0.1154926 -0.0643831  0.0000008 -0.0000114 0.0000722  1.4168883 46816.6796875   0.4937337 0.6995655 -0.0725844  1.7961480 0.4986803 -1.0012130  -1.8971944 -2.9727936   -2.7318254 2.2954264 3.1092071
 9.1500    -0.4525632 0.1138207 -0.0637615  0.0000001 -0.0000079 0.0000712  1.4058503 47004.8359375   0.4962749 0.6976881 -0.0718386  1.7941393 0.5013947 -0.9969101  -1.8956939 -2.9813553   -2.7394974 2.3055191 3.1184926
 9.2000    -0.4552073 0.1124680 -0.0631194  -0.0000002 -0.0000055 0.0000680  1.3956676 47191.9843750   0.4988471 0.6962248 -0.0710773  1.7930270 0.5046662 -0.9937940  -1.8950307 -2.9912619   -2.7476987 2.3157151 3.1288543
 9.2500    -0.4578156 0.1114099 -0.0624708  -0.0000002 -0.0000041 0.0000632  1.3862768 47378.1171875   0.5014472 0.6951446 -0.0703155  1.7927418 0.5084449 -0.9917548  -1.8951365 -3.0023646   -2.7563624 2.3260294 3.1402432
 9.3000    -0.4603907 0.1106144 -0.0618240  0.0000000 -0.0000031 0.0000570  1.3775982 47563.2382813   0.5040708 0.6944071 -0.0695616  1.7931920 0.5126668 -0.9906584  -1.8959218 -3.0144638   -2.7654077 2.3364773 3.1526056
 9.3500    -0.4629350 0.1100443 -0.0611852  0.0000002 -0.0000023 0.0000500  1.3695421 47747.3242188   0.5067123 0.6939638 -0.0688218  1.7942689 0.5172582 -0.9903557  -1.8972836 -3.0273588   -2.7747481 2.3470478 3.1658255
 9.4000    -0.4654509 0.1096591 -0.0605595  0.0000003 -0.0000015 0.0000426  1.3620148 47930.3945313   0.5093650 0.6937626 -0.0681009  1.7958541 0.5221401 -0.9906912  -1.8991115 -3.0408584   -2.7842991 2.3577076 3.1797404
 9.4500    -0.4679404 0.1094181 -0.0599515  0.0000004 -0.0000009 0.0000353  1.3549234 48112.4414063   0.5120220 0.6937506 -0.0674032  1.7978277 0.5272330 -0.9915119  -1.9012940 -3.0547813   -2.7939803 2.3684113 3.1941680
 9.5000    -0.4704052 0.1092823 -0.0593650  0.0000004 -0.0000003 0.0000284  1.3481805 48293.4531250   0.5146767 0.6938771 -0.0667318  1.8000743 0.5324617 -0.9926736  -1.9037237 -3.0689577   -2.8037172 2.3791098 3.2089266
 9.5500    -0.4728471 0.1092162 -0.0588024  0.0000004 0.0000001 0.0000221  1.3417072 48473.4375000   0.5173229 0.6940959 -0.0660891  1.8024885 0.5377579 -0.9940471  -1.9063022 -3.0832323   -2.8134410 2.3897554 3.2238469
 9.6000    -0.4752675 0.1091889 -0.0582657  0.0000004 0.0000005 0.0000168  1.3354353 48652.3710938   0.5199552 0.6943665 -0.0654765  1.8049779 0.5430625 -0.9955210  -1.9089434 -3.0974686   -2.8230906 2.4003055 3.2387800
 9.6500    -0.4776675 0.1091743 -0.0577556  0.0000004 0.0000007 0.0000124  1.3293079 48830.2617188   0.5225689 0.6946550 -0.0648942  1.8074651 0.5483264 -0.9970039  -1.9115748 -3.1115518   -2.8326140 2.4107236 3.2536005
 9.7000    -0.4800481 0.1091523 -0.0572720  0.0000004 0.0000007 0.0000091  1.3232807 49007.1367188   0.5251605 0.6949347 -0.0643418  1.8098894 0.5535117 -0.9984253  -1.9141394 -3.1253910   -2.8419698 2.4209807 3.2682091
 9.7500    -0.4824099 0.1091078 -0.0568139  0.0000004 0.0000007 0.0000067  1.3173206 49182.9062500   0.5277271 0.6951858 -0.0638178  1.8122059 0.5585907 -0.9997346  -1.9165951 -3.1389205   -2.8511271 2.4310547 3.2825315
 9.8000    -0.4847532 0.1090310 -0.0563797  0.0000003 0.0000005 0.0000052  1.3114059 49357.6523438   0.5302670 0.6953953 -0.0633204  1.8143855 0.5635458 -1.0008999  -1.9189146 -3.1520981   -2.8600663 2.4409318 3.2965187
 9.8500    -0.4870784 0.1089168 -0.0559670  0.0000003 0.0000003 0.0000045  1.3055244 49531.3320313   0.5327792 0.6955562 -0.0628467  1.8164129 0.5683685 -1.0019058  -1.9210836 -3.1649041   -2.8687781 2.4506048 3.3101445
 9.9000    -0.4893853 0.1087642 -0.0555733  0.0000003 -0.0000000 0.0000046  1.2996721 49703.8945313   0.5352632 0.6956667 -0.0623939  1.8182852 0.5730576 -1.0027513  -1.9230993 -3.1773404   -2.8772638 2.4600709 3.3233998
 9.9500    -0.4916739 0.1085754 -0.0551956  0.0000003 -0.0000004 0.0000052  1.2938518 49875.2968750   0.5377196 0.6957294 -0.0619586  1.8200095 0.5776186 -1.0034464  -1.9249685 -3.1894247   -2.8855324 2.4693324 3.3362920
 10.0000    -0.4939424 0.1083506 -0.0548360  0.0000003 -0.0000027 0.0000079  1.2880674 50040.7734375   0.5401469 0.6957456 -0.0615429  1.8216010 0.5820612 -1.0040098  -1.9267045 -3.2011843   -2.8934437 2.4784109 3.3486993
 10.0500    -0.4961830 0.1080947 -0.0544857  0.0000010 -0.0000106 0.0000168  1.2823440 50210.0312500   0.5425401 0.6957230 -0.0611369  1.8231222 0.5864209 -1.0045072  -1.9283564 -3.2129696   -2.9008810 2.4871023 3.3600469
 10.1000    -0.4984134 0.1078829 -0.0540645  0.0000004 -0.0000089 0.0000171  1.2767617 50378.2304688   0.5449279 0.6957431 -0.0606530  1.8246721 0.5907648 -1.0050611  -1.9300423 -3.2243265   -2.9085223 2.4961026 3.3724269
 10.1500    -0.5006232 0.1077032 -0.0535993  -0.0000002 -0.0000061 0.0000161  1.2713257 50545.3593750   0.5472995 0.6957959 -0.0601210  1.8262741 0.5951040 -1.0056877  -1.9317721 -3.2357732   -2.9162512 2.5050389 3.3848406
 10.2000    -0.5028105 0.1075472 -0.0531134  -0.0000003 -0.0000042 0.0000153  1.2660269 50711.4296875   0.5496520 0.6958743 -0.0595664  1.8279178 0.5994312 -1.0063711  -1.9335313 -3.2473585   -2.9239917 2.5138284 3.3970488
 10.2500    -0.5049762 0.1074112 -0.0526204  -0.0000003 -0.0000031 0.0000148  1.2608571 50876.4140625   0.5519857 0.6959751 -0.0590045  1.8295917 0.6037394 -1.0070976  -1.9353092 -3.2590073   -2.9316988 2.5224884 3.4090758
 10.3000    -0.5071212 0.1072931 -0.0521280  -0.0000002 -0.0000024 0.0000144  1.2558093 51040.3203125   0.5543012 0.6960966 -0.0584438  1.8312870 0.6080238 -1.0078577  -1.9370990 -3.2706434   -2.9393416 2.5310471 3.4209794
 10.3500    -0.5092462 0.1071908 -0.0516410  -0.0000000 -0.0000020 0.0000141  1.2508776 51203.1601563   0.5565986 0.6962368 -0.0578897  1.8329967 0.6122802 -1.0086438  -1.9388954 -3.2822165   -2.9468997 2.5395191 3.4327909
 10.4000    -0.5113515 0.1071023 -0.0511627  0.0000001 -0.0000018 0.0000138  1.2460565 51364.9453125   0.5588781 0.6963937 -0.0573457  1.8347149 0.6165052 -1.0094497  -1.9406938 -3.2936997   -2.9543623 2.5479066 3.4445180
 10.4500    -0.5134374 0.1070262 -0.0506948  0.0000001 -0.0000016 0.0000136  1.2413411 51525.6406250   0.5611395 0.6965655 -0.0568138  1.8364372 0.6206963 -1.0102700  -1.9424904 -3.3050800   -2.9617255 2.5562066 3.4561572
 10.5000    -0.5155039 0.1069613 -0.0502381  0.0000002 -0.0000016 0.0000135  1.2367277 51685.2773438   0.5633827 0.6967509 -0.0562949  1.8381608 0.6248518 -1.0111014  -1.9442830 -3.3163531   -2.9689897 2.5644155 3.4677040
 10.5500    -0.5175512 0.1069071 -0.0497927  0.0000002 -0.0000016 0.0000135  1.2322134 51843.8242188   0.5656076 0.6969492 -0.0557890  1.8398847 0.6289714 -1.0119423  -1.9460707 -3.3275193   -2.9761569 2.5725313 3.4791557
 10.6000    -0.5195793 0.1068635 -0.0493579  0.0000002 -0.0000017 0.0000135  1.2277964 52001.3125000   0.5678144 0.6971604 -0.0552953  1.8416095 0.6330555 -1.0127927  -1.9478542 -3.3385827   -2.9832309 2.5805541 3.4905126
 10.6500    -0.5215883 0.1068312 -0.0489327  0.0000002 -0.0000018 0.0000137  1.2234757 52157.7187500   0.5700031 0.6973849 -0.0548126  1.8433373 0.6371054 -1.0136543  -1.9496358 -3.3495499   -2.9902158 2.5884856 3.5017776
 10.7000    -0.5235782 0.1068108 -0.0485156  0.0000002 -0.0000020 0.0000139  1.2192509 52313.0703125   0.5721740 0.6976236 -0.0543395  1.8450712 0.6411230 -1.0145297  -1.9514183 -3.3604295   -2.9971166 2.5963293 3.5129560
 10.7500    -0.5255490 0.1068035 -0.0481053  0.0000002 -0.0000021 0.0000142  1.2151221 52467.3281250   0.5743273 0.6978778 -0.0538743  1.8468151 0.6451108 -1.0154224  -1.9532056 -3.3712318   -3.0039387 2.6040892 3.5240538
 10.8000    -0.5275007 0.1068105 -0.0477002  0.0000002 -0.0000023 0.0000144  1.2110897 52620.5273438   0.5764633 0.6981488 -0.0534154  1.8485733 0.6490712 -1.0163360  -1.9550020 -3.3819679   -3.0106876 2.6117700 3.5350782
 10.8500    -0.5294333 0.1068331 -0.0472990  0.0000002 -0.0000024 0.0000147  1.2071541 52772.6562500   0.5785824 0.6984381 -0.0529612  1.8503503 0.6530070 -1.0172746  -1.9568115 -3.3926488   -3.0173689 2.6193767 3.5460367
 10.9000    -0.5313470 0.1068723 -0.0469003  0.0000002 -0.0000026 0.0000150  1.2033157 52923.7148438   0.5806847 0.6987470 -0.0525103  1.8521504 0.6569206 -1.0182416  -1.9586385 -3.4032854   -3.0239878 2.6269143 3.5569364
 10.9500    -0.5333171 0.1069291 -0.0465029  0.0000002 -0.0000030 0.0000154  1.1994120 53073.6992188   0.5828457 0.6990722 -0.0520601  1.8539778 0.6608143 -1.0192409  -1.9604870 -3.4138857   -3.0305502 2.6343883 3.5677880
 11.0000    -0.5352774 0.1070019 -0.0461080  0.0000002 -0.0000046 0.0000172  1.1955840 53222.4335938   0.5849996 0.6994161 -0.0516130  1.8558381 0.6646861 -1.0202777  -1.9623582 -3.4244527   -3.0369411 2.6418039 3.5784840
 11.0500    -0.5372162 0.1070906 -0.0457096  0.0000007 -0.0000103 0.0000242  1.1918542 53370.2148438   0.5871363 0.6997809 -0.0511617  1.8577795 0.6685506 -1.0213827  -1.9642661 -3.4352100   -3.0429990 2.6489808 3.5885175
 11.1000    -0.5391373 0.1072574 -0.0452472  0.0000002 -0.0000087 0.0000236  1.1883103 53516.9023438   0.5892684 0.7002337 -0.0506409  1.8598689 0.6724812 -1.0226635  -1.9663580 -3.4459381   -3.0493950 2.6565314 3.5996101
 11.1500    -0.5410372 0.1074860 -0.0447443  -0.0000002 -0.0000062 0.0000213  1.1849323 53662.4843750   0.5913910 0.7007583 -0.0500760  1.8621165 0.6764690 -1.0240981  -1.9685949 -3.4569708   -3.0559843 2.6641393 3.6109321
 11.2000    -0.5429163 0.1077596 -0.0442229  -0.0000003 -0.0000044 0.0000192  1.1816931 53806.9687500   0.5935013 0.7013363 -0.0494913  1.8644857 0.6804881 -1.0256424  -1.9709316 -3.4682715   -3.0626572 2.6717085 3.6222315
 11.2500    -0.5447755 0.1080656 -0.0436970  -0.0000002 -0.0000034 0.0000174  1.1785695 53950.3593750   0.5955977 0.7019533 -0.0489020  1.8669361 0.6845151 -1.0272580  -1.9733331 -3.4797169   -3.0693444 2.6792281 3.6334768
 11.3000    -0.5466158 0.1083939 -0.0431746  -0.0000001 -0.0000028 0.0000159  1.1755429 54092.6601563   0.5976790 0.7025973 -0.0483170  1.8694337 0.6885309 -1.0289139  -1.9757718 -3.4911967   -3.0759997 2.6866996 3.6446727
 11.3500    -0.5484378 0.1087363 -0.0426604  0.0000000 -0.0000024 0.0000147  1.1725974 54233.8554688   0.5997440 0.7032583 -0.0477415  1.8719514 0.6925206 -1.0305852  -1.9782252 -3.5026336   -3.0825916 2.6941170 3.6558095
 11.4000    -0.5502419 0.1090863 -0.0421572  0.0000001 -0.0000022 0.0000138  1.1697206 54373.9687500   0.6017917 0.7039281 -0.0471785  1.8744683 0.6964726 -1.0322522  -1.9806748 -3.5139788   -3.0891006 2.7014686 3.6668659
 11.4500    -0.5520283 0.1094391 -0.0416664  0.0000001 -0.0000021 0.0000132  1.1669029 54513.0117188   0.6038211 0.7046006 -0.0466294  1.8769698 0.7003791 -1.0339007  -1.9831070 -3.5252035   -3.0955156 2.7087423 3.6778192
 11.5000    -0.5537972 0.1097915 -0.0411883  0.0000002 -0.0000021 0.0000129  1.1641380 54650.9648438   0.6058318 0.7052718 -0.0460945  1.8794467 0.7042354 -1.0355220  -1.9855133 -3.5362927   -3.1018317 2.7159296 3.6886533
 11.5500    -0.5555487 0.1101422 -0.0407224  0.0000002 -0.0000021 0.0000128  1.1614225 54787.8398438   0.6078234 0.7059398 -0.0455734  1.8818951 0.7080395 -1.0371123  -1.9878896 -3.5472418   -3.1080481 2.7230262 3.6993598
 11.6000    -0.5572828 0.1104909 -0.0402678  0.0000002 -0.0000022 0.0000129  1.1587552 54923.6367188   0.6097960 0.7066043 -0.0450649  1.8843150 0.7117920 -1.0386717  -1.9902362 -3.5580542   -3.1141675 2.7300321 3.7099378
 11.6500    -0.5589995 0.1108388 -0.0398232  0.0000002 -0.0000024 0.0000131  1.1561368 55058.3710938   0.6117499 0.7072666 -0.0445676  1.8867101 0.7154952 -1.0402039  -1.9925563 -3.5687392   -3.1201949 2.7369504 3.7203929
 11.7000    -0.5606990 0.1111877 -0.0393869  0.0000002 -0.0000025 0.0000135  1.1535693 55192.0234375   0.6136855 0.7079287 -0.0440798  1.8890866 0.7191529 -1.0417147  -1.9948557 -3.5793111   -3.1261373 2.7437865 3.7307346
 11.7500    -0.5623811 0.1115399 -0.0389576  0.0000002 -0.0000026 0.0000139  1.1510556 55324.6210938   0.6156034 0.7085937 -0.0435998  1.8914521 0.7227696 -1.0432114  -1.9971418 -3.5897867   -3.1320028 2.7505475 3.7409757
 11.8000    -0.5640460 0.1118981 -0.0385338  0.0000001 -0.0000028 0.0000144  1.1485992 55456.1562500   0.6175041 0.7092647 -0.0431260  1.8938154 0.7263504 -1.0447020  -1.9994226 -3.6001845   -3.1378002 2.7572411 3.7511306
 11.8500    -0.5656936 0.1122649 -0.0381139  0.0000001 -0.0000029 0.0000149  1.1462035 55586.6093750   0.6193883 0.7099450 -0.0426569  1.8961852 0.7299003 -1.0461945  -2.0017064 -3.6105231   -3.1435381 2.7638753 3.7612137
 11.9000    -0.5673241 0.1126430 -0.0376968  0.0000001 -0.0000031 0.0000153  1.1438718 55716.0234375   0.6212566 0.7106379 -0.0421911  1.8985701 0.7334243 -1.0476966  -2.0040013 -3.6208202   -3.1492250 2.7704579 3.7712396
 11.9500    -0.5689374 0.1130346 -0.0372816  0.0000001 -0.0000032 0.0000157  1.1416069 55844.3828125   0.6231097 0.7113464 -0.0417275  1.9009777 0.7369265 -1.0492150  -2.0063147 -3.6310924   -3.1548685 2.7769963 3.7812214
 12.0000    -0.5705336 0.1134381 -0.0368701  0.0000001 -0.0000044 0.0000175  1.1394059 55973.2070313   0.6249478 0.7120692 -0.0412681  1.9034140 0.7404030 -1.0507547  -2.0086452 -3.6413400   -3.1603635 2.7834847 3.7910541
 12.0500    -0.5721115 0.1138542 -0.0364572  0.0000005 -0.0000091 0.0000244  1.1372706 56099.4765625   0.6267718 0.7128091 -0.0408069  1.9059265 0.7438606 -1.0523389  -2.0109982 -3.6517159   -3.1655273 2.7897543 3.8002922
 12.1000    -0.5736733 0.1143444 -0.0359927  0.0000001 -0.0000078 0.0000241  1.1352881 56224.7187500   0.6285928 0.7136339 -0.0402894  1.9085911 0.7473920 -1.0540879  -2.0135532 -3.6621941   -3.1710571 2.7964115 3.8104972
 12.1500    -0.5752165 0.1148957 -0.0354950  -0.0000001 -0.0000058 0.0000220  1.1334428 56348.9257813   0.6304073 0.7145306 -0.0397356  1.9114237 0.7509861 -1.0559778  -2.0162628 -3.6730197   -3.1768062 2.8031779 3.8209721
 12.2000    -0.5767416 0.1154914 -0.0349830  -0.0000002 -0.0000044 0.0000200  1.1317091 56472.1015625   0.6322128 0.7154810 -0.0391664  1.9143864 0.7546154 -1.0579667  -2.0190786 -3.6841276   -3.1826547 2.8099537 3.8314800
 12.2500    -0.5782494 0.1161185 -0.0344685  -0.0000001 -0.0000036 0.0000184  1.1300653 56594.2421875   0.6340073 0.7164696 -0.0385946  1.9174364 0.7582560 -1.0600188  -2.0219648 -3.6953909   -3.1885303 2.8167169 3.8419771
 12.3000    -0.5797407 0.1167672 -0.0339580  -0.0000000 -0.0000032 0.0000173  1.1284944 56715.3710938   0.6357893 0.7174846 -0.0380274  1.9205392 0.7618897 -1.0621067  -2.0248949 -3.7067059   -3.1943911 2.8234616 3.8524594
 12.3500    -0.5812159 0.1174307 -0.0334543  0.0000000 -0.0000031 0.0000164  1.1269844 56835.4765625   0.6375576 0.7185175 -0.0374680  1.9236710 0.7655047 -1.0642110  -2.0278501 -3.7180103   -3.2002174 2.8301828 3.8629226
 12.4000    -0.5826754 0.1181031 -0.0329591  0.0000001 -0.0000029 0.0000156  1.1255250 56954.5664063   0.6393113 0.7195609 -0.0369179  1.9268133 0.7690916 -1.0663158  -2.0308142 -3.7292617   -3.2059918 2.8368663 3.8733437
 12.4500    -0.5841194 0.1187799 -0.0324729  0.0000001 -0.0000029 0.0000150  1.1241079 57072.6523438   0.6410496 0.7206089 -0.0363780  1.9299522 0.7726431 -1.0684086  -2.0337739 -3.7404315   -3.2117009 2.8434967 3.8836957
 12.5000    -0.5855479 0.1194579 -0.0319959  0.0000001 -0.0000029 0.0000147  1.1227275 57189.7304688   0.6427717 0.7216575 -0.0358482  1.9330787 0.7761547 -1.0704815  -2.0367206 -3.7515044   -3.2173377 2.8500643 3.8939601
 12.5500    -0.5869610 0.1201358 -0.0315275  0.0000001 -0.0000030 0.0000147  1.1213809 57305.8007813   0.6444776 0.7227049 -0.0353280  1.9361889 0.7796247 -1.0725308  -2.0396501 -3.7624754   -3.2229008 2.8565649 3.9041280
 12.6000    -0.5883589 0.1208135 -0.0310668  0.0000001 -0.0000030 0.0000148  1.1200674 57420.8710938   0.6461673 0.7237509 -0.0348164  1.9392830 0.7830536 -1.0745569  -2.0425626 -3.7733478   -3.2283922 2.8629988 3.9141991
 12.6500    -0.5897416 0.1214919 -0.0306131  0.0000001 -0.0000031 0.0000151  1.1187879 57534.9648438   0.6478410 0.7247967 -0.0343124  1.9423645 0.7864435 -1.0765629  -2.0454612 -3.7841305   -3.2338164 2.8693695 3.9241787
 12.7000    -0.5911092 0.1221729 -0.0301652  0.0000001 -0.0000032 0.0000154  1.1175445 57648.0585938   0.6494993 0.7258444 -0.0338149  1.9454392 0.7897980 -1.0785539  -2.0483512 -3.7948365   -3.2391798 2.8756825 3.9340765
 12.7500    -0.5924617 0.1228585 -0.0297221  0.0000001 -0.0000033 0.0000158  1.1163402 57760.1914063   0.6511426 0.7268967 -0.0333227  1.9485141 0.7931208 -1.0805362  -2.0512394 -3.8054810   -3.2444896 2.8819445 3.9439045
 12.8000    -0.5937991 0.1235513 -0.0292829  0.0000001 -0.0000034 0.0000163  1.1151780 57871.3359375   0.6527717 0.7279566 -0.0328349  1.9515972 0.7964165 -1.0825165  -2.0541330 -3.8160804   -3.2497536 2.8881628 3.9536762
 12.8500    -0.5951215 0.1242535 -0.0288468  0.0000001 -0.0000035 0.0000167  1.1140612 57981.5156250   0.6543871 0.7290273 -0.0323506  1.9546962 0.7996894 -1.0845016  -2.0570397 -3.8266512   -3.2549795 2.8943445 3.9634049
 12.9000    -0.5964291 0.1249675 -0.0284130  0.0000001 -0.0000035 0.0000171  1.1129928 58090.7187500   0.6559895 0.7301116 -0.0318688  1.9578189 0.8029435 -1.0864978  -2.0599666 -3.8372086   -3.2601745 2.9004968 3.9731041
 12.9500    -0.5977218 0.1256955 -0.0279809  0.0000001 -0.0000036 0.0000175  1.1119754 58198.9882813   0.6575795 0.7312122 -0.0313889  1.9609721 0.8061828 -1.0885108  -2.0629203 -3.8477668   -3.2653453 2.9066262 3.9827856
 13.0000    -0.5989999 0.1264357 -0.0275523  0.0000001 -0.0000046 0.0000192  1.1110064 58310.0273438   0.6591574 0.7323280 -0.0309130  1.9641601 0.8094006 -1.0905440  -2.0658973 -3.8583175   -3.2703925 2.9127202 3.9923512
 13.0500    -0.6002628 0.1271887 -0.0271228  0.0000004 -0.0000085 0.0000261  1.1100871 58416.4023438   0.6607249 0.7334622 -0.0304354  1.9674274 0.8125956 -1.0926144  -2.0688974 -3.8689561   -3.2751048 2.9186153 4.0013873
 13.1000    -0.6015113 0.1280172 -0.0266488  0.0000001 -0.0000074 0.0000260  1.1093046 58521.8242188   0.6622925 0.7346841 -0.0299090  1.9708648 0.8158787 -1.0948507  -2.0721202 -3.8798213   -3.2802308 2.9249137 4.0113526
 13.1500    -0.6027437 0.1289092 -0.0261465  -0.0000001 -0.0000056 0.0000240  1.1086450 58626.2382813   0.6638577 0.7359825 -0.0293515  1.9744872 0.8192342 -1.0972278  -2.0755144 -3.8910863   -3.2856062 2.9313681 4.0216372
 13.2000    -0.6039607 0.1298474 -0.0256333  -0.0000002 -0.0000044 0.0000220  1.1080829 58729.7109375   0.6654175 0.7373377 -0.0287820  1.9782521 0.8226317 -1.0997027  -2.0790265 -3.9026569   -3.2910976 2.9378716 4.0320074
 13.2500    -0.6051629 0.1308178 -0.0251200  -0.0000001 -0.0000038 0.0000204  1.1075963 58832.3476563   0.6669696 0.7387331 -0.0282123  1.9821129 0.8260459 -1.1022397  -2.0826181 -3.9143971   -3.2966290 2.9443900 4.0424071
 13.3000    -0.6063510 0.1318099 -0.0246119  -0.0000000 -0.0000035 0.0000192  1.1071683 58934.0390625   0.6685123 0.7401556 -0.0276484  1.9860323 0.8294584 -1.1048115  -2.0862607 -3.9262005   -3.3021567 2.9509069 4.0528193
 13.3500    -0.6075254 0.1328158 -0.0241113  0.0000000 -0.0000034 0.0000183  1.1067858 59034.7734375   0.6700441 0.7415953 -0.0270927  1.9899831 0.8328560 -1.1073977  -2.0899325 -3.9379984   -3.3076549 2.9574064 4.0632233
 13.4000    -0.6086865 0.1338297 -0.0236189  0.0000001 -0.0000034 0.0000177  1.1064396 59134.6093750   0.6715637 0.7430447 -0.0265461  1.9939471 0.8362300 -1.1099835  -2.0936172 -3.9497510   -3.3131091 2.9638739 4.0735958
 13.4500    -0.6098342 0.1348481 -0.0231349  0.0000001 -0.0000034 0.0000174  1.1061235 59233.5234375   0.6730706 0.7444992 -0.0260087  1.9979131 0.8395751 -1.1125596  -2.0973040 -3.9614382   -3.3185121 2.9702982 4.0839176
 13.5000    -0.6109686 0.1358690 -0.0226588  0.0000001 -0.0000034 0.0000174  1.1058342 59331.5390625   0.6745644 0.7459564 -0.0254799  2.0018756 0.8428891 -1.1151215  -2.1009876 -3.9730527   -3.3238613 2.9766736 4.0941771
 13.5500    -0.6120899 0.1368922 -0.0221899  0.0000001 -0.0000035 0.0000175  1.1055709 59428.6406250   0.6760449 0.7474156 -0.0249590  2.0058341 0.8461720 -1.1176686  -2.1046669 -3.9845961   -3.3291583 2.9829992 4.1043717
 13.6000    -0.6131981 0.1379185 -0.0217275  0.0000001 -0.0000035 0.0000178  1.1053344 59524.8398438   0.6775126 0.7488780 -0.0244452  2.0097915 0.8494255 -1.1202034  -2.1083447 -3.9960765   -3.3344071 2.9892777 4.1145057
 13.6500    -0.6142932 0.1389496 -0.0212709  0.0000001 -0.0000036 0.0000182  1.1051269 59620.1718750   0.6789679 0.7503457 -0.0239377  2.0137534 0.8526528 -1.1227306  -2.1120259 -4.0075062   -3.3396139 2.9955143 4.1245883
 13.7000    -0.6153754 0.1399877 -0.0208193  0.0000001 -0.0000036 0.0000186  1.1049512 59714.6132813   0.6804114 0.7518214 -0.0234356  2.0177270 0.8558578 -1.1252559  -2.1157175 -4.0189003   -3.3447855 3.0017155 4.1346316
 13.7500    -0.6164446 0.1410352 -0.0203720  0.0000001 -0.0000037 0.0000191  1.1048108 59808.1679688   0.6818437 0.7533083 -0.0229382  2.0217204 0.8590447 -1.1277860  -2.1194271 -4.0302752   -3.3499301 3.0078887 4.1446498
 13.8000    -0.6175010 0.1420948 -0.0199284  0.0000001 -0.0000037 0.0000197  1.1047090 59900.8476563   0.6832657 0.7548098 -0.0224448  2.0257421 0.8622181 -1.1303277  -2.1231627 -4.0416480   -3.3550556 3.0140415 4.1546578
 13.8500    -0.6185447 0.1431691 -0.0194880  0.0000001 -0.0000037 0.0000202  1.1046495 59992.6679688   0.6846780 0.7563293 -0.0219549  2.0298004 0.8653822 -1.1328876  -2.1269323 -4.0530349   -3.3601699 3.0201813 4.1646701
 13.9000    -0.6195757 0.1442605 -0.0190505  0.0000001 -0.0000038 0.0000207  1.1046353 60083.6132813   0.6860814 0.7578697 -0.0214680  2.0339030 0.8685410 -1.1354717  -2.1307434 -4.0644511   -3.3652804 3.0263150 4.1747008
 13.9500    -0.6205942 0.1453711 -0.0186153  0.0000001 -0.0000038 0.0000211  1.1046692 60173.6875000   0.6874765 0.7594341 -0.0209836  2.0380571 0.8716983 -1.1380857  -2.1346028 -4.0759105   -3.3703935 3.0324488 4.1847622
 14.0000    -0.6216002 0.1464995 -0.0181845  0.0000001 -0.0000047 0.0000230  1.1047488 60269.4882813   0.6888638 0.7610215 -0.0205040  2.0422665 0.8748454 -1.1407319  -2.1385059 -4.0873999   -3.3754066 3.0385667 4.1947535
 14.0500    -0.6225938 0.1476461 -0.0177536  0.0000003 -0.0000086 0.0000304  1.1048752 60357.8789063   0.6902458 0.7626355 -0.0200234  2.0465752 0.8779719 -1.1434252  -2.1424487 -4.0989756   -3.3800585 3.0445105 4.2042593
 14.1000    -0.6235749 0.1488787 -0.0172791  0.0000001 -0.0000074 0.0000306  1.1051400 60445.3945313   0.6916334 0.7643517 -0.0194946  2.0510972 0.8812154 -1.1463060  -2.1466587 -4.1109200   -3.3852205 3.0508866 4.2147519
 14.1500    -0.6245423 0.1501869 -0.0167776  -0.0000001 -0.0000056 0.0000287  1.1055319 60532.0820313   0.6930247 0.7661609 -0.0189356  2.0558484 0.8845550 -1.1493512  -2.1510830 -4.1233668   -3.3906932 3.0574806 4.2256643
 14.2000    -0.6254964 0.1515521 -0.0162675  -0.0000001 -0.0000044 0.0000267  1.1060248 60617.9375000   0.6944166 0.7680419 -0.0183669  2.0607810 0.8879562 -1.1525162  -2.1556630 -4.1361948   -3.3963220 3.0641768 4.2367522
 14.2500    -0.6264380 0.1529589 -0.0157598  -0.0000001 -0.0000038 0.0000251  1.1065957 60702.9648438   0.6958063 0.7699763 -0.0178006  2.0658427 0.8913913 -1.1557632  -2.1603555 -4.1492509   -3.4020226 3.0709258 4.2479446
 14.3000    -0.6273679 0.1543958 -0.0152595  -0.0000000 -0.0000036 0.0000240  1.1072270 60787.1523438   0.6971917 0.7719495 -0.0172424  2.0709919 0.8948410 -1.1590635  -2.1651295 -4.1624190   -3.4077497 3.0777003 4.2592157
 14.3500    -0.6282864 0.1558543 -0.0147683  0.0000000 -0.0000035 0.0000232  1.1079055 60870.5195313   0.6985711 0.7739508 -0.0166941  2.0761998 0.8982921 -1.1623963  -2.1699615 -4.1756265   -3.4134777 3.0844789 4.2705404
 14.4000    -0.6291935 0.1573287 -0.0142866  0.0000001 -0.0000035 0.0000228  1.1086223 60953.0664063   0.6999432 0.7759726 -0.0161561  2.0814476 0.9017360 -1.1657474  -2.1748348 -4.1888333   -3.4191923 3.0912444 4.2818928
 14.4500    -0.6300895 0.1588156 -0.0138141  0.0000001 -0.0000035 0.0000227  1.1093719 61034.8007813   0.7013073 0.7780106 -0.0156282  2.0867247 0.9051681 -1.1691082  -2.1797394 -4.2020206   -3.4248868 3.0979854 4.2932539
 14.5000    -0.6309744 0.1603136 -0.0133506  0.0000001 -0.0000035 0.0000229  1.1101521 61115.7226563   0.7026631 0.7800629 -0.0151101  2.0920275 0.9085868 -1.1724757  -2.1846710 -4.2151835   -3.4305597 3.1046971 4.3046146
 14.5500    -0.6318482 0.1618230 -0.0128955  0.0000001 -0.0000034 0.0000232  1.1111004 61195.8125000   0.7039948 0.7822089 -0.0146018  2.0973418 0.9119755 -1.1754400  -2.1896421 -4.2284349   -3.4360490 3.1114080 4.3160749
 14.6000    -0.6327110 0.1633456 -0.0124485  0.0000001 -0.0000034 0.0000238  1.1128227 61275.1210938   0.7052318 0.7847979 -0.0141058  2.1026040 0.9152559 -1.1762065  -2.1947052 -4.2422644   -3.4406332 3.1182393 4.3280814
 14.6500    -0.6335629 0.1648837 -0.0120091  0.0000001 -0.0000034 0.0000244  1.1145884 61353.6289063   0.7064597 0.7874118 -0.0136178  2.1079029 0.9185216 -1.1769765  -2.1998069 -4.2561085   -3.4451957 3.1250391 4.3401182
 14.7000    -0.6344040 0.1664406 -0.0115771  0.0000001 -0.0000034 0.0000252  1.1164036 61431.3125000   0.7076794 0.7900559 -0.0131375  2.1132482 0.9217775 -1.1777520  -2.2049570 -4.2699873   -3.4497437 3.1318157 4.3522040
 14.7500    -0.6352344 0.1680197 -0.0111522  0.0000001 -0.0000033 0.0000260  1.1182748 61508.2304688   0.7088916 0.7927356 -0.0126648  2.1186507 0.9250287 -1.1785354  -2.2101663 -4.2839220   -3.4542848 3.1385778 4.3643603
 14.8000    -0.6360541 0.1696247 -0.0107343  0.0000001 -0.0000033 0.0000269  1.1202090 61584.3515625   0.7100972 0.7954572 -0.0121995  2.1241217 0.9282807 -1.1793291  -2.2154465 -4.2979346   -3.4588271 3.1453342 4.3766096
 14.8500    -0.6368633 0.1712593 -0.0103234  0.0000001 -0.0000032 0.0000277  1.1222131 61659.6914063   0.7112969 0.7982267 -0.0117416  2.1296726 0.9315389 -1.1801353  -2.2208091 -4.3120474   -3.4633784 3.1520938 4.3889746
 14.9000    -0.6376620 0.1729273 -0.0099194  0.0000001 -0.0000032 0.0000287  1.1242940 61734.2500000   0.7124917 0.8010502 -0.0112911  2.1353146 0.9348084 -1.1809565  -2.2262659 -4.3262814   -3.4679462 3.1588646 4.4014781
 14.9500    -0.6384505 0.1746324 -0.0095227  0.0000001 -0.0000031 0.0000296  1.1264586 61808.0351563   0.7136825 0.8039338 -0.0108482  2.1410591 0.9380945 -1.1817946  -2.2318284 -4.3406573   -3.4725380 3.1656544 4.4141427
 15.0000    -0.6392288 0.1763740 -0.0091364  0.0000001 -0.0000042 0.0000322  1.1287081 61891.1328125   0.7148699 0.8068794 -0.0104166  2.1469140 0.9413851 -1.1826494  -2.2374928 -4.3551696   -3.4770233 3.1724502 4.4268483
 15.0500    -0.6399969 0.1781540 -0.0087548  0.0000003 -0.0000093 0.0000420  1.1310560 61963.3945313   0.7160563 0.8098998 -0.0099886  2.1529349 0.9446529 -1.1835099  -2.2432537 -4.3698880   -3.4809990 3.1791115 4.4390932
 15.1000    -0.6407548 0.1800577 -0.0083179  0.0000000 -0.0000076 0.0000433  1.1336382 62034.8710938   0.7172535 0.8131060 -0.0094988  2.1592771 0.9480950 -1.1844710  -2.2494161 -4.3852495   -3.4856541 3.1862706 4.4526968
 15.1500    -0.6415009 0.1820790 -0.0078495  -0.0000001 -0.0000049 0.0000419  1.1364538 62105.5859375   0.7184602 0.8164968 -0.0089730  2.1659751 0.9516826 -1.1855136  -2.2559287 -4.4014367   -3.4907050 3.1937619 4.4670448
 15.2000    -0.6422359 0.1841998 -0.0073768  -0.0000002 -0.0000032 0.0000403  1.1394709 62175.5507813   0.7196742 0.8200478 -0.0084415  2.1729810 0.9553766 -1.1866165  -2.2627287 -4.4183030   -3.4959660 3.2014561 4.4818547
 15.2500    -0.6429607 0.1864036 -0.0069156  -0.0000001 -0.0000023 0.0000391  1.1426572 62244.7421875   0.7208938 0.8237346 -0.0079224  2.1802358 0.9591478 -1.1877643  -2.2697698 -4.4356466   -3.5013475 3.2092780 4.4970442
 15.3000    -0.6436761 0.1886778 -0.0064730  0.0000000 -0.0000019 0.0000384  1.1459868 62313.1601563   0.7221177 0.8275374 -0.0074236  2.1876927 0.9629763 -1.1889462  -2.2770189 -4.4533098   -3.5068060 3.2171775 4.5125840
 15.3500    -0.6443828 0.1910139 -0.0060515  0.0000001 -0.0000016 0.0000383  1.1494413 62380.8125000   0.7233448 0.8314424 -0.0069482  2.1953202 0.9668494 -1.1901540  -2.2844524 -4.4711951   -3.5123195 3.2251175 4.5284475
 15.4000    -0.6450808 0.1934068 -0.0056528  0.0000001 -0.0000013 0.0000387  1.1530100 62447.7109375   0.7245746 0.8354417 -0.0064981  2.2031012 0.9707600 -1.1913823  -2.2920562 -4.4892515   -3.5178782 3.2330704 4.5446119
 15.4500    -0.6457705 0.1958552 -0.0052783  0.0000001 -0.0000009 0.0000396  1.1566893 62513.8242188   0.7258072 0.8395334 -0.0060750  2.2110304 0.9747064 -1.1926282  -2.2998267 -4.5074596   -3.5234805 3.2410196 4.5610690
 15.5000    -0.6464518 0.1983610 -0.0049299  0.0000002 -0.0000004 0.0000410  1.1604820 62579.1992188   0.7270432 0.8437206 -0.0056810  2.2191122 0.9786909 -1.1938908  -2.3077697 -4.5258182   -3.5291308 3.2489558 4.5778293
 15.5500    -0.6471252 0.2009289 -0.0046097  0.0000002 0.0000002 0.0000428  1.1643959 62643.8085938   0.7282841 0.8480111 -0.0053191  2.2273590 0.9827194 -1.1951707  -2.3158998 -4.5443388   -3.5348377 3.2568753 4.5949207
 15.6000    -0.6477908 0.2035659 -0.0043209  0.0000002 0.0000009 0.0000451  1.1684434 62707.6445313   0.7295317 0.8524165 -0.0049925  2.2357896 0.9868009 -1.1964695  -2.3242392 -4.5630413   -3.5406133 3.2647767 4.6123870
 15.6500    -0.6484491 0.2062813 -0.0040672  0.0000002 0.0000018 0.0000477  1.1726407 62770.7187500   0.7307884 0.8569523 -0.0047061  2.2444290 0.9909468 -1.1977898  -2.3328166 -4.5819530   -3.5464733 3.2726606 4.6302858
 15.7000    -0.6491004 0.2090863 -0.0038533  0.0000002 0.0000028 0.0000509  1.1770080 62833.0234375   0.7320572 0.8616372 -0.0044653  2.2533074 0.9951712 -1.1991344  -2.3416678 -4.6011052   -3.5524363 3.2805266 4.6486881
 15.7500    -0.6497453 0.2119945 -0.0036854  0.0000002 0.0000041 0.0000546  1.1815687 62894.5585938   0.7333417 0.8664936 -0.0042774  2.2624603 0.9994907 -1.2005064  -2.3508347 -4.6205313   -3.5585235 3.2883707 4.6676783
 15.8000    -0.6503845 0.2150215 -0.0035711  0.0000003 0.0000057 0.0000590  1.1863505 62955.3007813   0.7346461 0.8715477 -0.0041517  2.2719292 1.0039243 -1.2019087  -2.3603672 -4.6402665   -3.5647592 3.2961854 4.6873554
 15.8500    -0.6510188 0.2181860 -0.0035202  0.0000003 0.0000078 0.0000641  1.1913858 63015.3007813   0.7359755 0.8768307 -0.0040999  2.2817618 1.0084946 -1.2033439  -2.3703238 -4.6603440   -3.5711716 3.3039548 4.7078373
 15.9000    -0.6516494 0.2215101 -0.0035454  0.0000004 0.0000104 0.0000702  1.1967126 63074.4765625   0.7373361 0.8823794 -0.0041372  2.2920139 1.0132279 -1.2048138  -2.3807745 -4.6807937   -3.5777924 3.3116524 4.7292636
 15.9500    -0.6522776 0.2250205 -0.0036633  0.0000004 0.0000138 0.0000777  1.2023767 63132.8632813   0.7387357 0.8882385 -0.0042835  2.3027513 1.0181560 -1.2063191  -2.3918038 -4.7016379   -3.5846602 3.3192345 4.7518049
 16.0000    -0.6529043 0.2287415 -0.0039072  0.0000005 0.0000139 0.0000902  1.2084251 63204.8828125   0.7401819 0.8944544 -0.0045771  2.3140584 1.0232680 -1.2078651  -2.4034713 -4.7229356   -3.5914507 3.3266834 4.7752829
 16.0500    -0.6535278 0.2327041 -0.0042848  0.0000009 -0.0000008 0.0001222  1.2149396 63261.7070313   0.7416861 0.9011038 -0.0050235  2.3261625 1.0284554 -1.2094756  -2.4158164 -4.7450905   -3.5967912 3.3340285 4.7984308
 16.1000    -0.6541592 0.2371363 -0.0045964  0.0000004 0.0000112 0.0001439  1.2222590 63317.6835938   0.7433005 0.9085058 -0.0054036  2.3394703 1.0343411 -1.2112257  -2.4297545 -4.7684641   -3.6041557 3.3415209 4.8259849
 16.1500    -0.6547955 0.2421304 -0.0049660  0.0000002 0.0000306 0.0001657  1.2305659 63372.7734375   0.7450464 0.9168286 -0.0058587  2.3543495 1.0409447 -1.2131379  -2.4454610 -4.7939599   -3.6128717 3.3491319 4.8571204
 16.2000    -0.6554444 0.2477775 -0.0055605  0.0000004 0.0000525 0.0001939  1.2400127 63426.9843750   0.7469562 0.9262351 -0.0065856  2.3710042 1.0483242 -1.2151593  -2.4631929 -4.8213187   -3.6226631 3.3563277 4.8919724
 16.2500    -0.6560631 0.2543853 -0.0066177  0.0000013 0.0000458 0.0001516  1.2510946 63480.2460938   0.7490237 0.9370995 -0.0078577  2.3903050 1.0569170 -1.2180317  -2.4835728 -4.8560788   -3.6360999 3.3683310 4.9340034
 16.3000    -0.6566392 0.2616980 -0.0080807  0.0000020 0.0000141 0.0000399  1.2633025 63532.5273438   0.7511800 0.9489675 -0.0096098  2.4114737 1.0663931 -1.2217869  -2.5057896 -4.8975578   -3.6530005 3.3859347 4.9823693
 16.3500    -0.6572148 0.2687869 -0.0095927  0.0000017 -0.0000067 -0.0000455  1.2749953 63583.8320313   0.7533067 0.9604625 -0.0114315  2.4317969 1.0754595 -1.2253074  -2.5273717 -4.9362020   -3.6688934 3.4023828 5.0296900
 16.4000    -0.6577898 0.2750532 -0.0109465  0.0000008 -0.0000130 -0.0000857  1.2851523 63634.1875000   0.7552806 0.9706506 -0.0130748  2.4496345 1.0833535 -1.2281438  -2.5465560 -4.9683858   -3.6819577 3.4154124 5.0714361
 16.4500    -0.6583523 0.2802886 -0.0120879  -0.0000002 -0.0000114 -0.0000949  1.2934512 63683.5937500   0.7570350 0.9791879 -0.0144693  2.4644686 1.0898663 -1.2302599  -2.5626523 -4.9940391   -3.6921777 3.4251270 5.1061622
 16.5000    -0.6588941 0.2845135 -0.0130376  -0.0000008 -0.0000079 -0.0000896  1.2999639 63732.0742188   0.7585554 0.9860947 -0.0156345  2.4763976 1.0950749 -1.2317604  -2.5756709 -5.0141445   -3.7000794 3.4322383 5.1341352
 16.5500    -0.6594130 0.2878373 -0.0138345  -0.0000011 -0.0000048 -0.0000792  1.3049061 63779.7226563   0.7598567 0.9915416 -0.0166144  2.4857431 1.0991448 -1.2327612  -2.5859251 -5.0296459   -3.7061401 3.4373613 5.1562216
 