0.0000    3999.69995  31.96553  0.34884  -0.00009 -0.00015  0.08727 2.46667  2.96667 31.98278 0.00000 0.00000 0 0 0 625.81299
 0.0500    3998.20020  31.79721  0.33429  -0.00055 -0.00029  0.08731 2.46667  2.96667 31.81379 0.00000 0.00000 0 0 0 619.20819
 0.1000    3996.70093  31.63560  0.31961  -0.00100 -0.00041  0.08734 2.46667  2.96667 31.65149 0.00000 0.00000 0 0 0 612.89990
 0.1500    3995.20190  31.48075  0.30480  -0.00145 -0.00053  0.08737 2.46667  2.96667 31.49595 0.00000 0.00000 0 0 0 606.88654
 0.2000    3993.70313  31.33273  0.28989  -0.00189 -0.00065  0.08741 2.46667  2.96667 31.34723 0.00000 0.00000 0 0 0 601.16638
 0.2500    3992.20508  31.19160  0.27487  -0.00233 -0.00076  0.08744 2.46667  2.96667 31.20540 0.00000 0.00000 0 0 0 595.73834
 0.3000    3990.70728  31.05743  0.25976  -0.00276 -0.00086  0.08747 2.46667  2.96667 31.07051 0.00000 0.00000 0 0 0 590.60101
 0.3500    3989.20996  30.92974  0.24452  -0.00324 -0.00096  0.08751 2.46667  2.96667 30.94210 0.00000 0.00000 0 0 0 585.73309
 0.4000    3987.71313  30.80802  0.22911  -0.00382 -0.00105  0.08754 2.46667  2.96667 30.81963 0.00000 0.00000 0 0 0 581.11163
 0.4500    3986.21680  30.69186  0.21355  -0.00449 -0.00113  0.08758 2.46667  2.96667 30.70272 0.00000 0.00000 0 0 0 576.71918
 0.5000    3984.72095  30.82223  0.19848  -0.00570 -0.00121  0.08761 2.46667  2.96667 30.88037 0.00000 0.00000 0 0 0 581.61182
 0.5500    3983.15161  33.61653  0.19010  -0.01248 -0.00129  0.08765 2.46667  2.96667 33.62292 0.00000 0.00000 0 0 0 691.82788
 0.6000    3981.44409  36.41859  0.18328  -0.01783 -0.00137  0.08769 2.46667  2.96667 36.42166 0.00000 0.00000 0 0 0 811.94257
 0.6500    3979.59814  39.22684  0.17795  -0.02202 -0.00145  0.08774 2.46667  2.96667 39.22676 0.00000 0.00000 0 0 0 941.95831
 0.7000    3977.61401  42.03756  0.17403  -0.02541 -0.00154  0.08780 2.46667  2.96667 42.03449 0.00000 0.00000 0 0 0 1081.74634
 0.7500    3975.49146  44.84866  0.17147  -0.02829 -0.00163  0.08786 2.46667  2.96667 44.84269 0.00000 0.00000 0 0 0 1231.21558
 0.8000    3973.23169  47.65536  0.17008  -0.03068 -0.00173  0.08793 2.46667  2.96667 47.64647 0.00000 0.00000 0 0 0 1390.08838
 0.8500    3970.83447  50.45782  0.16946  -0.03262 -0.00184  0.08800 2.46667  2.96667 50.44585 0.00000 0.00000 0 0 0 1558.32788
 0.9000    3968.30054  53.26568  0.16879  -0.03416 -0.00195  0.08808 2.46667  2.96667 53.25040 0.00000 0.00000 0 0 0 1736.51624
 0.9500    3965.62891  56.08528  0.16758  -0.03533 -0.00206  0.08816 2.46667  2.96667 56.06652 0.00000 0.00000 0 0 0 1925.14172
 1.0000    3962.81836  58.91390  0.16575  -0.03617 -0.00218  0.08825 2.46667  2.96667 58.89165 0.00000 0.00000 0 0 0 2124.12866
 1.0500    3959.86865  61.74873  0.16359  -0.03673 -0.00231  0.08834 2.46667  2.96667 61.72300 0.00000 0.00000 0 0 0 2333.35498
 1.1000    3956.77930  64.58968  0.16126  -0.03702 -0.00244  0.08844 2.46667  2.96667 64.56050 0.00000 0.00000 0 0 0 2552.87695
 1.1500    3953.54907  67.43676  0.15878  -0.03705 -0.00257  0.08854 2.46667  2.96667 67.40412 0.00000 0.00000 0 0 0 2782.75684
 1.2000    3950.17822  70.28967  0.15611  -0.03686 -0.00271  0.08865 2.46667  2.96667 70.25356 0.00000 0.00000 0 0 0 3023.03052
 1.2500    3946.66553  73.14787  0.15323  -0.03645 -0.00285  0.08876 2.46667  2.96667 73.10829 0.00000 0.00000 0 0 0 3273.70850
 1.3000    3943.01074  76.01099  0.15013  -0.03584 -0.00300  0.08888 2.46667  2.96667 75.96793 0.00000 0.00000 0 0 0 3534.81006
 1.3500    3939.21313  78.87889  0.14678  -0.03505 -0.00314  0.08900 2.46667  2.96667 78.83234 0.00000 0.00000 0 0 0 3806.37134
 1.4000    3935.27222  81.75116  0.14311  -0.03407 -0.00329  0.08912 2.46667  2.96667 81.70116 0.00000 0.00000 0 0 0 4088.39990
 1.4500    3931.18726  84.62696  0.13919  -0.03293 -0.00345  0.08925 2.46667  2.96667 84.57353 0.00000 0.00000 0 0 0 4380.85400
 1.5000    3926.95825  87.50614  0.13512  -0.03161 -0.00360  0.08938 2.46667  2.96667 87.44934 0.00000 0.00000 0 0 0 4683.75293
 1.5500    3922.58374  90.38878  0.13100  -0.03010 -0.00375  0.08952 2.46667  2.96667 90.32864 0.00000 0.00000 0 0 0 4997.14014
 1.6000    3918.06445  93.27446  0.12691  -0.02840 -0.00391  0.08966 2.46667  2.96667 93.21101 0.00000 0.00000 0 0 0 5321.00342
 1.6500    3913.39917  96.16263  0.12290  -0.02653 -0.00406  0.08980 2.46667  2.96667 96.09589 0.00000 0.00000 0 0 0 5655.30859
 1.7000    3908.58838  99.05271  0.11903  -0.02448 -0.00421  0.08994 2.46667  2.96667 98.98271 0.00000 0.00000 0 0 0 6000.01221
 1.7500    3903.63110  101.94415  0.11535  -0.02228 -0.00437  0.09008 2.46667  2.96667 101.87092 0.00000 0.00000 0 0 0 6355.06152
 1.8000    3898.52783  104.83639  0.11191  -0.01992 -0.00452  0.09023 2.46667  2.96667 104.75997 0.00000 0.00000 0 0 0 6720.40039
 1.8500    3893.27832  107.72887  0.10875  -0.01743 -0.00468  0.09038 2.46667  2.96667 107.64929 0.00000 0.00000 0 0 0 7095.96045
 1.9000    3887.88232  110.62097  0.10592  -0.01483 -0.00483  0.09053 2.46667  2.96667 110.53828 0.00000 0.00000 0 0 0 7481.66016
 1.9500    3882.33984  113.51218  0.10344  -0.01213 -0.00498  0.09067 2.46667  2.96667 113.42643 0.00000 0.00000 0 0 0 7877.42188
 2.0000    3876.65137  116.40222  0.10134  -0.00933 -0.00514  0.09082 2.46667  2.96667 116.31344 0.00000 0.00000 0 0 0 8283.19336
 2.0500    3870.81714  119.29069  0.09962  -0.00648 -0.00529  0.09097 2.46667  2.96667 119.19890 0.00000 0.00000 0 0 0 8698.90234
 2.1000    3864.83643  122.17734  0.09825  -0.00362 -0.00545  0.09112 2.46667  2.96667 122.08257 0.00000 0.00000 0 0 0 9124.49316
 2.1500    3858.71021  125.06211  0.09717  -0.00079 -0.00561  0.09127 2.46667  2.96667 124.96438 0.00000 0.00000 0 0 0 9559.93359
 2.2000    3852.43896  127.94508  0.09632  0.00196 -0.00577  0.09142 2.46667  2.96667 127.84440 0.00000 0.00000 0 0 0 10005.21094
 2.2500    3846.02222  130.82639  0.09562  0.00459 -0.00593  0.09157 2.46667  2.96667 130.72276 0.00000 0.00000 0 0 0 10460.32813
 2.3000    3839.46045  133.70615  0.09503  0.00707 -0.00610  0.09171 2.46667  2.96667 133.59960 0.00000 0.00000 0 0 0 10925.28027
 2.3500    3832.75439  136.58296  0.09444  0.00936 -0.00626  0.09186 2.46667  2.96667 136.47356 0.00000 0.00000 0 0 0 11399.81445
 2.4000    3825.90381  139.45584  0.09402  0.01147 -0.00644  0.09201 2.46667  2.96667 139.34371 0.00000 0.00000 0 0 0 11883.72559
 2.4500    3818.90991  142.32384  0.09406  0.01346 -0.00661  0.09215 2.46667  2.96667 142.20910 0.00000 0.00000 0 0 0 12376.80469
 2.5000    3811.77271  145.18571  0.09454  0.01530 -0.00679  0.09230 2.46667  2.96667 145.06845 0.00000 0.00000 0 0 0 12878.77051
 2.5500    3804.49292  148.04205  0.09528  0.01697 -0.00698  0.09245 2.46667  2.96667 147.92217 0.00000 0.00000 0 0 0 13389.65918
 2.6000    3797.07153  150.89461  0.09610  0.01845 -0.00717  0.09259 2.46667  2.96667 150.77199 0.00000 0.00000 0 0 0 13909.72754
 2.6500    3789.50854  153.74506  0.09692  0.01978 -0.00736  0.09274 2.46667  2.96667 153.61965 0.00000 0.00000 0 0 0 14439.24414
 2.7000    3781.80444  156.59441  0.09771  0.02097 -0.00757  0.09289 2.46667  2.96667 156.46621 0.00000 0.00000 0 0 0 14978.37695
 2.7500    3773.95898  159.44289  0.09853  0.02208 -0.00778  0.09304 2.46667  2.96667 159.31192 0.00000 0.00000 0 0 0 15527.15137
 2.8000    3765.97241  162.29034  0.09939  0.02313 -0.00800  0.09319 2.46667  2.96667 162.15663 0.00000 0.00000 0 0 0 16085.52246
 2.8500    3757.84521  165.13652  0.10033  0.02413 -0.00822  0.09334 2.46667  2.96667 165.00008 0.00000 0.00000 0 0 0 16653.42188
 2.9000    3749.57715  167.98129  0.10134  0.02511 -0.00846  0.09349 2.46667  2.96667 167.84215 0.00000 0.00000 0 0 0 17230.79883
 2.9500    3741.16870  170.82478  0.10241  0.02608 -0.00870  0.09364 2.46667  2.96667 170.68290 0.00000 0.00000 0 0 0 17817.66602
 3.0000    3732.61987  173.66710  0.10351  0.02704 -0.00895  0.09380 2.46667  2.96667 173.52248 0.00000 0.00000 0 0 0 18414.01758
 3.0500    3723.93066  176.50838  0.10462  0.02800 -0.00920  0.09395 2.46667  2.96667 176.36103 0.00000 0.00000 0 0 0 19019.87109
 3.1000    3715.10132  179.34871  0.10575  0.02896 -0.00947  0.09411 2.46667  2.96667 179.19863 0.00000 0.00000 0 0 0 19635.22461
 3.1500    3706.13159  182.18808  0.10687  0.02992 -0.00974  0.09427 2.46667  2.96667 182.03529 0.00000 0.00000 0 0 0 20260.05469
 3.2000    3697.02222  185.02654  0.10798  0.03089 -0.01002  0.09442 2.46667  2.96667 184.87103 0.00000 0.00000 0 0 0 20894.36328
 3.2500    3687.77271  187.86404  0.10908  0.03187 -0.01031  0.09458 2.46667  2.96667 187.70585 0.00000 0.00000 0 0 0 21538.11914
 3.3000    3678.38330  190.70071  0.11015  0.03285 -0.01061  0.09474 2.46667  2.96667 190.53975 0.00000 0.00000 0 0 0 22191.33398
 3.3500    3668.85425  193.53647  0.11119  0.03383 -0.01091  0.09490 2.46667  2.96667 193.37277 0.00000 0.00000 0 0 0 22853.97070
 3.4000    3659.18555  196.37131  0.11220  0.03481 -0.01123  0.09506 2.46667  2.96667 196.20491 0.00000 0.00000 0 0 0 23526.01367
 3.4500    3649.37695  199.20523  0.11316  0.03580 -0.01155  0.09523 2.46667  2.96667 199.03617 0.00000 0.00000 0 0 0 24207.44336
 3.5000    3639.42896  201.86409  0.11401  0.03678 -0.01189  0.09539 2.46667  2.96667 201.65773 0.00000 0.00000 0 0 0 24855.34570
 3.5500    3629.39624  202.60660  0.11418  0.03760 -0.01223  0.09555 2.46667  2.96667 202.43435 0.00000 0.00000 0 0 0 25035.85352
 3.6000    3619.32666  203.34920  0.11429  0.03842 -0.01257  0.09571 2.46667  2.96667 203.17628 0.00000 0.00000 0 0 0 25217.00586
 3.6500    3609.22070  204.09216  0.11434  0.03925 -0.01291  0.09587 2.46667  2.96667 203.91856 0.00000 0.00000 0 0 0 25398.87109
 3.7000    3599.07764  204.83549  0.11432  0.04007 -0.01326  0.09603 2.46667  2.96667 204.66122 0.00000 0.00000 0 0 0 25581.44922
 3.7500    3588.89795  205.57896  0.11421  0.04088 -0.01362  0.09619 2.46667  2.96667 205.40401 0.00000 0.00000 0 0 0 25764.68945
 3.8000    3578.68115  206.32251  0.11405  0.04170 -0.01397  0.09635 2.46667  2.96667 206.14688 0.00000 0.00000 0 0 0 25948.57031
 3.8500    3568.42773  207.06601  0.11383  0.04251 -0.01433  0.09650 2.46667  2.96667 206.88973 0.00000 0.00000 0 0 0 26133.06836
 3.9000    3558.13745  207.80936  0.11356  0.04332 -0.01469  0.09666 2.46667  2.96667 207.63242 0.00000 0.00000 0 0 0 26318.15039
 3.9500    3547.80981  208.55246  0.11325  0.04412 -0.01506  0.09681 2.46667  2.96667 208.37487 0.00000 0.00000 0 0 0 26503.79883
 4.0000    3536.49219  209.19122  0.11290  0.04464 -0.01552  0.09702 2.46667  2.96667 209.11703 0.00000 0.00000 0 0 0 26662.67188
 4.0500    3526.09668  209.93365  0.11253  0.04545 -0.01589  0.09718 2.46667  2.96667 209.85889 0.00000 0.00000 0 0 0 26849.29883
 4.1000    3515.66382  210.67575  0.11212  0.04624 -0.01626  0.09733 2.46667  2.96667 210.60040 0.00000 0.00000 0 0 0 27036.46680
 4.1500    3505.19409  211.41747  0.11168  0.04704 -0.01664  0.09748 2.46667  2.96667 211.34154 0.00000 0.00000 0 0 0 27224.16602
 4.2000    3494.68726  212.15877  0.11122  0.04783 -0.01702  0.09764 2.46667  2.96667 212.08227 0.00000 0.00000 0 0 0 27412.38086
 4.2500    3484.14331  212.89958  0.11073  0.04862 -0.01740  0.09779 2.46667  2.96667 212.82252 0.00000 0.00000 0 0 0 27601.09961
 4.3000    3473.56250  213.63989  0.11023  0.04941 -0.01779  0.09794 2.46667  2.96667 213.56226 0.00000 0.00000 0 0 0 27790.30859
 4.3500    3462.94434  214.37964  0.10970  0.05018 -0.01817  0.09808 2.46667  2.96667 214.30145 0.00000 0.00000 0 0 0 27980.00000
 4.4000    3452.28955  215.11879  0.10915  0.05096 -0.01856  0.09823 2.46667  2.96667 215.04007 0.00000 0.00000 0 0 0 28170.15820
 4.4500    3441.59717  215.85732  0.10858  0.05172 -0.01895  0.09838 2.46667  2.96667 215.77807 0.00000 0.00000 0 0 0 28360.77539
 4.5000    3430.86816  216.59521  0.10799  0.05248 -0.01935  0.09852 2.46667  2.96667 216.51544 0.00000 0.00000 0 0 0 28551.85352
 4.5500    3420.10205  217.33151  0.10737  0.05322 -0.01974  0.09867 2.46667  2.96667 217.25123 0.00000 0.00000 0 0 0 28743.13086
 4.6000    3409.29883  218.06639  0.10673  0.05397 -0.02014  0.09881 2.46667  2.96667 217.98565 0.00000 0.00000 0 0 0 28934.65625
 4.6500    3398.45898  218.80017  0.10612  0.05474 -0.02054  0.09896 2.46667  2.96667 218.71897 0.00000 0.00000 0 0 0 29126.50195
 4.7000    3387.58228  219.53256  0.10554  0.05554 -0.02095  0.09910 2.46667  2.96667 219.45090 0.00000 0.00000 0 0 0 29318.59961
 4.7500    3376.66870  220.26357  0.10497  0.05634 -0.02135  0.09924 2.46667  2.96667 220.18146 0.00000 0.00000 0 0 0 29510.93359
 4.8000    3365.71851  220.99344  0.10440  0.05714 -0.02176  0.09938 2.46667  2.96667 220.91086 0.00000 0.00000 0 0 0 29703.58008
 4.8500    3354.73169  221.72237  0.10382  0.05793 -0.02217  0.09952 2.46667  2.96667 221.63933 0.00000 0.00000 0 0 0 29896.58008
 4.9000    3343.70825  222.45045  0.10322  0.05871 -0.02259  0.09965 2.46667  2.96667 222.36695 0.00000 0.00000 0 0 0 30089.96094
 4.9500    3332.64844  223.17772  0.10260  0.05947 -0.02300  0.09979 2.46667  2.96667 223.09375 0.00000 0.00000 0 0 0 30283.72656
 5.0000    3321.51758  223.89220  0.10196  0.06022 -0.02341  0.09992 2.46667  2.96667 223.81969 0.00000 0.00000 0 0 0 30474.66016
 5.0500    3310.38477  224.61996  0.10131  0.06089 -0.02383  0.10006 2.46667  2.96667 224.54474 0.00000 0.00000 0 0 0 30669.77344
 5.1000    3299.21558  225.34676  0.10065  0.06155 -0.02426  0.10019 2.46667  2.96667 225.26887 0.00000 0.00000 0 0 0 30865.22852
 5.1500    3288.00977  226.07254  0.09998  0.06219 -0.02468  0.10032 2.46667  2.96667 225.99209 0.00000 0.00000 0 0 0 31061.01367
 5.2000    3276.76758  226.79732  0.09930  0.06281 -0.02511  0.10045 2.46667  2.96667 226.71436 0.00000 0.00000 0 0 0 31257.13281
 5.2500    3265.48901  227.52107  0.09861  0.06341 -0.02553  0.10058 2.46667  2.96667 227.43569 0.00000 0.00000 0 0 0 31453.57031
 5.3000    3254.17383  228.24380  0.09792  0.06399 -0.02597  0.10071 2.46667  2.96667 228.15604 0.00000 0.00000 0 0 0 31650.33008
 5.3500    3242.82275  228.96548  0.09722  0.06456 -0.02640  0.10084 2.46667  2.96667 228.87542 0.00000 0.00000 0 0 0 31847.40039
 5.4000    3231.43506  229.68608  0.09651  0.06511 -0.02683  0.10097 2.46667  2.96667 229.59379 0.00000 0.00000 0 0 0 32044.77148
 5.4500    3220.01123  230.40564  0.09580  0.06564 -0.02727  0.10110 2.46667  2.96667 230.31115 0.00000 0.00000 0 0 0 32242.45117
 5.5000    3208.55103  231.12411  0.09509  0.06615 -0.02771  0.10122 2.46667  2.96667 231.02747 0.00000 0.00000 0 0 0 32440.42578
 5.5500    3197.05518  231.84145  0.09437  0.06666 -0.02815  0.10135 2.46667  2.96667 231.74275 0.00000 0.00000 0 0 0 32638.67773
 5.6000    3185.52271  232.55771  0.09364  0.06715 -0.02859  0.10148 2.46667  2.96667 232.45696 0.00000 0.00000 0 0 0 32837.22656
 5.6500    3173.95435  233.27283  0.09291  0.06763 -0.02904  0.10160 2.46667  2.96667 233.17010 0.00000 0.00000 0 0 0 33036.04297
 5.7000    3162.35010  233.98683  0.09216  0.06810 -0.02949  0.10173 2.46667  2.96667 233.88215 0.00000 0.00000 0 0 0 33235.14063
 5.7500    3150.70996  234.69968  0.09141  0.06856 -0.02994  0.10185 2.46667  2.96667 234.59309 0.00000 0.00000 0 0 0 33434.50000
 5.8000    3139.03369  235.41139  0.09065  0.06901 -0.03039  0.10198 2.46667  2.96667 235.30291 0.00000 0.00000 0 0 0 33634.12891
 5.8500    3127.32202  236.12193  0.08989  0.06946 -0.03084  0.10210 2.46667  2.96667 236.01159 0.00000 0.00000 0 0 0 33834.01172
 5.9000    3115.57397  236.83130  0.08911  0.06990 -0.03130  0.10222 2.46667  2.96667 236.71913 0.00000 0.00000 0 0 0 34034.14453
 5.9500    3103.79053  237.53949  0.08832  0.07033 -0.03176  0.10235 2.46667  2.96667 237.42550 0.00000 0.00000 0 0 0 34234.53125
 6.0000    3091.95020  238.20128  0.08752  0.07174 -0.03221  0.10243 2.46667  2.96667 238.13069 0.00000 0.00000 0 0 0 34422.16406
 6.0500    3080.09692  238.90631  0.08671  0.07218 -0.03267  0.10255 2.46667  2.96667 238.83472 0.00000 0.00000 0 0 0 34622.77734
 6.1000    3068.20801  239.61000  0.08589  0.07262 -0.03313  0.10267 2.46667  2.96667 239.53740 0.00000 0.00000 0 0 0 34823.58594
 6.1500    3056.28345  240.31195  0.08507  0.07305 -0.03360  0.10279 2.46667  2.96667 240.23842 0.00000 0.00000 0 0 0 35024.46875
 6.2000    3044.32397  241.01227  0.08423  0.07347 -0.03406  0.10290 2.46667  2.96667 240.93778 0.00000 0.00000 0 0 0 35225.45313
 6.2500    3032.32861  241.71101  0.08338  0.07389 -0.03453  0.10302 2.46667  2.96667 241.63556 0.00000 0.00000 0 0 0 35426.55469
 6.3000    3020.29785  242.40823  0.08251  0.07430 -0.03500  0.10314 2.46667  2.96667 242.33182 0.00000 0.00000 0 0 0 35627.78516
 6.3500    3008.23218  243.10394  0.08162  0.07470 -0.03547  0.10325 2.46667  2.96667 243.02656 0.00000 0.00000 0 0 0 35829.14844
 6.4000    2996.13110  243.79811  0.08070  0.07509 -0.03595  0.10337 2.46667  2.96667 243.71979 0.00000 0.00000 0 0 0 36030.63281
 6.4500    2983.99487  244.49077  0.07976  0.07548 -0.03642  0.10349 2.46667  2.96667 244.41149 0.00000 0.00000 0 0 0 36232.24219
 6.5000    2971.82349  245.18185  0.07879  0.07587 -0.03690  0.10360 2.46667  2.96667 245.10164 0.00000 0.00000 0 0 0 36433.95313
 6.5500    2959.61694  245.87137  0.07781  0.07625 -0.03737  0.10372 2.46667  2.96667 245.79021 0.00000 0.00000 0 0 0 36635.77344
 6.6000    2947.37549  246.55927  0.07680  0.07662 -0.03785  0.10383 2.46667  2.96667 246.47717 0.00000 0.00000 0 0 0 36837.68359
 6.6500    2935.09912  247.24553  0.07577  0.07699 -0.03833  0.10395 2.46667  2.96667 247.16251 0.00000 0.00000 0 0 0 37039.67188
 6.7000    2922.78760  247.93015  0.07473  0.07735 -0.03881  0.10406 2.46667  2.96667 247.84619 0.00000 0.00000 0 0 0 37241.73438
 6.7500    2910.44116  248.61307  0.07367  0.07772 -0.03930  0.10418 2.46667  2.96667 248.52819 0.00000 0.00000 0 0 0 37443.85156
 6.8000    2898.06030  249.29431  0.07259  0.07807 -0.03978  0.10429 2.46667  2.96667 249.20850 0.00000 0.00000 0 0 0 37646.03516
 6.8500    2885.64429  249.97382  0.07150  0.07843 -0.04026  0.10440 2.46667  2.96667 249.88708 0.00000 0.00000 0 0 0 37848.25391
 6.9000    2873.19385  250.65157  0.07040  0.07878 -0.04075  0.10452 2.46667  2.96667 250.56393 0.00000 0.00000 0 0 0 38050.50391
 6.9500    2860.70850  251.32756  0.06929  0.07913 -0.04123  0.10463 2.46667  2.96667 251.23902 0.00000 0.00000 0 0 0 38252.78516
 7.0000    2848.15698  251.97961  0.06816  0.08005 -0.04171  0.10472 2.46667  2.96667 251.91234 0.00000 0.00000 0 0 0 38448.45703
 7.0500    2835.60352  252.65190  0.06703  0.08040 -0.04219  0.10483 2.46667  2.96667 252.58389 0.00000 0.00000 0 0 0 38650.71875
 7.1000    2823.01563  253.32240  0.06589  0.08075 -0.04268  0.10494 2.46667  2.96667 253.25365 0.00000 0.00000 0 0 0 38852.98828
 7.1500    2810.39355  253.99109  0.06475  0.08110 -0.04317  0.10505 2.46667  2.96667 253.92158 0.00000 0.00000 0 0 0 39055.26172
 7.2000    2797.73730  254.65793  0.06360  0.08145 -0.04366  0.10516 2.46667  2.96667 254.58769 0.00000 0.00000 0 0 0 39257.51953
 7.2500    2785.04688  255.32292  0.06245  0.08179 -0.04414  0.10527 2.46667  2.96667 255.25197 0.00000 0.00000 0 0 0 39459.75781
 7.3000    2772.32227  255.98608  0.06130  0.08213 -0.04463  0.10537 2.46667  2.96667 255.91441 0.00000 0.00000 0 0 0 39661.97656
 7.3500    2759.56396  256.64737  0.06014  0.08246 -0.04512  0.10548 2.46667  2.96667 256.57500 0.00000 0.00000 0 0 0 39864.16797
 7.4000    2746.77173  257.30682  0.05898  0.08280 -0.04561  0.10559 2.46667  2.96667 257.23372 0.00000 0.00000 0 0 0 40066.33203
 7.4500    2733.94580  257.96439  0.05782  0.08313 -0.04610  0.10570 2.46667  2.96667 257.89058 0.00000 0.00000 0 0 0 40268.45313
 7.5000    2721.08618  258.62006  0.05666  0.08346 -0.04659  0.10581 2.46667  2.96667 258.54555 0.00000 0.00000 0 0 0 40470.52734
 7.5500    2708.19312  259.27380  0.05549  0.08379 -0.04708  0.10592 2.46667  2.96667 259.19863 0.00000 0.00000 0 0 0 40672.53906
 7.6000    2695.26636  259.92563  0.05433  0.08411 -0.04758  0.10602 2.46667  2.96667 259.84981 0.00000 0.00000 0 0 0 40874.48828
 7.6500    2682.30664  260.57553  0.05316  0.08444 -0.04807  0.10613 2.46667  2.96667 260.49907 0.00000 0.00000 0 0 0 41076.36719
 7.7000    2669.31348  261.22354  0.05200  0.08476 -0.04856  0.10624 2.46667  2.96667 261.14642 0.00000 0.00000 0 0 0 41278.18359
 7.7500    2656.28711  261.86957  0.05083  0.08508 -0.04905  0.10634 2.46667  2.96667 261.79183 0.00000 0.00000 0 0 0 41479.90625
 7.8000    2643.22754  262.51367  0.04966  0.08540 -0.04955  0.10645 2.46667  2.96667 262.43531 0.00000 0.00000 0 0 0 41681.55078
 7.8500    2630.13525  263.15579  0.04849  0.08572 -0.05004  0.10656 2.46667  2.96667 263.07683 0.00000 0.00000 0 0 0 41883.09766
 7.9000    2617.01001  263.79599  0.04732  0.08603 -0.05053  0.10666 2.46667  2.96667 263.71639 0.00000 0.00000 0 0 0 42084.55859
 7.9500    2603.85205  264.43417  0.04614  0.08635 -0.05103  0.10677 2.46667  2.96667 264.35399 0.00000 0.00000 0 0 0 42285.89844
 8.0000    2590.62964  265.05310  0.04497  0.08706 -0.05151  0.10685 2.46667  2.96667 264.98961 0.00000 0.00000 0 0 0 42481.76172
 8.0500    2577.40674  265.68732  0.04379  0.08738 -0.05200  0.10695 2.46667  2.96667 265.62326 0.00000 0.00000 0 0 0 42682.87891
 8.1000    2564.15161  266.31955  0.04261  0.08769 -0.05250  0.10706 2.46667  2.96667 266.25492 0.00000 0.00000 0 0 0 42883.87891
 8.1500    2550.86401  266.94980  0.04143  0.08801 -0.05299  0.10716 2.46667  2.96667 266.88458 0.00000 0.00000 0 0 0 43084.75781
 8.2000    2537.54395  267.57797  0.04024  0.08832 -0.05348  0.10726 2.46667  2.96667 267.51224 0.00000 0.00000 0 0 0 43285.48438
 8.2500    2524.19214  268.20416  0.03906  0.08863 -0.05398  0.10736 2.46667  2.96667 268.13788 0.00000 0.00000 0 0 0 43486.08594
 8.3000    2510.80786  268.82834  0.03787  0.08894 -0.05447  0.10746 2.46667  2.96667 268.76151 0.00000 0.00000 0 0 0 43686.54297
 8.3500    2497.39160  269.45047  0.03669  0.08925 -0.05497  0.10756 2.46667  2.96667 269.38312 0.00000 0.00000 0 0 0 43886.85156
 8.4000    2483.94385  270.07056  0.03550  0.08955 -0.05546  0.10767 2.46667  2.96667 270.00270 0.00000 0.00000 0 0 0 44086.99609
 8.4500    2470.46411  270.68863  0.03431  0.08986 -0.05596  0.10777 2.46667  2.96667 270.62025 0.00000 0.00000 0 0 0 44287.00000
 8.5000    2456.95264  271.30466  0.03312  0.09016 -0.05645  0.10787 2.46667  2.96667 271.23576 0.00000 0.00000 0 0 0 44486.83203
 8.5500    2443.40967  271.91861  0.03192  0.09046 -0.05695  0.10797 2.46667  2.96667 271.84921 0.00000 0.00000 0 0 0 44686.49219
 8.6000    2429.83521  272.52914  0.03073  0.09076 -0.05745  0.10806 2.46667  2.96667 272.45926 0.00000 0.00000 0 0 0 44885.53125
 8.6500    2416.22998  273.13522  0.02954  0.09106 -0.05794  0.10816 2.46667  2.96667 273.06487 0.00000 0.00000 0 0 0 45083.59375
 8.7000    2402.59326  273.73691  0.02834  0.09136 -0.05844  0.10826 2.46667  2.96667 273.66606 0.00000 0.00000 0 0 0 45280.70313
 8.7500    2388.92603  274.33417  0.02714  0.09165 -0.05893  0.10836 2.46667  2.96667 274.26284 0.00000 0.00000 0 0 0 45476.82813
 8.8000    2375.22778  274.92703  0.02592  0.09194 -0.05943  0.10846 2.46667  2.96667 274.85520 0.00000 0.00000 0 0 0 45671.98438
 8.8500    2361.49951  275.51544  0.02470  0.09223 -0.05992  0.10856 2.46667  2.96667 275.44317 0.00000 0.00000 0 0 0 45866.13672
 8.9000    2347.74121  276.09949  0.02348  0.09252 -0.06042  0.10865 2.46667  2.96667 276.02673 0.00000 0.00000 0 0 0 46059.30859
 8.9500    2333.95288  276.67911  0.02224  0.09281 -0.06091  0.10875 2.46667  2.96667 276.60591 0.00000 0.00000 0 0 0 46251.46875
 9.0000    2320.10498  277.23798  0.02100  0.09339 -0.06139  0.10883 2.46667  2.96667 277.18070 0.00000 0.00000 0 0 0 46437.34375
 9.0500    2306.25781  277.80890  0.01975  0.09367 -0.06188  0.10892 2.46667  2.96667 277.75114 0.00000 0.00000 0 0 0 46627.52344
 9.1000    2292.38159  278.37543  0.01849  0.09396 -0.06237  0.10902 2.46667  2.96667 278.31724 0.00000 0.00000 0 0 0 46816.67969
 9.1500    2278.47632  278.93762  0.01724  0.09424 -0.06286  0.10911 2.46667  2.96667 278.87899 0.00000 0.00000 0 0 0 47004.83594
 9.2000    2264.54224  279.49551  0.01598  0.09451 -0.06336  0.10920 2.46667  2.96667 279.43642 0.00000 0.00000 0 0 0 47191.98438
 9.2500    2250.57935  280.04907  0.01471  0.09479 -0.06385  0.10930 2.46667  2.96667 279.98955 0.00000 0.00000 0 0 0 47378.11719
 9.3000    2236.58789  280.59836  0.01345  0.09506 -0.06434  0.10939 2.46667  2.96667 280.53839 0.00000 0.00000 0 0 0 47563.23828
 9.3500    2222.56836  281.14331  0.01219  0.09534 -0.06482  0.10948 2.46667  2.96667 281.08296 0.00000 0.00000 0 0 0 47747.32422
 9.4000    2208.52100  281.68402  0.01094  0.09561 -0.06531  0.10957 2.46667  2.96667 281.62326 0.00000 0.00000 0 0 0 47930.39453
 9.4500    2194.44580  282.22046  0.00968  0.09587 -0.06580  0.10967 2.46667  2.96667 282.15931 0.00000 0.00000 0 0 0 48112.44141
 9.5000    2180.34326  282.75262  0.00843  0.09614 -0.06629  0.10976 2.46667  2.96667 282.69112 0.00000 0.00000 0 0 0 48293.45313
 9.5500    2166.21313  283.28058  0.00718  0.09640 -0.06677  0.10985 2.46667  2.96667 283.21869 0.00000 0.00000 0 0 0 48473.43750
 9.6000    2152.05615  283.80426  0.00594  0.09667 -0.06726  0.10994 2.46667  2.96667 283.74205 0.00000 0.00000 0 0 0 48652.37109
 9.6500    2137.87231  284.32370  0.00470  0.09693 -0.06774  0.11003 2.46667  2.96667 284.26119 0.00000 0.00000 0 0 0 48830.26172
 9.7000    2123.66162  284.83902  0.00346  0.09718 -0.06822  0.11012 2.46667  2.96667 284.77612 0.00000 0.00000 0 0 0 49007.13672
 9.7500    2109.42456  285.34998  0.00223  0.09744 -0.06870  0.11021 2.46667  2.96667 285.28685 0.00000 0.00000 0 0 0 49182.90625
 9.8000    2095.16138  285.85681  0.00100  0.09770 -0.06918  0.11030 2.46667  2.96667 285.79340 0.00000 0.00000 0 0 0 49357.65234
 9.8500    2080.87207  286.35944  -0.00023  0.09795 -0.06967  0.11038 2.46667  2.96667 286.29577 0.00000 0.00000 0 0 0 49531.33203
 9.9000    2066.55713  286.85770  -0.00145  0.09821 -0.07014  0.11047 2.46667  2.96667 286.79397 0.00000 0.00000 0 0 0 49703.89453
 9.9500    2052.21655  287.35153  -0.00267  0.09846 -0.07062  0.11056 2.46667  2.96667 287.28802 0.00000 0.00000 0 0 0 49875.29688
 10.0000    2037.82617  287.82663  -0.00389  0.09892 -0.07108  0.11063 2.46667  2.96667 287.77792 0.00000 0.00000 0 0 0 50040.77344
 10.0500    2023.43567  288.31210  -0.00510  0.09917 -0.07155  0.11072 2.46667  2.96667 288.26369 0.00000 0.00000 0 0 0 50210.03125
 10.1000    2009.02051  288.79349  -0.00631  0.09942 -0.07203  0.11080 2.46667  2.96667 288.74535 0.00000 0.00000 0 0 0 50378.23047
 10.1500    1994.58044  289.27075  -0.00752  0.09967 -0.07250  0.11089 2.46667  2.96667 289.22290 0.00000 0.00000 0 0 0 50545.35938
 10.2000    1980.11597  289.74396  -0.00872  0.09992 -0.07297  0.11097 2.46667  2.96667 289.69637 0.00000 0.00000 0 0 0 50711.42969
 10.2500    1965.62720  290.21304  -0.00993  0.10016 -0.07344  0.11105 2.46667  2.96667 290.16576 0.00000 0.00000 0 0 0 50876.41406
 10.3000    1951.11450  290.67804  -0.01112  0.10041 -0.07391  0.11114 2.46667  2.96667 290.63110 0.00000 0.00000 0 0 0 51040.32031
 10.3500    1936.57788  291.13901  -0.01232  0.10065 -0.07438  0.11122 2.46667  2.96667 291.09239 0.00000 0.00000 0 0 0 51203.16016
 10.4000    1922.01770  291.59598  -0.01351  0.10089 -0.07485  0.11130 2.46667  2.96667 291.54966 0.00000 0.00000 0 0 0 51364.94531
 10.4500    1907.43408  292.04889  -0.01470  0.10113 -0.07532  0.11139 2.46667  2.96667 292.00293 0.00000 0.00000 0 0 0 51525.64063
 10.5000    1892.82727  292.49783  -0.01589  0.10136 -0.07578  0.11147 2.46667  2.96667 292.45220 0.00000 0.00000 0 0 0 51685.27734
 10.5500    1878.19751  292.94275  -0.01708  0.10160 -0.07625  0.11155 2.46667  2.96667 292.89749 0.00000 0.00000 0 0 0 51843.82422
 10.6000    1863.54480  293.38373  -0.01826  0.10183 -0.07671  0.11163 2.46667  2.96667 293.33882 0.00000 0.00000 0 0 0 52001.31250
 10.6500    1848.86975  293.82074  -0.01943  0.10207 -0.07717  0.11171 2.46667  2.96667 293.77621 0.00000 0.00000 0 0 0 52157.71875
 10.7000    1834.17212  294.25385  -0.02061  0.10230 -0.07763  0.11179 2.46667  2.96667 294.20967 0.00000 0.00000 0 0 0 52313.07031
 10.7500    1819.45239  294.68298  -0.02178  0.10253 -0.07809  0.11187 2.46667  2.96667 294.63922 0.00000 0.00000 0 0 0 52467.32813
 10.8000    1804.71069  295.10825  -0.02295  0.10276 -0.07855  0.11195 2.46667  2.96667 295.06488 0.00000 0.00000 0 0 0 52620.52734
 10.8500    1789.94727  295.52963  -0.02411  0.10298 -0.07900  0.11203 2.46667  2.96667 295.48666 0.00000 0.00000 0 0 0 52772.65625
 10.9000    1775.16211  295.94714  -0.02528  0.10321 -0.07946  0.11210 2.46667  2.96667 295.90460 0.00000 0.00000 0 0 0 52923.71484
 10.9500    1760.35571  296.36078  -0.02643  0.10343 -0.07991  0.11218 2.46667  2.96667 296.31865 0.00000 0.00000 0 0 0 53073.69922
 11.0000    1745.50134  296.76950  -0.02759  0.10380 -0.08034  0.11224 2.46667  2.96667 296.72878 0.00000 0.00000 0 0 0 53222.43359
 11.0500    1730.65271  297.17526  -0.02874  0.10402 -0.08079  0.11232 2.46667  2.96667 297.13500 0.00000 0.00000 0 0 0 53370.21484
 11.1000    1715.78333  297.57715  -0.02989  0.10424 -0.08124  0.11239 2.46667  2.96667 297.53732 0.00000 0.00000 0 0 0 53516.90234
 11.1500    1700.89331  297.97513  -0.03103  0.10446 -0.08168  0.11247 2.46667  2.96667 297.93578 0.00000 0.00000 0 0 0 53662.48438
 11.2000    1685.98291  298.36926  -0.03217  0.10468 -0.08213  0.11254 2.46667  2.96667 298.33039 0.00000 0.00000 0 0 0 53806.96875
 11.2500    1671.05261  298.75955  -0.03330  0.10489 -0.08257  0.11262 2.46667  2.96667 298.72117 0.00000 0.00000 0 0 0 53950.35938
 11.3000    1656.10217  299.14603  -0.03443  0.10510 -0.08301  0.11269 2.46667  2.96667 299.10814 0.00000 0.00000 0 0 0 54092.66016
 11.3500    1641.13196  299.52869  -0.03556  0.10531 -0.08345  0.11276 2.46667  2.96667 299.49133 0.00000 0.00000 0 0 0 54233.85547
 11.4000    1626.14221  299.90756  -0.03668  0.10552 -0.08389  0.11283 2.46667  2.96667 299.87075 0.00000 0.00000 0 0 0 54373.96875
 11.4500    1611.13318  300.28271  -0.03780  0.10573 -0.08433  0.11290 2.46667  2.96667 300.24643 0.00000 0.00000 0 0 0 54513.01172
 11.5000    1596.10498  300.65411  -0.03891  0.10593 -0.08476  0.11297 2.46667  2.96667 300.61838 0.00000 0.00000 0 0 0 54650.96484
 11.5500    1581.05774  301.02182  -0.04002  0.10614 -0.08520  0.11304 2.46667  2.96667 300.98663 0.00000 0.00000 0 0 0 54787.83984
 11.6000    1565.99182  301.38580  -0.04112  0.10634 -0.08563  0.11311 2.46667  2.96667 301.35119 0.00000 0.00000 0 0 0 54923.63672
 11.6500    1550.90723  301.74615  -0.04222  0.10654 -0.08606  0.11318 2.46667  2.96667 301.71209 0.00000 0.00000 0 0 0 55058.37109
 11.7000    1535.80420  302.10281  -0.04331  0.10674 -0.08649  0.11325 2.46667  2.96667 302.06935 0.00000 0.00000 0 0 0 55192.02344
 11.7500    1520.68311  302.45587  -0.04440  0.10693 -0.08691  0.11332 2.46667  2.96667 302.42299 0.00000 0.00000 0 0 0 55324.62109
 11.8000    1505.54395  302.80533  -0.04549  0.10713 -0.08734  0.11339 2.46667  2.96667 302.77304 0.00000 0.00000 0 0 0 55456.15625
 11.8500    1490.38696  303.15115  -0.04657  0.10732 -0.08776  0.11345 2.46667  2.96667 303.11950 0.00000 0.00000 0 0 0 55586.60938
 11.9000    1475.21228  303.49344  -0.04764  0.10751 -0.08818  0.11352 2.46667  2.96667 303.46242 0.00000 0.00000 0 0 0 55716.02344
 11.9500    1460.02026  303.83218  -0.04871  0.10770 -0.08860  0.11359 2.46667  2.96667 303.80180 0.00000 0.00000 0 0 0 55844.38281
 12.0000    1444.78638  304.17096  -0.04978  0.10799 -0.08899  0.11364 2.46667  2.96667 304.13767 0.00000 0.00000 0 0 0 55973.20703
 12.0500    1429.55981  304.50266  -0.05084  0.10818 -0.08941  0.11370 2.46667  2.96667 304.47006 0.00000 0.00000 0 0 0 56099.47656
 12.1000    1414.31616  304.83090  -0.05190  0.10836 -0.08982  0.11377 2.46667  2.96667 304.79899 0.00000 0.00000 0 0 0 56224.71875
 12.1500    1399.05566  305.15570  -0.05295  0.10855 -0.09023  0.11383 2.46667  2.96667 305.12447 0.00000 0.00000 0 0 0 56348.92578
 12.2000    1383.77881  305.47705  -0.05400  0.10873 -0.09063  0.11389 2.46667  2.96667 305.44653 0.00000 0.00000 0 0 0 56472.10156
 12.2500    1368.48547  305.79498  -0.05504  0.10891 -0.09104  0.11395 2.46667  2.96667 305.76520 0.00000 0.00000 0 0 0 56594.24219
 12.3000    1353.17603  306.10956  -0.05608  0.10908 -0.09144  0.11402 2.46667  2.96667 306.08050 0.00000 0.00000 0 0 0 56715.37109
 12.3500    1337.85059  306.42075  -0.05711  0.10926 -0.09184  0.11408 2.46667  2.96667 306.39245 0.00000 0.00000 0 0 0 56835.47656
 12.4000    1322.50928  306.72861  -0.05813  0.10943 -0.09224  0.11414 2.46667  2.96667 306.70107 0.00000 0.00000 0 0 0 56954.56641
 12.4500    1307.15247  307.03314  -0.05915  0.10960 -0.09264  0.11420 2.46667  2.96667 307.00638 0.00000 0.00000 0 0 0 57072.65234
 12.5000    1291.77991  307.33438  -0.06016  0.10977 -0.09304  0.11425 2.46667  2.96667 307.30841 0.00000 0.00000 0 0 0 57189.73047
 12.5500    1276.39221  307.63232  -0.06117  0.10994 -0.09343  0.11431 2.46667  2.96667 307.60718 0.00000 0.00000 0 0 0 57305.80078
 12.6000    1260.98926  307.92700  -0.06217  0.11011 -0.09382  0.11437 2.46667  2.96667 307.90271 0.00000 0.00000 0 0 0 57420.87109
 12.6500    1245.57141  308.21848  -0.06317  0.11027 -0.09421  0.11443 2.46667  2.96667 308.19502 0.00000 0.00000 0 0 0 57534.96484
 12.7000    1230.13867  308.50671  -0.06416  0.11043 -0.09459  0.11448 2.46667  2.96667 308.48414 0.00000 0.00000 0 0 0 57648.05859
 12.7500    1214.69128  308.79181  -0.06514  0.11059 -0.09498  0.11454 2.46667  2.96667 308.77008 0.00000 0.00000 0 0 0 57760.19141
 12.8000    1199.22949  309.07373  -0.06612  0.11075 -0.09536  0.11460 2.46667  2.96667 309.05288 0.00000 0.00000 0 0 0 57871.33594
 12.8500    1183.75342  309.35251  -0.06709  0.11090 -0.09574  0.11465 2.46667  2.96667 309.33255 0.00000 0.00000 0 0 0 57981.51563
 12.9000    1168.26306  309.62814  -0.06806  0.11106 -0.09611  0.11471 2.46667  2.96667 309.60912 0.00000 0.00000 0 0 0 58090.71875
 12.9500    1152.75879  309.90076  -0.06902  0.11121 -0.09649  0.11476 2.46667  2.96667 309.88260 0.00000 0.00000 0 0 0 58198.98828
 13.0000    1137.21753  310.17975  -0.06998  0.11143 -0.09683  0.11480 2.46667  2.96667 310.15303 0.00000 0.00000 0 0 0 58310.02734
 13.0500    1121.68518  310.44623  -0.07093  0.11158 -0.09720  0.11485 2.46667  2.96667 310.42042 0.00000 0.00000 0 0 0 58416.40234
 13.1000    1106.13940  310.70969  -0.07187  0.11172 -0.09756  0.11490 2.46667  2.96667 310.68479 0.00000 0.00000 0 0 0 58521.82422
 13.1500    1090.58032  310.96994  -0.07281  0.11187 -0.09792  0.11496 2.46667  2.96667 310.94618 0.00000 0.00000 0 0 0 58626.23828
 13.2000    1075.00793  311.22720  -0.07374  0.11201 -0.09828  0.11501 2.46667  2.96667 311.20459 0.00000 0.00000 0 0 0 58729.71094
 13.2500    1059.42261  311.48175  -0.07466  0.11215 -0.09864  0.11505 2.46667  2.96667 311.46005 0.00000 0.00000 0 0 0 58832.34766
 13.3000    1043.82434  311.73331  -0.07557  0.11229 -0.09899  0.11510 2.46667  2.96667 311.71259 0.00000 0.00000 0 0 0 58934.03906
 13.3500    1028.21338  311.98184  -0.07648  0.11243 -0.09935  0.11515 2.46667  2.96667 311.96223 0.00000 0.00000 0 0 0 59034.77344
 13.4000    1012.58978  312.22754  -0.07738  0.11256 -0.09969  0.11520 2.46667  2.96667 312.20898 0.00000 0.00000 0 0 0 59134.60938
 13.4500    996.95380  312.47031  -0.07828  0.11269 -0.10004  0.11525 2.46667  2.96667 312.45286 0.00000 0.00000 0 0 0 59233.52344
 13.5000    981.30548  312.71027  -0.07916  0.11282 -0.10038  0.11529 2.46667  2.96667 312.69391 0.00000 0.00000 0 0 0 59331.53906
 13.5500    965.64514  312.94733  -0.08004  0.11295 -0.10072  0.11534 2.46667  2.96667 312.93214 0.00000 0.00000 0 0 0 59428.64063
 13.6000    949.97272  313.18158  -0.08092  0.11308 -0.10106  0.11539 2.46667  2.96667 313.16756 0.00000 0.00000 0 0 0 59524.83984
 13.6500    934.28851  313.41309  -0.08178  0.11320 -0.10139  0.11543 2.46667  2.96667 313.40022 0.00000 0.00000 0 0 0 59620.17188
 13.7000    918.59259  313.64182  -0.08264  0.11332 -0.10173  0.11548 2.46667  2.96667 313.63011 0.00000 0.00000 0 0 0 59714.61328
 13.7500    902.88513  313.86777  -0.08349  0.11344 -0.10205  0.11552 2.46667  2.96667 313.85727 0.00000 0.00000 0 0 0 59808.16797
 13.8000    887.16632  314.09100  -0.08433  0.11356 -0.10238  0.11556 2.46667  2.96667 314.08172 0.00000 0.00000 0 0 0 59900.84766
 13.8500    871.43622  314.31155  -0.08517  0.11368 -0.10270  0.11561 2.46667  2.96667 314.30348 0.00000 0.00000 0 0 0 59992.66797
 13.9000    855.69495  314.52939  -0.08599  0.11379 -0.10302  0.11565 2.46667  2.96667 314.52256 0.00000 0.00000 0 0 0 60083.61328
 13.9500    839.94269  314.74454  -0.08681  0.11390 -0.10333  0.11569 2.46667  2.96667 314.73900 0.00000 0.00000 0 0 0 60173.68750
 14.0000    824.15643  314.97382  -0.08763  0.11406 -0.10362  0.11572 2.46667  2.96667 314.95280 0.00000 0.00000 0 0 0 60269.48828
 14.0500    808.38184  315.18372  -0.08843  0.11417 -0.10392  0.11576 2.46667  2.96667 315.16399 0.00000 0.00000 0 0 0 60357.87891
 14.1000    792.59662  315.39093  -0.08923  0.11428 -0.10423  0.11580 2.46667  2.96667 315.37260 0.00000 0.00000 0 0 0 60445.39453
 14.1500    776.80096  315.59558  -0.09002  0.11438 -0.10453  0.11584 2.46667  2.96667 315.57862 0.00000 0.00000 0 0 0 60532.08203
 14.2000    760.99500  315.79767  -0.09080  0.11448 -0.10482  0.11588 2.46667  2.96667 315.78210 0.00000 0.00000 0 0 0 60617.93750
 14.2500    745.17883  315.99722  -0.09157  0.11458 -0.10512  0.11592 2.46667  2.96667 315.98304 0.00000 0.00000 0 0 0 60702.96484
 14.3000    729.35272  316.19421  -0.09233  0.11468 -0.10541  0.11596 2.46667  2.96667 316.18146 0.00000 0.00000 0 0 0 60787.15234
 14.3500    713.51666  316.38870  -0.09308  0.11477 -0.10569  0.11599 2.46667  2.96667 316.37738 0.00000 0.00000 0 0 0 60870.51953
 14.4000    697.67084  316.58069  -0.09382  0.11487 -0.10597  0.11603 2.46667  2.96667 316.57083 0.00000 0.00000 0 0 0 60953.06641
 14.4500    681.81537  316.77020  -0.09456  0.11496 -0.10625  0.11607 2.46667  2.96667 316.76181 0.00000 0.00000 0 0 0 61034.80078
 14.5000    665.95038  316.95724  -0.09528  0.11505 -0.10652  0.11610 2.46667  2.96667 316.95035 0.00000 0.00000 0 0 0 61115.72266
 14.5500    650.07605  317.14178  -0.09599  0.11513 -0.10679  0.11614 2.46667  2.96667 317.13646 0.00000 0.00000 0 0 0 61195.81250
 14.6000    634.19232  317.32394  -0.09670  0.11522 -0.10706  0.11617 2.46667  2.96667 317.32017 0.00000 0.00000 0 0 0 61275.12109
 14.6500    618.29956  317.50369  -0.09739  0.11530 -0.10732  0.11621 2.46667  2.96667 317.50149 0.00000 0.00000 0 0 0 61353.62891
 14.7000    602.39777  317.68100  -0.09808  0.11538 -0.10758  0.11624 2.46667  2.96667 317.68043 0.00000 0.00000 0 0 0 61431.31250
 14.7500    586.48706  317.85596  -0.09875  0.11546 -0.10783  0.11628 2.46667  2.96667 317.85702 0.00000 0.00000 0 0 0 61508.23047
 14.8000    570.56769  318.02856  -0.09942  0.11554 -0.10808  0.11631 2.46667  2.96667 318.03127 0.00000 0.00000 0 0 0 61584.35156
 14.8500    554.63953  318.19882  -0.10007  0.11561 -0.10833  0.11635 2.46667  2.96667 318.20320 0.00000 0.00000 0 0 0 61659.69141
 14.9000    538.70294  318.36673  -0.10072  0.11569 -0.10857  0.11638 2.46667  2.96667 318.37283 0.00000 0.00000 0 0 0 61734.25000
 14.9500    522.75787  318.53235  -0.10135  0.11576 -0.10880  0.11642 2.46667  2.96667 318.54017 0.00000 0.00000 0 0 0 61808.03516
 15.0000    506.77997  318.72134  -0.10197  0.11586 -0.10900  0.11644 2.46667  2.96667 318.70523 0.00000 0.00000 0 0 0 61891.13281
 15.0500    490.81720  318.88242  -0.10258  0.11593 -0.10922  0.11647 2.46667  2.96667 318.86803 0.00000 0.00000 0 0 0 61963.39453
 15.1000    474.84637  319.04117  -0.10318  0.11600 -0.10944  0.11650 2.46667  2.96667 319.02858 0.00000 0.00000 0 0 0 62034.87109
 15.1500    458.86755  319.19766  -0.10377  0.11606 -0.10965  0.11653 2.46667  2.96667 319.18690 0.00000 0.00000 0 0 0 62105.58594
 15.2000    442.88095  319.35196  -0.10435  0.11612 -0.10986  0.11657 2.46667  2.96667 319.34299 0.00000 0.00000 0 0 0 62175.55078
 15.2500    426.88666  319.50400  -0.10491  0.11618 -0.11006  0.11660 2.46667  2.96667 319.49687 0.00000 0.00000 0 0 0 62244.74219
 15.3000    410.88477  319.65378  -0.10546  0.11624 -0.11026  0.11663 2.46667  2.96667 319.64854 0.00000 0.00000 0 0 0 62313.16016
 15.3500    394.87537  319.80133  -0.10600  0.11630 -0.11045  0.11667 2.46667  2.96667 319.79802 0.00000 0.00000 0 0 0 62380.81250
 15.4000    378.85864  319.94669  -0.10652  0.11635 -0.11063  0.11670 2.46667  2.96667 319.94531 0.00000 0.00000 0 0 0 62447.71094
 15.4500    362.83463  320.08978  -0.10703  0.11640 -0.11081  0.11673 2.46667  2.96667 320.09043 0.00000 0.00000 0 0 0 62513.82422
 15.5000    346.80350  320.23074  -0.10752  0.11645 -0.11098  0.11677 2.46667  2.96667 320.23338 0.00000 0.00000 0 0 0 62579.19922
 15.5500    330.76532  320.36951  -0.10800  0.11650 -0.11115  0.11681 2.46667  2.96667 320.37416 0.00000 0.00000 0 0 0 62643.80859
 15.6000    314.72025  320.50604  -0.10846  0.11655 -0.11130  0.11684 2.46667  2.96667 320.51279 0.00000 0.00000 0 0 0 62707.64453
 15.6500    298.66840  320.64041  -0.10891  0.11660 -0.11145  0.11688 2.46667  2.96667 320.64928 0.00000 0.00000 0 0 0 62770.71875
 15.7000    282.60980  320.77258  -0.10934  0.11664 -0.11159  0.11692 2.46667  2.96667 320.78361 0.00000 0.00000 0 0 0 62833.02344
 15.7500    266.54468  320.90259  -0.10975  0.11669 -0.11173  0.11697 2.46667  2.96667 320.91580 0.00000 0.00000 0 0 0 62894.55859
 15.8000    250.47304  321.03036  -0.11015  0.11673 -0.11185  0.11701 2.46667  2.96667 321.04584 0.00000 0.00000 0 0 0 62955.30078
 15.8500    234.39505  321.15604  -0.11053  0.11678 -0.11197  0.11706 2.46667  2.96667 321.17373 0.00000 0.00000 0 0 0 63015.30078
 15.9000    218.31081  321.27942  -0.11089  0.11682 -0.11207  0.11712 2.46667  2.96667 321.29946 0.00000 0.00000 0 0 0 63074.47656
 15.9500    202.22044  321.40060  -0.11123  0.11687 -0.11217  0.11717 2.46667  2.96667 321.42302 0.00000 0.00000 0 0 0 63132.86328
 16.0000    186.09686  321.55609  -0.11155  0.11695 -0.11220  0.11721 2.46667  2.96667 321.54439 0.00000 0.00000 0 0 0 63204.88281
 16.0500    169.99272  321.67291  -0.11185  0.11700 -0.11226  0.11727 2.46667  2.96667 321.66354 0.00000 0.00000 0 0 0 63261.70703
 16.1000    153.88280  321.78741  -0.11213  0.11705 -0.11231  0.11735 2.46667  2.96667 321.78043 0.00000 0.00000 0 0 0 63317.68359
 16.1500    137.76717  321.89951  -0.11237  0.11711 -0.11234  0.11743 2.46667  2.96667 321.89500 0.00000 0.00000 0 0 0 63372.77344
 16.2000    121.64600  322.00922  -0.11259  0.11716 -0.11234  0.11753 2.46667  2.96667 322.00718 0.00000 0.00000 0 0 0 63426.98438
 16.2500    105.51939  322.11639  -0.11278  0.11722 -0.11231  0.11766 2.46667  2.96667 322.11686 0.00000 0.00000 0 0 0 63480.24609
 16.3000    89.38746  322.22095  -0.11293  0.11729 -0.11224  0.11781 2.46667  2.96667 322.22403 0.00000 0.00000 0 0 0 63532.52734
 16.3500    73.25037  322.32291  -0.11304  0.11737 -0.11212  0.11802 2.46667  2.96667 322.32869 0.00000 0.00000 0 0 0 63583.83203
 16.4000    57.10822  322.42236  -0.11311  0.11746 -0.11190  0.11833 2.46667  2.96667 322.43086 0.00000 0.00000 0 0 0 63634.18750
 16.4500    40.96117  322.51932  -0.11315  0.11755 -0.11148  0.11884 2.46667  2.96667 322.53062 0.00000 0.00000 0 0 0 63683.59375
 16.5000    24.80935  322.61386  -0.11316  0.11764 -0.11051  0.11996 2.46667  2.96667 322.62808 0.00000 0.00000 0 0 0 63732.07422
 16.5500    8.65308  322.70621  -0.11315  0.11774 -0.10590  0.12507 2.46667  2.96667 322.72339 0.00000 0.00000 0 0 0 63779.72266
 