0.00000 625.81299     -0.0067733 0.0023766 -0.0000331 -0.2232630     -9.2097379    0.10474  -3.84000  -2.21895  0.00000     0.1200648  -4.5349333    0.05157  0.00000   31.98278  -0.01629   -0.03330  0.24314   0.10442  -0.03712
 0.05000 619.20819     -0.0068172 0.0015163 0.0000114 -0.2242319     -9.2574973    0.10107  -3.79110  -2.19105  0.00000     0.1191652  -4.4549936    0.05084  0.00000   31.81379  -0.01626   -0.03306  0.24260   0.10350  0.30135
 0.10000 612.89990     -0.0069030 0.0006397 0.0000576 -0.2255917     -9.3037096    0.09728  -3.74696  -2.16806  0.00000     0.1183819  -4.3835596    0.05022  0.00000   31.65149  -0.01625   -0.03286  0.24224   0.10277  0.65409
 0.15000 606.88654     -0.0070110 -0.0002495 0.0001051 -0.2270574     -9.3482778    0.09338  -3.70657  -2.14333  0.00000     0.1176839  -4.3139302    0.04960  0.00000   31.49595  -0.01623   -0.03266  0.24201   0.10200  1.01846
 0.20000 601.16638     -0.0071410 -0.0011428 0.0001537 -0.2286115     -9.3911105    0.08936  -3.72940  -2.09072  0.00000     0.1189706  -4.2462682    0.04898  0.00000   31.34723  -0.01598   -0.03246  0.24581   0.10120  1.39183
 0.25000 595.73834     -0.0072926 -0.0020319 0.0002029 -0.2302369     -9.4321218    0.08524  -3.75492  -2.03820  0.00000     0.1203291  -4.1807298    0.04835  0.00000   31.20540  -0.01572   -0.03225  0.24975   0.10036  1.77158
 0.30000 590.60101     -0.0075374 -0.0020565 0.0002432 -0.2319174     -9.4712321    0.08101  -3.75223  -1.99945  0.00000     0.1207649  -4.1470738    0.04814  0.00000   31.07051  -0.01556   -0.03227  0.25174   0.10034  2.15515
 0.35000 585.73309     -0.0091910 0.0145397 0.0000857 -0.2336918     -9.5084892    0.07667  -3.66424  -1.97641  0.00000     0.1184225  -4.2150479    0.04956  0.00000   30.94210  -0.01550   -0.03307  0.24788   0.10374  2.54842
 0.40000 581.11163     -0.0109511 0.0358917 -0.0001286 -0.2357886     -9.5439127    0.07222  -3.56801  -1.93437  0.00000     0.1157707  -4.1911215    0.04956  0.00000   30.81963  -0.01530   -0.03314  0.24329   0.10416  2.98487
 0.45000 576.71918     -0.0146032 0.0613666 -0.0003834 -0.2385139     -9.5773871    0.06765  -3.47729  -2.50580  0.00000     0.1132568  -5.0075589    0.05931  0.00000   30.70272  -0.01997   -0.03990  0.23891   0.12510  3.50963
 0.50000 581.61182     -0.0177243 0.0883305 -0.0006412 -0.2435078     -9.6076018    0.06258  -3.51253  -1.94460  0.00000     0.1137463  -5.0431142    0.05997  0.00000   30.88037  -0.01536   -0.03984  0.23930   0.12617  4.13975
 0.55000 691.82788     -0.0165420 0.0867962 -0.0004977 -0.2695710     -9.6234653    0.05507  -8.84209  -2.46842  0.00000     1.8590506  -6.0640928    0.06553  0.00000   33.62292  -0.01638   -0.04024  0.23932   0.12605  4.57686
 0.60000 811.94257     -0.0136253 0.0603052 -0.0001200 -0.2968555     -9.6358616    0.04904  -10.21387  -3.82923  0.00000     1.7401930  -7.0840874    0.07058  0.00000   36.42166  -0.02163   -0.04002  0.24276   0.12515  5.12937
 0.65000 941.95831     -0.0124461 0.0288851 0.0002712 -0.3255655     -9.6452511    0.04422  -11.84521  -4.95853  0.00000     1.6427638  -6.7166189    0.06463  0.00000   39.22676  -0.02412   -0.03268  0.25043   0.10626  5.75319
 0.70000 1081.74634     -0.0128214 -0.0025503 0.0006397 -0.3557826     -9.6519694    0.04037  -13.57139  -5.25279  0.00000     1.5604898  -7.6926969    0.06955  0.00000   42.03449  -0.02223   -0.03256  0.25727   0.10657  6.37599
 0.75000 1231.21558     -0.0157153 -0.0380655 0.0009902 -0.3863503     -9.6562835    0.03729  -15.28573  -5.84343  0.00000     1.4901930  -8.7776676    0.06985  0.00000   44.84269  -0.02171   -0.03261  0.26282   0.10020  6.91174
 0.80000 1390.08838     -0.0216219 -0.0778338 0.0013079 -0.4153220     -9.6586032    0.03481  -16.90477  -7.66263  0.00000     1.4303645  -9.9527175    0.07447  0.00000   47.64647  -0.02519   -0.03272  0.26804   0.10041  7.25789
 0.85000 1558.32788     -0.0235088 -0.0875465 0.0013527 -0.4407745     -9.6596302    0.03276  -18.13540  -8.82146  0.00000     1.3756923  -11.1907593    0.07894  0.00000   50.44585  -0.02585   -0.03279  0.26841   0.10039  7.30394
 0.90000 1736.51624     -0.0196558 -0.0555639 0.0010855 -0.4620821     -9.6607272    0.03092  -19.16579  -8.62605  0.00000     1.3286978  -12.4925262    0.08326  0.00000   53.25040  -0.02266   -0.03282  0.26958   0.10019  7.04822
 0.95000 1925.14172     -0.0153730 -0.0131047 0.0007537 -0.4804667     -9.6627084    0.02916  -19.96975  -9.24625  0.00000     1.2853775  -13.8719701    0.09153  0.00000   56.06652  -0.02189   -0.03284  0.26813   0.10447  6.61460
 1.00000 2124.12866     -0.0153302 0.0055658 0.0005829 -0.4978789     -9.6656841    0.02746  -20.90668  -10.31350  0.00000     1.2487572  -15.3437391    0.09639  0.00000   58.89165  -0.02211   -0.03289  0.26856   0.10461  6.15421
 1.05000 2333.35498     -0.0152451 0.0018741 0.0005578 -0.5160136     -9.6691601    0.02586  -22.11882  -11.53410  0.00000     1.2191899  -16.8787441    0.10039  0.00000   61.72300  -0.02249   -0.03291  0.27162   0.10382  5.73320
 1.10000 2552.87695     -0.0150630 -0.0049267 0.0005501 -0.5344131     -9.6728533    0.02437  -23.48160  -12.87199  0.00000     1.1940782  -18.4740378    0.10374  0.00000   64.56050  -0.02292   -0.03289  0.27496   0.10244  5.33576
 1.15000 2782.75684     -0.0149122 -0.0081325 0.0005195 -0.5522954     -9.6767316    0.02299  -24.88474  -14.25660  0.00000     1.1716757  -20.1447624    0.10554  0.00000   67.40412  -0.02326   -0.03287  0.27734   0.09970  4.93278
 1.20000 3023.03052     -0.0150180 -0.0091638 0.0004777 -0.5693897     -9.6808264    0.02169  -26.12568  -15.43766  0.00000     1.1490158  -21.9128433    0.10892  0.00000   70.25356  -0.02317   -0.03288  0.27655   0.09860  4.50833
 1.25000 3273.70850     -0.0153088 -0.0083045 0.0004238 -0.5855712     -9.6851701    0.02046  -27.38620  -16.64922  0.00000     1.1286933  -23.7616518    0.11322  0.00000   73.10829  -0.02305   -0.03290  0.27551   0.09836  4.05793
 1.30000 3534.81006     -0.0158012 -0.0085979 0.0003793 -0.6008251     -9.6897670    0.01929  -26.36723  -14.43313  0.00000     1.0801587  -25.7513345    0.11825  0.00000   75.96793  -0.01849   -0.03299  0.24899   0.09874  3.58403
 1.35000 3806.37134     -0.0159201 -0.0015603 0.0003005 -0.6151658     -9.6946261    0.01818  -24.89462  -11.35613  0.00000     1.0296072  -27.8849027    0.12408  0.00000   78.83234  -0.01350   -0.03314  0.22110   0.09973  3.09028
 1.40000 4088.39990     -0.0166333 0.0076684 0.0002145 -0.6292214     -9.6998099    0.01711  -25.73360  -11.68832  0.00000     1.0106512  -30.3078109    0.13179  0.00000   81.70116  -0.01292   -0.03351  0.21821   0.10207  2.61282
 1.45000 4380.85400     -0.0172746 0.0126296 0.0001544 -0.6439296     -9.7052165    0.01608  -27.23225  -12.86522  0.00000     0.9999743  -32.7784848    0.13806  0.00000   84.57353  -0.01326   -0.03379  0.22041   0.10317  2.19892
 1.50000 4683.75293     -0.0178136 0.0134765 0.0001215 -0.6599237     -9.7106766    0.01510  -28.42524  -13.35622  0.00000     0.9854189  -35.2736324    0.14339  0.00000   87.44934  -0.01287   -0.03398  0.21852   0.10351  1.87396
 1.55000 4997.14014     -0.0183331 0.0123581 0.0001061 -0.6774238     -9.7160337    0.01417  -29.36564  -13.33312  0.00000     0.9679179  -37.8264117    0.14847  0.00000   90.32864  -0.01203   -0.03412  0.21370   0.10363  1.63992
 1.60000 5321.00342     -0.0189644 0.0114042 0.0000971 -0.6964205     -9.7211889    0.01331  -30.80731  -13.97769  0.00000     0.9559337  -40.4634869    0.15358  0.00000   93.21101  -0.01183   -0.03425  0.21203   0.10376  1.48791
 1.65000 5655.30859     -0.0197101 0.0108557 0.0000934 -0.7168930     -9.7260789    0.01250  -32.72301  -15.21989  0.00000     0.9487807  -43.2033035    0.15883  0.00000   96.09589  -0.01211   -0.03437  0.21284   0.10396  1.40960
 1.70000 6000.01221     -0.0205509 0.0104233 0.0000954 -0.7388509     -9.7306542    0.01176  -35.08440  -16.96421  0.00000     0.9458166  -46.0434855    0.16416  0.00000   98.98271  -0.01271   -0.03449  0.21556   0.10419  1.39900
 1.75000 6355.06152     -0.0214714 0.0098417 0.0001040 -0.7623021     -9.7348726    0.01107  -37.85872  -19.09973  0.00000     0.9464217  -48.9816929    0.16955  0.00000   101.87092  -0.01350   -0.03461  0.21969   0.10442  1.45071
 1.80000 6720.40039     -0.0224642 0.0090126 0.0001188 -0.7872141     -9.7386990    0.01045  -41.00327  -21.50508  0.00000     0.9499614  -52.0233743    0.17500  0.00000   104.75997  -0.01436   -0.03473  0.22479   0.10468  1.55820
 1.85000 7095.96045     -0.0235249 0.0079674 0.0001389 -0.8134921     -9.7421074    0.00988  -44.46467  -24.05839  0.00000     0.9557875  -55.1832069    0.18057  0.00000   107.64929  -0.01520   -0.03486  0.23043   0.10499  1.71320
 1.90000 7481.66016     -0.0246468 0.0067972 0.0001630 -0.8409799     -9.7450827    0.00937  -48.18341  -26.65308  0.00000     0.9632790  -58.4831503    0.18635  0.00000   110.53828  -0.01595   -0.03501  0.23626   0.10539  1.90587
 1.95000 7877.42188     -0.0258302 0.0054648 0.0001914 -0.8694729     -9.7476201    0.00892  -51.57770  -28.86778  0.00000     0.9672819  -61.9379621    0.19251  0.00000   113.42643  -0.01640   -0.03518  0.23944   0.10597  2.12556
 2.00000 8283.19336     -0.0270750 0.0041246 0.0002220 -0.8987028     -9.7497209    0.00852  -54.63025  -30.82985  0.00000     0.9680181  -65.5211109    0.19899  0.00000   116.31344  -0.01664   -0.03536  0.24034   0.10669  2.36025
 2.05000 8698.90234     -0.0283521 0.0031149 0.0002518 -0.9283951     -9.7514097    0.00818  -57.69357  -32.82214  0.00000     0.9687824  -69.1899875    0.20556  0.00000   119.19890  -0.01685   -0.03552  0.24088   0.10741  2.59893
 2.10000 9124.49316     -0.0296135 0.0024458 0.0002798 -0.9583564     -9.7527363    0.00787  -60.73658  -34.81351  0.00000     0.9693815  -72.7207656    0.21113  0.00000   122.08257  -0.01702   -0.03556  0.24100   0.10759  2.83450
 2.15000 9559.93359     -0.0308196 0.0020126 0.0003059 -0.9884908     -9.7537676    0.00761  -63.98801  -37.46901  0.00000     0.9716843  -76.2948276    0.21653  0.00000   124.96438  -0.01747   -0.03557  0.24169   0.10766  3.06389
 2.20000 10005.21094     -0.0319502 0.0017017 0.0003303 -1.0187747     -9.7545762    0.00737  -67.94634  -42.04405  0.00000     0.9794776  -79.9115486    0.22177  0.00000   127.84440  -0.01871   -0.03557  0.24476   0.10765  3.28668
 2.25000 10460.32813     -0.0330036 0.0014397 0.0003533 -1.0492167     -9.7552293    0.00716  -72.12920  -46.96414  0.00000     0.9887024  -83.5732121    0.22683  0.00000   130.72276  -0.01998   -0.03555  0.24813   0.10755  3.50355
 2.30000 10925.28027     -0.0339906 0.0012003 0.0003750 -1.0798224     -9.7557807    0.00696  -76.65147  -52.36778  0.00000     1.0001215  -87.2848850    0.23173  0.00000   133.59960  -0.02131   -0.03551  0.25216   0.10738  3.71505
 2.35000 11399.81445     -0.0356352 0.0186695 0.0003535 -1.1118088     -9.7563309    0.00677  -82.03463  -59.64609  0.00000     1.0171227  -91.0437944    0.23654  0.00000   136.47356  -0.02323   -0.03547  0.25834   0.10717  3.96027
 2.40000 11883.72559     -0.0369295 0.0092710 0.0004163 -1.1483680     -9.7567140    0.00660  -86.24467  -63.37918  0.00000     1.0240321  -94.8937514    0.24118  0.00000   139.34371  -0.02366   -0.03543  0.25961   0.10689  4.33578
 2.45000 12376.80469     -0.0384810 -0.0038420 0.0004932 -1.1869724     -9.7566778    0.00647  -90.23135  -66.42889  0.00000     1.0287755  -98.8483638    0.24577  0.00000   142.20910  -0.02379   -0.03540  0.25972   0.10660  4.75725
 2.50000 12878.77051     -0.0401112 -0.0101875 0.0005444 -1.2234385     -9.7562373    0.00638  -94.27914  -69.72133  0.00000     1.0343810  -102.9263630    0.25033  0.00000   145.06845  -0.02397   -0.03539  0.26004   0.10631  5.09839
 2.55000 13389.65918     -0.0414669 -0.0094550 0.0005636 -1.2556028     -9.7555496    0.00630  -98.36597  -73.24736  0.00000     1.0410690  -107.1379863    0.25493  0.00000   147.92217  -0.02420   -0.03540  0.26066   0.10604  5.30116
 2.60000 13909.72754     -0.0424092 -0.0052162 0.0005611 -1.2837021     -9.7547783    0.00624  -102.46814  -76.88264  0.00000     1.0485101  -111.4789140    0.25960  0.00000   150.77199  -0.02443   -0.03542  0.26144   0.10582  5.38008
 2.65000 14439.24414     -0.0430282 -0.0009402 0.0005504 -1.3092426     -9.7540107    0.00617  -106.57589  -80.53611  0.00000     1.0562500  -115.9407675    0.26436  0.00000   153.61965  -0.02463   -0.03546  0.26218   0.10563  5.38396
 2.70000 14978.37695     -0.0434953 0.0015926 0.0005407 -1.3337633     -9.7532537    0.00611  -110.69538  -84.17501  0.00000     1.0639904  -120.5190412    0.26920  0.00000   156.46621  -0.02479   -0.03550  0.26279   0.10548  5.35891
 2.75000 15527.15137     -0.0439436 0.0022631 0.0005349 -1.3581497     -9.7524729    0.00605  -114.84037  -87.81114  0.00000     1.0716456  -125.2129477    0.27412  0.00000   159.31192  -0.02493   -0.03554  0.26323   0.10536  5.33028
 2.80000 16085.52246     -0.0444269 0.0018608 0.0005319 -1.3825641     -9.7516324    0.00600  -119.02375  -91.47268  0.00000     1.0792712  -130.0229100    0.27911  0.00000   162.15663  -0.02504   -0.03559  0.26355   0.10527  5.30256
 2.85000 16653.42188     -0.0449366 0.0012816 0.0005288 -1.4067395     -9.7507138    0.00595  -123.25350  -95.18355  0.00000     1.0869637  -134.9490770    0.28419  0.00000   165.00008  -0.02514   -0.03565  0.26379   0.10521  5.26888
 2.90000 17230.79883     -0.0454403 0.0010523 0.0005237 -1.4303444     -9.7497178    0.00591  -127.53317  -98.95639  0.00000     1.0947939  -139.9912716    0.28934  0.00000   167.84215  -0.02524   -0.03571  0.26399   0.10517  5.22117
 2.95000 17817.66602     -0.0459136 0.0012727 0.0005160 -1.4561643     -9.7486579    0.00587  -131.86456  -102.79497  0.00000     1.1027865  -145.1494134    0.29457  0.00000   170.68290  -0.02533   -0.03577  0.26416   0.10516  5.15612
 3.00000 18414.01758     -0.0463512 0.0017071 0.0005064 -1.4926450     -9.7475514    0.00584  -136.24958  -106.69889  0.00000     1.1109316  -150.4228637    0.29988  0.00000   173.52248  -0.02542   -0.03583  0.26429   0.10518  5.07577
 3.05000 19019.87109     -0.0467628 0.0021094 0.0004958 -1.5289643     -9.7464138    0.00580  -140.69175  -110.66906  0.00000     1.1192114  -155.8107517    0.30526  0.00000   176.36103  -0.02550   -0.03590  0.26441   0.10522  4.98498
 3.10000 19635.22461     -0.0471612 0.0023486 0.0004849 -1.5652803     -9.7452568    0.00577  -145.19583  -114.70840  0.00000     1.1276177  -161.3117109    0.31070  0.00000   179.19863  -0.02558   -0.03597  0.26449   0.10527  4.88845
 3.15000 20260.05469     -0.0475546 0.0024317 0.0004741 -1.6016916     -9.7440894    0.00574  -149.76693  -118.82291  0.00000     1.1361557  -166.9240415    0.31620  0.00000   182.03529  -0.02565   -0.03604  0.26455   0.10533  4.78902
 3.20000 20894.36328     -0.0479458 0.0024400 0.0004632 -1.6382288     -9.7429199    0.00571  -154.40970  -123.01907  0.00000     1.1448386  -172.6463453    0.32175  0.00000   184.87103  -0.02573   -0.03611  0.26460   0.10541  4.68773
 3.25000 21538.11914     -0.0483342 0.0024502 0.0004522 -1.6748832     -9.7417566    0.00568  -159.12726  -127.30228  0.00000     1.1536757  -178.4772830    0.32734  0.00000   187.70585  -0.02580   -0.03618  0.26464   0.10549  4.58474
 3.30000 22191.33398     -0.0487197 0.0024927 0.0004409 -1.7116523     -9.7406080    0.00565  -163.92154  -131.67640  0.00000     1.1626692  -184.4163435    0.33297  0.00000   190.53975  -0.02588   -0.03625  0.26467   0.10559  4.48026
 3.35000 22853.97070     -0.0491039 0.0025550 0.0004294 -1.7485512     -9.7394817    0.00562  -168.79301  -136.14333  0.00000     1.1718112  -190.4630922    0.33864  0.00000   193.37277  -0.02596   -0.03631  0.26470   0.10568  4.37489
 3.40000 23526.01367     -0.0494898 0.0026108 0.0004179 -1.7856112     -9.7383838    0.00559  -173.74172  -140.70410  0.00000     1.1810911  -196.6176517    0.34434  0.00000   196.20491  -0.02604   -0.03638  0.26472   0.10578  4.26941
 3.45000 24207.44336     -0.0498807 0.0026458 0.0004065 -1.8228598     -9.7373190    0.00556  -178.76757  -145.35952  0.00000     1.1904994  -202.8803528    0.35007  0.00000   199.03617  -0.02611   -0.03645  0.26474   0.10589  4.16449
 3.50000 24855.34570     -0.0582882 0.0022681 0.0004015 -1.8581036     -9.7363728    0.00553  -183.56124  -149.83934  0.00000     1.1997148  -208.8774169    0.35559  0.00000   201.65773  -0.02619   -0.03651  0.26474   0.10599  4.06463
 3.55000 25035.85352     -0.0606381 0.0016200 0.0003967 -1.8656194     -9.7361860    0.00552  -181.90058  -151.00546  0.00000     0.9948399  -210.5929829    0.35719  0.00000   202.43435  -0.02620   -0.03654  0.26467   0.10606  3.99940
 3.60000 25217.00586     -0.0628889 0.0011127 0.0003915 -1.8726878     -9.7360617    0.00550  -181.14005  -148.17875  0.00000     0.9876403  -212.3715262    0.35865  0.00000   203.17628  -0.02551   -0.03657  0.26159   0.10607  3.92467
 3.65000 25398.87109     -0.0651317 0.0012410 0.0003838 -1.8790165     -9.7360076    0.00548  -180.02475  -144.65313  0.00000     0.9787737  -214.1559437    0.36006  0.00000   203.91856  -0.02472   -0.03660  0.25803   0.10607  3.83776
 3.70000 25581.44922     -0.0655731 0.0016379 0.0003740 -1.8849781     -9.7360366    0.00546  -178.74943  -140.71268  0.00000     0.9691978  -215.8867978    0.36121  0.00000   204.66122  -0.02387   -0.03662  0.25430   0.10598  3.74528
 3.75000 25764.68945     -0.0655538 0.0018106 0.0003646 -1.8911238     -9.7361491    0.00544  -177.51220  -136.83823  0.00000     0.9598693  -217.5245550    0.36190  0.00000   205.40401  -0.02304   -0.03662  0.25066   0.10577  3.65669
 3.80000 25948.57031     -0.0655503 0.0016212 0.0003567 -1.8977911     -9.7363357    0.00541  -176.46796  -133.34830  0.00000     0.9515272  -219.1279460    0.36250  0.00000   206.14688  -0.02228   -0.03662  0.24735   0.10552  3.57754
 3.85000 26133.06836     -0.0655736 0.0012218 0.0003501 -1.9049897     -9.7365833    0.00538  -175.63296  -130.26576  0.00000     0.9442399  -220.7120827    0.36307  0.00000   206.88973  -0.02161   -0.03661  0.24436   0.10528  3.50784
 3.90000 26318.15039     -0.0656209 0.0008249 0.0003442 -1.9125291     -9.7368813    0.00535  -174.91973  -127.42067  0.00000     0.9375812  -222.2959379    0.36368  0.00000   207.63242  -0.02098   -0.03660  0.24157   0.10504  3.44426
 3.95000 26503.79883     -0.0656842 0.0005490 0.0003383 -1.9202089     -9.7372229    0.00531  -174.22885  -124.62427  0.00000     0.9310736  -223.8904361    0.36438  0.00000   208.37487  -0.02037   -0.03660  0.23885   0.10483  3.38342
 4.00000 26662.67188     -0.0656901 0.0003784 0.0003320 -1.9259556     -9.7376038    0.00528  -173.33304  -121.65615  0.00000     0.9236318  -225.2646965    0.36476  0.00000   209.11703  -0.01976   -0.03659  0.23612   0.10464  3.32367
 4.05000 26849.29883     -0.0657711 0.0002304 0.0003262 -1.9337056     -9.7380200    0.00524  -172.58298  -118.76075  0.00000     0.9169370  -226.8738143    0.36554  0.00000   209.85889  -0.01915   -0.03658  0.23339   0.10447  3.26485
 4.10000 27036.46680     -0.0658597 0.0001294 0.0003203 -1.9415150     -9.7384683    0.00521  -171.81729  -115.83855  0.00000     0.9102143  -228.4929993    0.36638  0.00000   210.60040  -0.01854   -0.03658  0.23066   0.10430  3.20737
 4.15000 27224.16602     -0.0659594 -0.0000033 0.0003147 -1.9494391     -9.7389458    0.00517  -171.06905  -112.95155  0.00000     0.9036193  -230.1161923    0.36723  0.00000   211.34154  -0.01795   -0.03657  0.22799   0.10414  3.15211
 4.20000 27412.38086     -0.0660713 -0.0001758 0.0003095 -1.9575050     -9.7394495    0.00513  -170.35526  -110.13114  0.00000     0.8972302  -231.7426286    0.36810  0.00000   212.08227  -0.01738   -0.03657  0.22540   0.10399  3.09946
 4.25000 27601.09961     -0.0661947 -0.0003620 0.0003045 -1.9657018     -9.7399768    0.00509  -169.67135  -107.36826  0.00000     0.8910238  -233.3742335    0.36900  0.00000   212.82252  -0.01682   -0.03656  0.22288   0.10385  3.04921
 4.30000 27790.30859     -0.0663278 -0.0005375 0.0002997 -1.9740027     -9.7405259    0.00505  -169.00358  -104.63681  0.00000     0.8849350  -235.0128368    0.36991  0.00000   213.56226  -0.01628   -0.03655  0.22041   0.10371  3.00089
 4.35000 27980.00000     -0.0664690 -0.0006952 0.0002950 -1.9823885     -9.7410952    0.00501  -170.01999  -105.08049  0.00000     0.8867467  -236.6591308    0.37086  0.00000   214.30145  -0.01623   -0.03655  0.22017   0.10358  2.95419
 4.40000 28170.15820     -0.0666172 -0.0008413 0.0002904 -1.9908531     -9.7416836    0.00496  -171.07315  -105.58706  0.00000     0.8887168  -238.3128649    0.37182  0.00000   215.04007  -0.01619   -0.03654  0.21997   0.10346  2.90898
 4.45000 28360.77539     -0.0667722 -0.0009851 0.0002860 -1.9993995     -9.7422898    0.00492  -172.13151  -106.09638  0.00000     0.8906975  -239.9737409    0.37281  0.00000   215.77807  -0.01615   -0.03654  0.21978   0.10334  2.86531
 4.50000 28551.85352     -0.0669339 -0.0011313 0.0002817 -2.0080307     -9.7429123    0.00488  -173.19574  -106.60905  0.00000     0.8926920  -241.6418913    0.37381  0.00000   216.51544  -0.01612   -0.03654  0.21959   0.10324  2.82316
 4.55000 28743.13086     -0.0674288 0.0009074 0.0002749 -2.0173777     -9.7435657    0.00483  -174.37250  -107.49370  0.00000     0.8951784  -243.5847107    0.37578  0.00000   217.25123  -0.01614   -0.03657  0.21953   0.10339  2.79218
 4.60000 28934.65625     -0.0676591 -0.0007051 0.0002773 -2.0287061     -9.7442319    0.00479  -175.55648  -108.11731  0.00000     0.8976368  -245.2398222    0.37670  0.00000   217.98565  -0.01612   -0.03657  0.21947   0.10326  2.79089
 4.65000 29126.50195     -0.0679578 -0.0021979 0.0002806 -2.0405761     -9.7448704    0.00475  -176.79040  -108.79208  0.00000     0.9002984  -246.9255671    0.37770  0.00000   218.71897  -0.01611   -0.03656  0.21947   0.10316  2.79736
 4.70000 29318.59961     -0.0682942 -0.0025311 0.0002805 -2.0514207     -9.7454737    0.00470  -178.01964  -109.50288  0.00000     0.9029523  -248.6905432    0.37897  0.00000   219.45090  -0.01610   -0.03657  0.21946   0.10312  2.78854
 4.75000 29510.93359     -0.0685970 -0.0021265 0.0002769 -2.0609018     -9.7460568    0.00466  -179.21499  -110.19599  0.00000     0.9054738  -250.4851139    0.38033  0.00000   220.18146  -0.01609   -0.03658  0.21942   0.10312  2.75983
 4.80000 29703.58008     -0.0688455 -0.0016546 0.0002720 -2.0695612     -9.7466390    0.00462  -180.37551  -110.84556  0.00000     0.9078453  -252.2610720    0.38162  0.00000   220.91086  -0.01608   -0.03659  0.21934   0.10309  2.71942
 4.85000 29896.58008     -0.0690563 -0.0014570 0.0002671 -2.0780809     -9.7472329    0.00458  -181.50939  -111.44877  0.00000     0.9100879  -254.0038754    0.38278  0.00000   221.63933  -0.01606   -0.03659  0.21922   0.10303  2.67730
 4.90000 30089.96094     -0.0692522 -0.0015332 0.0002631 -2.0868659     -9.7478424    0.00454  -182.62353  -112.01162  0.00000     0.9122237  -255.7244581    0.38387  0.00000   222.36695  -0.01603   -0.03659  0.21908   0.10295  2.63926
 4.95000 30283.72656     -0.0694470 -0.0017417 0.0002598 -2.0960069     -9.7484666    0.00450  -183.72175  -112.54110  0.00000     0.9142690  -257.4397802    0.38494  0.00000   223.09375  -0.01600   -0.03659  0.21891   0.10286  2.60647
 5.00000 30474.66016     -0.0696374 -0.0019590 0.0002569 -2.1052029     -9.7491029    0.00446  -184.78754  -113.03167  0.00000     0.9161530  -259.1339080    0.38597  0.00000   223.81969  -0.01596   -0.03659  0.21872   0.10278  2.57775
 5.05000 30669.77344     -0.0698406 -0.0021363 0.0002542 -2.1148319     -9.7497491    0.00441  -185.86789  -113.51845  0.00000     0.9180893  -260.8706869    0.38708  0.00000   224.54474  -0.01592   -0.03659  0.21852   0.10271  2.55150
 5.10000 30865.22852     -0.0700432 -0.0022870 0.0002517 -2.1245554     -9.7504029    0.00437  -186.94456  -113.99151  0.00000     0.9199982  -262.6165744    0.38821  0.00000   225.26887  -0.01588   -0.03659  0.21832   0.10264  2.52668
 5.15000 31061.01367     -0.0702470 -0.0024205 0.0002492 -2.1343283     -9.7510624    0.00433  -188.02308  -114.45992  0.00000     0.9219057  -264.3714526    0.38934  0.00000   225.99209  -0.01584   -0.03659  0.21811   0.10257  2.50263
 5.20000 31257.13281     -0.0704530 -0.0025474 0.0002467 -2.1441254     -9.7517257    0.00429  -189.10798  -114.93035  0.00000     0.9238323  -266.1352062    0.39049  0.00000   226.71436  -0.01580   -0.03659  0.21791   0.10251  2.47900
 5.25000 31453.57031     -0.0706622 -0.0026735 0.0002442 -2.1539283     -9.7523913    0.00424  -190.20297  -115.40825  0.00000     0.9257947  -267.9078999    0.39166  0.00000   227.43569  -0.01576   -0.03659  0.21772   0.10246  2.45554
 5.30000 31650.33008     -0.0708753 -0.0027994 0.0002417 -2.1637211     -9.7530582    0.00420  -191.31117  -115.89824  0.00000     0.9278067  -269.6898877    0.39283  0.00000   228.15604  -0.01573   -0.03660  0.21755   0.10240  2.43203
 5.35000 31847.40039     -0.0710932 -0.0029239 0.0002392 -2.1734874     -9.7537256    0.00416  -192.43485  -116.40397  0.00000     0.9298782  -271.4812612    0.39401  0.00000   228.87542  -0.01569   -0.03660  0.21739   0.10235  2.40825
 5.40000 32044.77148     -0.0713161 -0.0030459 0.0002367 -2.1832127     -9.7543932    0.00411  -193.57557  -116.92815  0.00000     0.9320157  -273.2819067    0.39521  0.00000   229.59379  -0.01566   -0.03660  0.21725   0.10230  2.38404
 5.45000 32242.45117     -0.0715444 -0.0031647 0.0002341 -2.1928868     -9.7550607    0.00407  -194.73440  -117.47268  0.00000     0.9342237  -275.0916707    0.39641  0.00000   230.31115  -0.01563   -0.03661  0.21713   0.10226  2.35926
 5.50000 32440.42578     -0.0717781 -0.0032806 0.0002314 -2.2025023     -9.7557285    0.00403  -195.91175  -118.03863  0.00000     0.9365033  -276.9101036    0.39762  0.00000   231.02747  -0.01561   -0.03661  0.21703   0.10222  2.33382
 5.55000 32638.67773     -0.0720172 -0.0033941 0.0002286 -2.2120549     -9.7563968    0.00398  -197.10755  -118.62642  0.00000     0.9388540  -278.7366774    0.39884  0.00000   231.74275  -0.01558   -0.03662  0.21695   0.10218  2.30771
 5.60000 32837.22656     -0.0722619 -0.0035055 0.0002257 -2.2215463     -9.7570659    0.00394  -198.32163  -119.23606  0.00000     0.9412742  -280.5711775    0.40006  0.00000   232.45696  -0.01556   -0.03662  0.21689   0.10214  2.28094
 5.65000 33036.04297     -0.0725119 -0.0036177 0.0002228 -2.2309772     -9.7577362    0.00390  -199.55325  -119.86695  0.00000     0.9437603  -282.4129908    0.40129  0.00000   233.17010  -0.01555   -0.03663  0.21684   0.10210  2.25355
 5.70000 33235.14063     -0.0727672 -0.0037343 0.0002198 -2.2403530     -9.7584083    0.00386  -200.80172  -120.51833  0.00000     0.9463086  -284.2619007    0.40252  0.00000   233.88215  -0.01553   -0.03664  0.21681   0.10207  2.22562
 5.75000 33434.50000     -0.0730278 -0.0038497 0.0002168 -2.2496782     -9.7590824    0.00381  -202.06603  -121.18912  0.00000     0.9489142  -286.1174411    0.40376  0.00000   234.59309  -0.01552   -0.03665  0.21680   0.10204  2.19723
 5.80000 33634.12891     -0.0732934 -0.0039643 0.0002137 -2.2589603     -9.7597588    0.00377  -203.34526  -121.87815  0.00000     0.9515727  -287.9794180    0.40500  0.00000   235.30291  -0.01551   -0.03665  0.21679   0.10200  2.16847
 5.85000 33834.01172     -0.0735640 -0.0040781 0.0002106 -2.2682054     -9.7604379    0.00373  -204.63833  -122.58412  0.00000     0.9542789  -289.8474768    0.40624  0.00000   236.01159  -0.01550   -0.03666  0.21680   0.10197  2.13944
 5.90000 34034.14453     -0.0738394 -0.0041913 0.0002074 -2.2774212     -9.7611197    0.00368  -205.94423  -123.30573  0.00000     0.9570281  -291.7214021    0.40748  0.00000   236.71913  -0.01550   -0.03667  0.21682   0.10194  2.11025
 5.95000 34234.53125     -0.0741195 -0.0043038 0.0002043 -2.2866153     -9.7618043    0.00364  -207.26204  -124.04173  0.00000     0.9598159  -293.6010823    0.40872  0.00000   237.42550  -0.01550   -0.03668  0.21685   0.10191  2.08098
 6.00000 34422.16406     -0.0743753 -0.0044086 0.0002011 -2.2945216     -9.7624918    0.00360  -208.51203  -124.74292  0.00000     0.9623072  -295.3749751    0.40982  0.00000   238.13069  -0.01549   -0.03669  0.21689   0.10189  2.05174
 6.05000 34622.77734     -0.0746559 -0.0044991 0.0001979 -2.3022034     -9.7631817    0.00355  -209.84539  -125.49065  0.00000     0.9651374  -297.2640469    0.41106  0.00000   238.83472  -0.01549   -0.03669  0.21693   0.10186  2.02268
 6.10000 34823.58594     -0.0750147 -0.0046806 0.0001950 -2.3099228     -9.7638729    0.00351  -210.90267  -125.75696  0.00000     0.9668033  -299.2242724    0.41248  0.00000   239.53740  -0.01543   -0.03671  0.21669   0.10187  1.99398
 6.15000 35024.46875     -0.0754401 -0.0050742 0.0001929 -2.3175370     -9.7645634    0.00347  -210.82045  -123.94761  0.00000     0.9637251  -301.3071468    0.41416  0.00000   240.23842  -0.01511   -0.03674  0.21527   0.10195  1.96395
 6.20000 35225.45313     -0.0758629 -0.0052768 0.0001901 -2.3247534     -9.7652553    0.00342  -210.46364  -121.64047  0.00000     0.9595396  -303.4144908    0.41587  0.00000   240.93778  -0.01474   -0.03678  0.21360   0.10204  1.92894
 6.25000 35426.55469     -0.0762869 -0.0053719 0.0001867 -2.3315114     -9.7659532    0.00338  -209.78607  -118.75840  0.00000     0.9540662  -305.5497253    0.41764  0.00000   241.63556  -0.01431   -0.03681  0.21162   0.10214  1.88818
 6.30000 35627.78516     -0.0767160 -0.0054471 0.0001828 -2.3379201     -9.7666602    0.00333  -208.84404  -115.40780  0.00000     0.9475458  -307.7076128    0.41944  0.00000   242.33182  -0.01382   -0.03685  0.20940   0.10225  1.84298
 6.35000 35829.14844     -0.0771519 -0.0055416 0.0001787 -2.3441318     -9.7673779    0.00329  -207.72402  -111.74790  0.00000     0.9403403  -309.8805653    0.42127  0.00000   243.02656  -0.01330   -0.03689  0.20703   0.10237  1.79523
 6.40000 36030.63281     -0.0775948 -0.0056615 0.0001746 -2.3502773     -9.7681066    0.00324  -206.50454  -107.92241  0.00000     0.9327751  -312.0618229    0.42311  0.00000   243.71979  -0.01277   -0.03693  0.20459   0.10249  1.74655
 6.45000 36232.24219     -0.0780441 -0.0058002 0.0001705 -2.3564527     -9.7688455    0.00319  -205.24586  -104.04118  0.00000     0.9250979  -314.2465244    0.42494  0.00000   244.41149  -0.01224   -0.03697  0.20213   0.10260  1.69813
 6.50000 36433.95313     -0.0784990 -0.0059497 0.0001665 -2.3627220     -9.7695937    0.00315  -203.99154  -100.18352  0.00000     0.9174862  -316.4310932    0.42677  0.00000   245.10164  -0.01172   -0.03701  0.19971   0.10272  1.65076
 6.55000 36635.77344     -0.0789587 -0.0061040 0.0001627 -2.3691296     -9.7703496    0.00310  -202.77321  -96.40653  0.00000     0.9100671  -318.6132979    0.42858  0.00000   245.79021  -0.01121   -0.03705  0.19734   0.10283  1.60501
 6.60000 36837.68359     -0.0794222 -0.0062594 0.0001591 -2.3757038     -9.7711118    0.00305  -201.61400  -92.75168  0.00000     0.9029322  -320.7913916    0.43038  0.00000   246.47717  -0.01072   -0.03708  0.19507   0.10293  1.56123
 6.65000 37039.67188     -0.0798886 -0.0064137 0.0001557 -2.3824634     -9.7718786    0.00300  -200.53100  -89.24922  0.00000     0.8961480  -322.9641966    0.43217  0.00000   247.16251  -0.01026   -0.03712  0.19289   0.10304  1.51968
 6.70000 37241.73438     -0.0803571 -0.0065655 0.0001525 -2.3894204     -9.7726484    0.00295  -199.53668  -85.92063  0.00000     0.8897616  -325.1309766    0.43393  0.00000   247.84619  -0.00982   -0.03715  0.19081   0.10313  1.48049
 6.75000 37443.85156     -0.0808269 -0.0067138 0.0001495 -2.3965801     -9.7734196    0.00290  -198.63955  -82.78021  0.00000     0.8838037  -327.2911549    0.43567  0.00000   248.52819  -0.00941   -0.03719  0.18886   0.10323  1.44377
 6.80000 37646.03516     -0.0812974 -0.0068584 0.0001467 -2.4039447     -9.7741905    0.00285  -197.84499  -79.83620  0.00000     0.8782922  -329.4446730    0.43740  0.00000   249.20850  -0.00902   -0.03722  0.18702   0.10331  1.40953
 6.85000 37848.25391     -0.0817680 -0.0069987 0.0001442 -2.4115101     -9.7749597    0.00280  -197.15523  -77.09151  0.00000     0.8732326  -331.5913041    0.43910  0.00000   249.88708  -0.00866   -0.03725  0.18529   0.10340  1.37775
 6.90000 38050.50391     -0.0822381 -0.0071348 0.0001418 -2.4192704     -9.7757257    0.00275  -196.57016  -74.54457  0.00000     0.8686207  -333.7312355    0.44078  0.00000   250.56393  -0.00833   -0.03728  0.18369   0.10347  1.34836
 6.95000 38252.78516     -0.0827075 -0.0072665 0.0001397 -2.4272173     -9.7764872    0.00270  -196.08747  -72.18996  0.00000     0.8644439  -335.8648370    0.44244  0.00000   251.23902  -0.00802   -0.03731  0.18219   0.10355  1.32125
 7.00000 38448.45703     -0.0831609 -0.0073892 0.0001377 -2.4349197     -9.7772429    0.00265  -195.66919  -70.00607  0.00000     0.8605479  -337.9342337    0.44401  0.00000   251.91234  -0.00773   -0.03733  0.18081   0.10362  1.29631
 7.05000 38650.71875     -0.0836233 -0.0074987 0.0001359 -2.4432091     -9.7779916    0.00260  -195.37806  -68.00440  0.00000     0.8571791  -340.0555882    0.44564  0.00000   252.58389  -0.00747   -0.03736  0.17952   0.10368  1.27347
 7.10000 38852.98828     -0.0840884 -0.0076203 0.0001343 -2.4516681     -9.7787318    0.00255  -195.18204  -66.18360  0.00000     0.8542067  -342.1710398    0.44725  0.00000   253.25365  -0.00723   -0.03738  0.17833   0.10374  1.25274
 7.15000 39055.26172     -0.0845510 -0.0077387 0.0001329 -2.4602803     -9.7794628    0.00250  -195.07113  -64.51846  0.00000     0.8515884  -344.2813563    0.44884  0.00000   253.92158  -0.00701   -0.03741  0.17723   0.10380  1.23391
 7.20000 39257.51953     -0.0850107 -0.0078524 0.0001316 -2.4690253     -9.7801841    0.00245  -195.03575  -62.99057  0.00000     0.8492843  -346.3873340    0.45041  0.00000   254.58769  -0.00681   -0.03743  0.17621   0.10385  1.21674
 7.25000 39459.75781     -0.0854683 -0.0079628 0.0001304 -2.4778848     -9.7808949    0.00240  -195.06664  -61.58360  0.00000     0.8472558  -348.4898650    0.45198  0.00000   255.25197  -0.00662   -0.03745  0.17527   0.10390  1.20102
 7.30000 39661.97656     -0.0859246 -0.0080706 0.0001294 -2.4868409     -9.7815947    0.00235  -195.15386  -60.28021  0.00000     0.8454623  -350.5898705    0.45353  0.00000   255.91441  -0.00644   -0.03747  0.17438   0.10395  1.18652
 7.35000 39864.16797     -0.0863800 -0.0081762 0.0001284 -2.4958752     -9.7822830    0.00230  -195.28664  -59.06164  0.00000     0.8438603  -352.6882089    0.45507  0.00000   256.57500  -0.00628   -0.03749  0.17354   0.10399  1.17300
 7.40000 40066.33203     -0.0868352 -0.0082796 0.0001275 -2.5049707     -9.7829593    0.00225  -195.45400  -57.90868  0.00000     0.8424059  -354.7857844    0.45661  0.00000   257.23372  -0.00612   -0.03751  0.17273   0.10404  1.16027
 7.45000 40268.45313     -0.0872906 -0.0083810 0.0001266 -2.5141104     -9.7836234    0.00220  -195.64520  -56.80272  0.00000     0.8410568  -356.8833001    0.45813  0.00000   257.89058  -0.00597   -0.03753  0.17196   0.10408  1.14810
 7.50000 40470.52734     -0.0877464 -0.0084807 0.0001258 -2.5232801     -9.7842750    0.00215  -195.85038  -55.72667  0.00000     0.8397741  -358.9814710    0.45966  0.00000   258.54555  -0.00583   -0.03755  0.17121   0.10412  1.13632
 7.55000 40672.53906     -0.0882030 -0.0085789 0.0001250 -2.5324670     -9.7849140    0.00210  -196.06072  -54.66545  0.00000     0.8385237  -361.0807986    0.46118  0.00000   259.19863  -0.00569   -0.03757  0.17047   0.10416  1.12479
 7.60000 40874.48828     -0.0886607 -0.0086759 0.0001242 -2.5416614     -9.7855403    0.00205  -196.26881  -53.60633  0.00000     0.8372769  -363.1818070    0.46270  0.00000   259.84981  -0.00555   -0.03759  0.16973   0.10420  1.11337
 7.65000 41076.36719     -0.0891197 -0.0087719 0.0001234 -2.5508555     -9.7861539    0.00200  -196.46856  -52.53902  0.00000     0.8360105  -365.2848339    0.46422  0.00000   260.49907  -0.00541   -0.03761  0.16900   0.10424  1.10197
 7.70000 41278.18359     -0.0895800 -0.0088673 0.0001226 -2.5600444     -9.7867548    0.00195  -196.65541  -51.45573  0.00000     0.8347073  -367.3902436    0.46574  0.00000   261.14642  -0.00527   -0.03763  0.16826   0.10428  1.09051
 7.75000 41479.90625     -0.0900417 -0.0089623 0.0001218 -2.5692229     -9.7873431    0.00190  -196.82596  -50.35098  0.00000     0.8333545  -369.4979479    0.46726  0.00000   261.79183  -0.00513   -0.03765  0.16752   0.10433  1.07896
 7.80000 41681.55078     -0.0905050 -0.0090570 0.0001210 -2.5783905     -9.7879186    0.00185  -196.97832  -49.22159  0.00000     0.8319455  -371.6081813    0.46877  0.00000   262.43531  -0.00499   -0.03767  0.16676   0.10437  1.06728
 7.85000 41883.09766     -0.0909697 -0.0091515 0.0001202 -2.5875457     -9.7884815    0.00181  -197.11161  -48.06628  0.00000     0.8304773  -373.7207828    0.47029  0.00000   263.07683  -0.00485   -0.03769  0.16600   0.10441  1.05548
 7.90000 42084.55859     -0.0914358 -0.0092461 0.0001194 -2.5966906     -9.7890317    0.00176  -197.22614  -46.88556  0.00000     0.8289514  -375.8358009    0.47181  0.00000   263.71639  -0.00470   -0.03771  0.16523   0.10445  1.04356
 7.95000 42285.89844     -0.0919031 -0.0093407 0.0001185 -2.6058252     -9.7895693    0.00171  -197.32281  -45.68126  0.00000     0.8273718  -377.9528103    0.47333  0.00000   264.35399  -0.00456   -0.03773  0.16445   0.10449  1.03156
 8.00000 42481.76172     -0.0923595 -0.0094314 0.0001177 -2.6146227     -9.7900943    0.00166  -197.37851  -44.45022  0.00000     0.8256514  -380.0237496    0.47479  0.00000   264.98961  -0.00442   -0.03775  0.16367   0.10453  1.01950
 8.05000 42682.87891     -0.0928258 -0.0095143 0.0001168 -2.6237535     -9.7906065    0.00161  -197.44706  -43.20776  0.00000     0.8239936  -382.1440438    0.47630  0.00000   265.62326  -0.00427   -0.03777  0.16289   0.10458  1.00751
 8.10000 42883.87891     -0.0932949 -0.0096104 0.0001160 -2.6329025     -9.7911058    0.00157  -197.80897  -42.46986  0.00000     0.8234514  -384.2647949    0.47782  0.00000   266.25492  -0.00418   -0.03779  0.16235   0.10462  0.99578
 8.15000 43084.75781     -0.0947190 -0.0101414 0.0001157 -2.6420720     -9.7915921    0.00152  -198.68349  -42.59931  0.00000     0.8248382  -386.3858422    0.47933  0.00000   266.88458  -0.00417   -0.03780  0.16224   0.10466  0.98436
 8.20000 43285.48438     -0.1050900 -0.0147175 0.0001201 -2.6512586     -9.7920653    0.00147  -199.55305  -42.72007  0.00000     0.8262058  -388.5069635    0.48083  0.00000   267.51224  -0.00416   -0.03782  0.16212   0.10470  0.97323
 8.25000 43486.08594     -0.1155147 -0.0192912 0.0001244 -2.6604635     -9.7925255    0.00143  -200.41962  -42.83590  0.00000     0.8275617  -390.6284434    0.48233  0.00000   268.13788  -0.00415   -0.03784  0.16201   0.10474  0.96236
 8.30000 43686.54297     -0.1259931 -0.0238633 0.0001286 -2.6696845     -9.7929726    0.00138  -201.28444  -42.94954  0.00000     0.8289107  -392.7501507    0.48383  0.00000   268.76151  -0.00414   -0.03786  0.16189   0.10478  0.95176
 8.35000 43886.85156     -0.1365253 -0.0284340 0.0001328 -2.6789200     -9.7934063    0.00133  -202.14844  -43.06293  0.00000     0.8302564  -394.8721226    0.48533  0.00000   269.38312  -0.00413   -0.03788  0.16177   0.10481  0.94140
 8.40000 44086.99609     -0.1471108 -0.0330034 0.0001370 -2.6881673     -9.7938267    0.00129  -203.01224  -43.17743  0.00000     0.8316010  -396.9943137    0.48682  0.00000   270.00270  -0.00412   -0.03790  0.16166   0.10485  0.93125
 8.45000 44287.00000     -0.1577494 -0.0375715 0.0001411 -2.6974261     -9.7942337    0.00124  -203.87645  -43.29403  0.00000     0.8329471  -399.1170382    0.48831  0.00000   270.62025  -0.00411   -0.03792  0.16154   0.10489  0.92130
 8.50000 44486.83203     -0.1684405 -0.0421383 0.0001451 -2.7066926     -9.7946271    0.00120  -204.74126  -43.41336  0.00000     0.8342953  -401.2401128    0.48979  0.00000   271.23576  -0.00410   -0.03793  0.16143   0.10493  0.91152
 8.55000 44686.49219     -0.1785399 -0.0464180 0.0001488 -2.7159654     -9.7950069    0.00115  -205.62605  -43.56378  0.00000     0.8357171  -403.3903103    0.49129  0.00000   271.84921  -0.00410   -0.03795  0.16133   0.10497  0.90188
 8.60000 44885.53125     -0.1797007 -0.0466755 0.0001480 -2.7251777     -9.7953730    0.00111  -206.77673  -44.10516  0.00000     0.8381195  -405.9116462    0.49299  0.00000   272.45926  -0.00413   -0.03801  0.16145   0.10505  0.89178
 8.65000 45083.59375     -0.1808458 -0.0468080 0.0001469 -2.7341785     -9.7957255    0.00106  -207.92330  -44.64563  0.00000     0.8405130  -408.4379798    0.49471  0.00000   273.06487  -0.00416   -0.03806  0.16156   0.10514  0.87943
 8.70000 45280.70313     -0.1819762 -0.0468508 0.0001453 -2.7429305     -9.7960650    0.00101  -209.06314  -45.18270  0.00000     0.8428889  -410.9719819    0.49645  0.00000   273.66606  -0.00419   -0.03812  0.16167   0.10523  0.86430
 8.75000 45476.82813     -0.1830958 -0.0468514 0.0001435 -2.7514754     -9.7963922    0.00097  -210.19625  -45.71715  0.00000     0.8452465  -413.5110635    0.49820  0.00000   274.26284  -0.00422   -0.03818  0.16178   0.10533  0.84696
 8.80000 45671.98438     -0.1842080 -0.0468384 0.0001415 -2.7598837     -9.7967070    0.00092  -211.32459  -46.25205  0.00000     0.8475921  -416.0514103    0.49996  0.00000   274.85520  -0.00425   -0.03824  0.16189   0.10543  0.82831
 8.85000 45866.13672     -0.1853149 -0.0468253 0.0001395 -2.7682205     -9.7970095    0.00088  -212.45006  -46.79053  0.00000     0.8499313  -418.5887523    0.50172  0.00000   275.44317  -0.00428   -0.03829  0.16199   0.10553  0.80924
 8.90000 46059.30859     -0.1864184 -0.0468191 0.0001375 -2.7765428     -9.7972994    0.00083  -213.57432  -47.33483  0.00000     0.8522694  -421.1199186    0.50346  0.00000   276.02673  -0.00431   -0.03835  0.16210   0.10563  0.79049
 8.95000 46251.46875     -0.1875195 -0.0468239 0.0001356 -2.7848915     -9.7975762    0.00079  -214.69808  -47.88596  0.00000     0.8546082  -423.6418945    0.50520  0.00000   276.60591  -0.00434   -0.03841  0.16221   0.10572  0.77264
 9.00000 46437.34375     -0.1885971 -0.0468340 0.0001339 -2.7929810     -9.7978396    0.00074  -215.79710  -48.43804  0.00000     0.8568598  -426.1041794    0.50685  0.00000   277.18070  -0.00437   -0.03846  0.16232   0.10581  0.75610
 9.05000 46627.52344     -0.1896924 -0.0468545 0.0001323 -2.8014760     -9.7980891    0.00070  -216.91707  -48.99375  0.00000     0.8591886  -428.6019382    0.50854  0.00000   277.75114  -0.00440   -0.03852  0.16242   0.10590  0.74125
 9.10000 46816.67969     -0.1907917 -0.0469113 0.0001310 -2.8100809     -9.7983242    0.00065  -218.02932  -49.54426  0.00000     0.8614909  -431.0845205    0.51021  0.00000   278.31724  -0.00443   -0.03857  0.16253   0.10599  0.72843
 9.15000 47004.83594     -0.1918913 -0.0469902 0.0001299 -2.8188000     -9.7985444    0.00061  -219.13356  -50.08570  0.00000     0.8637657  -433.5516467    0.51185  0.00000   278.87899  -0.00446   -0.03863  0.16263   0.10607  0.71770
 9.20000 47191.98438     -0.1929901 -0.0470871 0.0001291 -2.8276252     -9.7987495    0.00056  -220.23179  -50.62134  0.00000     0.8660205  -436.0034250    0.51346  0.00000   279.43642  -0.00449   -0.03868  0.16272   0.10614  0.70896
 9.25000 47378.11719     -0.1940881 -0.0472002 0.0001284 -2.8365435     -9.7989391    0.00052  -221.32572  -51.15466  0.00000     0.8682619  -438.4402814    0.51505  0.00000   279.98955  -0.00452   -0.03873  0.16282   0.10621  0.70205
 9.30000 47563.23828     -0.1951849 -0.0473278 0.0001280 -2.8455398     -9.7991132    0.00047  -222.41652  -51.68816  0.00000     0.8704944  -440.8629803    0.51661  0.00000   280.53839  -0.00455   -0.03878  0.16291   0.10628  0.69678
 9.35000 47747.32422     -0.1962803 -0.0474674 0.0001277 -2.8545947     -9.7992715    0.00043  -223.50482  -52.22353  0.00000     0.8727207  -443.2722084    0.51816  0.00000   281.08296  -0.00457   -0.03883  0.16300   0.10635  0.69290
 9.40000 47930.39453     -0.1973738 -0.0476164 0.0001275 -2.8636907     -9.7994140    0.00038  -224.59128  -52.76211  0.00000     0.8749436  -445.6691577    0.51969  0.00000   281.62326  -0.00460   -0.03887  0.16309   0.10641  0.69016
 9.45000 48112.44141     -0.1984649 -0.0477722 0.0001275 -2.8728084     -9.7995408    0.00034  -225.67626  -53.30491  0.00000     0.8771647  -448.0548043    0.52120  0.00000   282.15931  -0.00463   -0.03892  0.16319   0.10647  0.68832
 9.50000 48293.45313     -0.1995530 -0.0479322 0.0001275 -2.8819294     -9.7996519    0.00029  -226.76002  -53.85275  0.00000     0.8793854  -450.4300619    0.52270  0.00000   282.69112  -0.00466   -0.03897  0.16328   0.10652  0.68713
 9.55000 48473.43750     -0.2006377 -0.0480943 0.0001276 -2.8910379     -9.7997473    0.00025  -227.84278  -54.40624  0.00000     0.8816069  -452.7959509    0.52418  0.00000   283.21869  -0.00469   -0.03901  0.16338   0.10658  0.68638
 9.60000 48652.37109     -0.2017184 -0.0482566 0.0001277 -2.9001185     -9.7998273    0.00021  -228.92454  -54.96574  0.00000     0.8838295  -455.1530882    0.52566  0.00000   283.74205  -0.00472   -0.03906  0.16348   0.10664  0.68587
 9.65000 48830.26172     -0.2027947 -0.0484176 0.0001278 -2.9091601     -9.7998919    0.00016  -230.00531  -55.53146  0.00000     0.8860534  -457.5022459    0.52713  0.00000   284.26119  -0.00475   -0.03911  0.16358   0.10669  0.68545
 9.70000 49007.13672     -0.2038665 -0.0485761 0.0001279 -2.9181554     -9.7999413    0.00012  -231.08514  -56.10340  0.00000     0.8882791  -459.8442295    0.52860  0.00000   284.77612  -0.00478   -0.03915  0.16368   0.10674  0.68499
 9.75000 49182.90625     -0.2049332 -0.0487313 0.0001280 -2.9270924     -9.7999757    0.00008  -232.16341  -56.68126  0.00000     0.8905047  -462.1785907    0.53006  0.00000   285.28685  -0.00481   -0.03920  0.16378   0.10680  0.68440
 9.80000 49357.65234     -0.2059949 -0.0488828 0.0001280 -2.9359719     -9.7999951    0.00003  -233.24026  -57.26475  0.00000     0.8927307  -464.5063433    0.53151  0.00000   285.79340  -0.00484   -0.03924  0.16388   0.10685  0.68361
 9.85000 49531.33203     -0.2070513 -0.0490303 0.0001281 -2.9447892     -9.7999997    -0.00001  -234.31517  -57.85328  0.00000     0.8949554  -466.8271884    0.53296  0.00000   286.29577  -0.00487   -0.03929  0.16398   0.10691  0.68260
 9.90000 49703.89453     -0.2081022 -0.0491739 0.0001281 -2.9535410     -9.7999897    -0.00005  -235.38752  -58.44615  0.00000     0.8971768  -469.1406276    0.53440  0.00000   286.79397  -0.00490   -0.03933  0.16409   0.10696  0.68136
 9.95000 49875.29688     -0.2091473 -0.0493138 0.0001281 -2.9622260     -9.7999651    -0.00009  -236.45674  -59.04258  0.00000     0.8993930  -471.4461291    0.53584  0.00000   287.28802  -0.00493   -0.03937  0.16419   0.10701  0.67991
 10.00000 50040.77344     -0.2101662 -0.0494425 0.0001280 -2.9705637     -9.7999260    -0.00013  -237.49984  -59.63587  0.00000     0.9015240  -473.6983694    0.53722  0.00000   287.77792  -0.00496   -0.03942  0.16430   0.10707  0.67827
 10.05000 50210.03125     -0.2111978 -0.0495629 0.0001279 -2.9791391     -9.7998726    -0.00017  -238.55978  -60.23058  0.00000     0.9037193  -475.9885039    0.53865  0.00000   288.26369  -0.00499   -0.03946  0.16440   0.10712  0.67657
 10.10000 50378.23047     -0.2122280 -0.0496987 0.0001279 -2.9876804     -9.7998049    -0.00021  -239.60957  -60.81647  0.00000     0.9058847  -478.2695849    0.54007  0.00000   288.74535  -0.00502   -0.03951  0.16450   0.10717  0.67502
 10.15000 50545.35938     -0.2132540 -0.0498378 0.0001279 -2.9961894     -9.7997230    -0.00025  -240.64923  -61.39137  0.00000     0.9080207  -480.5412402    0.54148  0.00000   289.22290  -0.00505   -0.03955  0.16459   0.10723  0.67365
 10.20000 50711.42969     -0.2142749 -0.0499772 0.0001279 -3.0046647     -9.7996271    -0.00030  -241.68101  -61.95906  0.00000     0.9101350  -482.8036428    0.54288  0.00000   289.69637  -0.00508   -0.03959  0.16468   0.10728  0.67244
 10.25000 50876.41406     -0.2152907 -0.0501164 0.0001279 -3.0131031     -9.7995173    -0.00034  -242.70657  -62.52319  0.00000     0.9122336  -485.0565876    0.54428  0.00000   290.16576  -0.00511   -0.03963  0.16476   0.10733  0.67136
 10.30000 51040.32031     -0.2163017 -0.0502556 0.0001279 -3.0215038     -9.7993936    -0.00038  -243.72714  -63.08624  0.00000     0.9143210  -487.3001689    0.54566  0.00000   290.63110  -0.00514   -0.03968  0.16485   0.10738  0.67040
 10.35000 51203.16016     -0.2173079 -0.0503949 0.0001280 -3.0298664     -9.7992561    -0.00041  -244.74350  -63.64976  0.00000     0.9163998  -489.5345026    0.54704  0.00000   291.09239  -0.00516   -0.03972  0.16493   0.10743  0.66954
 10.40000 51364.94531     -0.2183094 -0.0505342 0.0001280 -3.0381908     -9.7991050    -0.00045  -245.75615  -64.21470  0.00000     0.9184719  -491.7596967    0.54841  0.00000   291.54966  -0.00519   -0.03976  0.16502   0.10748  0.66878
 10.45000 51525.64063     -0.2193060 -0.0506732 0.0001281 -3.0464743     -9.7989405    -0.00049  -246.76516  -64.78152  0.00000     0.9205377  -493.9753989    0.54977  0.00000   292.00293  -0.00522   -0.03980  0.16510   0.10752  0.66809
 10.50000 51685.27734     -0.2202979 -0.0508118 0.0001282 -3.0547182     -9.7987625    -0.00053  -247.77077  -65.35048  0.00000     0.9225979  -496.1818767    0.55113  0.00000   292.45220  -0.00525   -0.03984  0.16519   0.10757  0.66747
 10.55000 51843.82422     -0.2212849 -0.0509501 0.0001282 -3.0629204     -9.7985712    -0.00057  -248.77284  -65.92154  0.00000     0.9246522  -498.3787814    0.55248  0.00000   292.89749  -0.00528   -0.03988  0.16527   0.10762  0.66693
 10.60000 52001.31250     -0.2222671 -0.0510881 0.0001283 -3.0710830     -9.7983668    -0.00061  -249.77139  -66.49457  0.00000     0.9267008  -500.5663472    0.55382  0.00000   293.33882  -0.00530   -0.03992  0.16536   0.10767  0.66645
 10.65000 52157.71875     -0.2232443 -0.0512259 0.0001284 -3.0792046     -9.7981493    -0.00065  -250.76618  -67.06924  0.00000     0.9287427  -502.7442684    0.55515  0.00000   293.77621  -0.00533   -0.03996  0.16544   0.10771  0.66605
 10.70000 52313.07031     -0.2242167 -0.0513634 0.0001285 -3.0872873     -9.7979188    -0.00069  -251.75713  -67.64522  0.00000     0.9307780  -504.9127164    0.55648  0.00000   294.20967  -0.00536   -0.04000  0.16553   0.10776  0.66573
 10.75000 52467.32813     -0.2251842 -0.0515008 0.0001286 -3.0953292     -9.7976755    -0.00072  -252.74386  -68.22207  0.00000     0.9328052  -507.0712146    0.55780  0.00000   294.63922  -0.00539   -0.04004  0.16561   0.10780  0.66549
 10.80000 52620.52734     -0.2261468 -0.0516383 0.0001287 -3.1033329     -9.7974195    -0.00076  -253.72631  -68.79940  0.00000     0.9348242  -509.2199976    0.55911  0.00000   295.06488  -0.00542   -0.04008  0.16569   0.10785  0.66534
 10.85000 52772.65625     -0.2271046 -0.0517758 0.0001289 -3.1112983     -9.7971509    -0.00080  -254.70422  -69.37681  0.00000     0.9368342  -511.3588466    0.56041  0.00000   295.48666  -0.00544   -0.04012  0.16578   0.10789  0.66530
 10.90000 52923.71484     -0.2280575 -0.0519136 0.0001290 -3.1192257     -9.7968698    -0.00084  -255.67741  -69.95392  0.00000     0.9388347  -513.4876579    0.56171  0.00000   295.90460  -0.00547   -0.04016  0.16586   0.10793  0.66536
 10.95000 53073.69922     -0.2290305 -0.0520520 0.0001292 -3.1271158     -9.7965764    -0.00087  -256.64368  -70.53070  0.00000     0.9408184  -515.6098167    0.56300  0.00000   296.31865  -0.00550   -0.04020  0.16594   0.10798  0.66554
 11.00000 53222.43359     -0.2300012 -0.0521883 0.0001293 -3.1349591     -9.7962708    -0.00091  -257.60356  -71.10582  0.00000     0.9427873  -517.7202753    0.56429  0.00000   296.72878  -0.00553   -0.04024  0.16602   0.10802  0.66585
 11.05000 53370.21484     -0.2309674 -0.0523155 0.0001295 -3.1427789     -9.7959531    -0.00095  -258.55628  -71.67423  0.00000     0.9447389  -519.8211164    0.56557  0.00000   297.13500  -0.00555   -0.04027  0.16609   0.10806  0.66636
 11.10000 53516.90234     -0.2319303 -0.0524592 0.0001297 -3.1505781     -9.7956236    -0.00098  -259.49784  -72.23118  0.00000     0.9466596  -521.9094356    0.56684  0.00000   297.53732  -0.00558   -0.04031  0.16616   0.10810  0.66724
 11.15000 53662.48438     -0.2328887 -0.0526088 0.0001300 -3.1583552     -9.7952824    -0.00102  -260.42873  -72.77612  0.00000     0.9485511  -523.9853119    0.56810  0.00000   297.93578  -0.00560   -0.04035  0.16623   0.10814  0.66849
 11.20000 53806.96875     -0.2338424 -0.0527601 0.0001303 -3.1661050     -9.7949298    -0.00106  -261.35129  -73.31341  0.00000     0.9504216  -526.0492601    0.56935  0.00000   298.33039  -0.00563   -0.04038  0.16629   0.10818  0.67001
 11.25000 53950.35938     -0.2347914 -0.0529122 0.0001307 -3.1738225     -9.7945659    -0.00109  -262.26746  -73.84702  0.00000     0.9522778  -528.1017023    0.57058  0.00000   298.72117  -0.00565   -0.04042  0.16635   0.10822  0.67174
 11.30000 54092.66016     -0.2357355 -0.0530646 0.0001310 -3.1815032     -9.7941909    -0.00113  -263.17850  -74.37957  0.00000     0.9541239  -530.1429833    0.57182  0.00000   299.10814  -0.00568   -0.04046  0.16641   0.10826  0.67362
 11.35000 54233.85547     -0.2366746 -0.0532167 0.0001314 -3.1891429     -9.7938049    -0.00116  -264.08504  -74.91260  0.00000     0.9559622  -532.1731954    0.57304  0.00000   299.49133  -0.00570   -0.04049  0.16647   0.10830  0.67558
 11.40000 54373.96875     -0.2376087 -0.0533683 0.0001318 -3.1967399     -9.7934082    -0.00120  -264.98760  -75.44701  0.00000     0.9577946  -534.1927552    0.57426  0.00000   299.87075  -0.00572   -0.04053  0.16654   0.10833  0.67760
 11.45000 54513.01172     -0.2385377 -0.0535189 0.0001321 -3.2042931     -9.7930008    -0.00123  -265.88642  -75.98326  0.00000     0.9596218  -536.2019056    0.57547  0.00000   300.24643  -0.00575   -0.04056  0.16660   0.10837  0.67963
 11.50000 54650.96484     -0.2394614 -0.0536684 0.0001325 -3.2117999     -9.7925830    -0.00127  -266.78144  -76.52141  0.00000     0.9614438  -538.2005213    0.57667  0.00000   300.61838  -0.00577   -0.04060  0.16666   0.10840  0.68167
 11.55000 54787.83984     -0.2403799 -0.0538082 0.0001329 -3.2192604     -9.7921549    -0.00130  -267.67266  -77.06136  0.00000     0.9632605  -540.1887278    0.57787  0.00000   300.98663  -0.00580   -0.04063  0.16672   0.10844  0.68370
 11.60000 54923.63672     -0.2412931 -0.0539384 0.0001333 -3.2266745     -9.7917165    -0.00134  -268.55991  -77.60285  0.00000     0.9650715  -542.1664863    0.57906  0.00000   301.35119  -0.00582   -0.04067  0.16678   0.10847  0.68572
 11.65000 55058.37109     -0.2422011 -0.0540680 0.0001336 -3.2340437     -9.7912680    -0.00137  -269.44309  -78.14553  0.00000     0.9668763  -544.1338723    0.58024  0.00000   301.71209  -0.00585   -0.04070  0.16684   0.10851  0.68774
 11.70000 55192.02344     -0.2431038 -0.0541971 0.0001340 -3.2413674     -9.7908097    -0.00140  -270.32189  -78.68894  0.00000     0.9686740  -546.0905845    0.58142  0.00000   302.06935  -0.00587   -0.04073  0.16690   0.10854  0.68978
 11.75000 55324.62109     -0.2440014 -0.0543259 0.0001344 -3.2486482     -9.7903415    -0.00144  -271.19621  -79.23269  0.00000     0.9704643  -548.0367642    0.58259  0.00000   302.42299  -0.00589   -0.04077  0.16696   0.10858  0.69183
 11.80000 55456.15625     -0.2448938 -0.0544546 0.0001347 -3.2558868     -9.7898637    -0.00147  -272.06580  -79.77632  0.00000     0.9722464  -549.9721946    0.58375  0.00000   302.77304  -0.00592   -0.04080  0.16702   0.10861  0.69393
 11.85000 55586.60938     -0.2457812 -0.0545835 0.0001351 -3.2630830     -9.7893764    -0.00150  -272.93037  -80.31940  0.00000     0.9740191  -551.8965385    0.58491  0.00000   303.11950  -0.00594   -0.04083  0.16708   0.10864  0.69609
 11.90000 55716.02344     -0.2466636 -0.0547128 0.0001355 -3.2702404     -9.7888798    -0.00154  -273.78994  -80.86163  0.00000     0.9757828  -553.8100818    0.58605  0.00000   303.46242  -0.00597   -0.04087  0.16714   0.10868  0.69831
 11.95000 55844.38281     -0.2475411 -0.0548426 0.0001359 -3.2773590     -9.7883739    -0.00157  -274.64427  -81.40265  0.00000     0.9775364  -555.7125373    0.58720  0.00000   303.80180  -0.00599   -0.04090  0.16719   0.10871  0.70063
 12.00000 55973.20703     -0.2484205 -0.0549720 0.0001363 -3.2845286     -9.7878591    -0.00160  -275.50071  -81.94432  0.00000     0.9793043  -557.6189623    0.58835  0.00000   304.13767  -0.00601   -0.04093  0.16725   0.10874  0.70304
 12.05000 56099.47656     -0.2492884 -0.0550911 0.0001368 -3.2915776     -9.7873354    -0.00164  -276.34241  -82.47781  0.00000     0.9810310  -559.4988500    0.58947  0.00000   304.47006  -0.00604   -0.04096  0.16730   0.10877  0.70564
 12.10000 56224.71875     -0.2501530 -0.0552274 0.0001372 -3.2986073     -9.7868032    -0.00167  -277.17365  -83.00037  0.00000     0.9827302  -561.3658418    0.59059  0.00000   304.79899  -0.00606   -0.04099  0.16735   0.10880  0.70859
 12.15000 56348.92578     -0.2510136 -0.0553703 0.0001378 -3.3056167     -9.7862628    -0.00170  -277.99494  -83.51183  0.00000     0.9844039  -563.2199730    0.59170  0.00000   305.12447  -0.00608   -0.04102  0.16740   0.10883  0.71189
 12.20000 56472.10156     -0.2518699 -0.0555156 0.0001383 -3.3126008     -9.7857143    -0.00173  -278.80843  -84.01628  0.00000     0.9860591  -565.0617793    0.59280  0.00000   305.44653  -0.00610   -0.04105  0.16744   0.10885  0.71547
 12.25000 56594.24219     -0.2527217 -0.0556619 0.0001389 -3.3195541     -9.7851581    -0.00176  -279.61583  -84.51729  0.00000     0.9877017  -566.8916832    0.59388  0.00000   305.76520  -0.00613   -0.04108  0.16749   0.10888  0.71925
 12.30000 56715.37109     -0.2535690 -0.0558193 0.0001395 -3.3291862     -9.7845944    -0.00179  -280.41825  -85.01712  0.00000     0.9893354  -568.7102767    0.59497  0.00000   306.08050  -0.00615   -0.04111  0.16753   0.10891  0.72316
 12.35000 56835.47656     -0.2544116 -0.0559797 0.0001401 -3.3395224     -9.7840234    -0.00183  -281.21616  -85.51687  0.00000     0.9909617  -570.5176860    0.59604  0.00000   306.39245  -0.00617   -0.04114  0.16757   0.10893  0.72717
 12.40000 56954.56641     -0.2552494 -0.0561399 0.0001407 -3.3497914     -9.7834452    -0.00186  -282.00982  -86.01710  0.00000     0.9925816  -572.3141789    0.59711  0.00000   306.70107  -0.00619   -0.04117  0.16761   0.10896  0.73123
 12.45000 57072.65234     -0.2560824 -0.0562994 0.0001413 -3.3599918     -9.7828601    -0.00189  -282.79938  -86.51802  0.00000     0.9941955  -574.1000184    0.59817  0.00000   307.00638  -0.00621   -0.04120  0.16765   0.10898  0.73533
 12.50000 57189.73047     -0.2569104 -0.0564580 0.0001420 -3.3701223     -9.7822683    -0.00192  -283.58482  -87.01966  0.00000     0.9958035  -575.8752509    0.59923  0.00000   307.30841  -0.00623   -0.04123  0.16770   0.10901  0.73943
 12.55000 57305.80078     -0.2577334 -0.0566157 0.0001426 -3.3801822     -9.7816698    -0.00195  -284.36605  -87.52185  0.00000     0.9974053  -577.6399012    0.60028  0.00000   307.60718  -0.00625   -0.04126  0.16774   0.10903  0.74354
 12.60000 57420.87109     -0.2585515 -0.0567726 0.0001432 -3.3901719     -9.7810649    -0.00198  -285.14300  -88.02439  0.00000     0.9990006  -579.3940204    0.60132  0.00000   307.90271  -0.00627   -0.04129  0.16778   0.10906  0.74766
 12.65000 57534.96484     -0.2593647 -0.0569288 0.0001438 -3.4000932     -9.7804538    -0.00201  -285.91563  -88.52703  0.00000     1.0005892  -581.1377766    0.60236  0.00000   308.19502  -0.00629   -0.04132  0.16782   0.10908  0.75178
 12.70000 57648.05859     -0.2601729 -0.0570846 0.0001444 -3.4099453     -9.7798365    -0.00204  -286.68367  -89.02941  0.00000     1.0021704  -582.8708358    0.60339  0.00000   308.48414  -0.00631   -0.04134  0.16786   0.10910  0.75592
 12.75000 57760.19141     -0.2609765 -0.0572402 0.0001451 -3.4197315     -9.7792133    -0.00207  -287.44718  -89.53130  0.00000     1.0037442  -584.5934766    0.60442  0.00000   308.77008  -0.00634   -0.04137  0.16790   0.10912  0.76010
 12.80000 57871.33594     -0.2617752 -0.0573956 0.0001457 -3.4294510     -9.7785844    -0.00210  -288.20587  -90.03238  0.00000     1.0053097  -586.3052969    0.60544  0.00000   309.05288  -0.00636   -0.04140  0.16794   0.10915  0.76432
 12.85000 57981.51563     -0.2625694 -0.0575513 0.0001463 -3.4391062     -9.7779499    -0.00212  -288.95973  -90.53240  0.00000     1.0068669  -588.0064066    0.60645  0.00000   309.33255  -0.00638   -0.04143  0.16798   0.10917  0.76861
 12.90000 58090.71875     -0.2633590 -0.0577072 0.0001470 -3.4486972     -9.7773100    -0.00215  -289.70859  -91.03113  0.00000     1.0084151  -589.6965625    0.60746  0.00000   309.60912  -0.00640   -0.04145  0.16802   0.10919  0.77297
 12.95000 58198.98828     -0.2641442 -0.0578636 0.0001477 -3.4582275     -9.7766649    -0.00218  -290.45256  -91.52842  0.00000     1.0099548  -591.3760846    0.60846  0.00000   309.88260  -0.00642   -0.04148  0.16805   0.10921  0.77742
 13.00000 58310.02734     -0.2649420 -0.0580218 0.0001483 -3.4679180     -9.7760148    -0.00221  -291.21006  -92.02992  0.00000     1.0115452  -593.0825603    0.60949  0.00000   310.15303  -0.00644   -0.04150  0.16809   0.10923  0.78198
 13.05000 58416.40234     -0.2657189 -0.0581671 0.0001490 -3.4773322     -9.7753600    -0.00224  -291.94228  -92.52011  0.00000     1.0130612  -594.7398906    0.61048  0.00000   310.42042  -0.00646   -0.04153  0.16813   0.10925  0.78671
 13.10000 58521.82422     -0.2664929 -0.0583298 0.0001498 -3.4867026     -9.7747008    -0.00227  -292.66454  -92.99956  0.00000     1.0145518  -596.3841817    0.61146  0.00000   310.68479  -0.00648   -0.04156  0.16816   0.10927  0.79182
 13.15000 58626.23828     -0.2672632 -0.0584994 0.0001505 -3.4960259     -9.7740377    -0.00229  -293.37726  -93.46847  0.00000     1.0160186  -598.0149494    0.61242  0.00000   310.94618  -0.00650   -0.04158  0.16819   0.10929  0.79729
 13.20000 58729.71094     -0.2680299 -0.0586713 0.0001514 -3.5053005     -9.7733708    -0.00232  -294.08288  -93.93110  0.00000     1.0174695  -599.6334496    0.61338  0.00000   311.20459  -0.00652   -0.04161  0.16821   0.10930  0.80304
 13.25000 58832.34766     -0.2687932 -0.0588441 0.0001522 -3.5145274     -9.7727006    -0.00235  -294.78355  -94.39103  0.00000     1.0189114  -601.2413141    0.61433  0.00000   311.46005  -0.00654   -0.04163  0.16824   0.10932  0.80900
 13.30000 58934.03906     -0.2695524 -0.0590172 0.0001531 -3.5236958     -9.7720274    -0.00237  -295.47962  -94.85009  0.00000     1.0203457  -602.8378564    0.61528  0.00000   311.71259  -0.00655   -0.04166  0.16826   0.10934  0.81510
 13.35000 59034.77344     -0.2703073 -0.0591901 0.0001540 -3.5328017     -9.7713513    -0.00240  -296.17144  -95.30917  0.00000     1.0217735  -604.4232709    0.61622  0.00000   311.96223  -0.00657   -0.04168  0.16829   0.10935  0.82129
 13.40000 59134.60938     -0.2710580 -0.0593626 0.0001548 -3.5418463     -9.7706725    -0.00243  -296.85945  -95.76872  0.00000     1.0231962  -605.9983735    0.61715  0.00000   312.20898  -0.00659   -0.04170  0.16831   0.10937  0.82753
 13.45000 59233.52344     -0.2718042 -0.0595345 0.0001557 -3.5508268     -9.7699914    -0.00245  -297.54353  -96.22872  0.00000     1.0246134  -607.5630548    0.61808  0.00000   312.45286  -0.00661   -0.04173  0.16834   0.10938  0.83381
 13.50000 59331.53906     -0.2725461 -0.0597058 0.0001566 -3.5597439     -9.7693081    -0.00248  -298.22374  -96.68909  0.00000     1.0260254  -609.1176113    0.61900  0.00000   312.69391  -0.00663   -0.04175  0.16836   0.10940  0.84010
 13.55000 59428.64063     -0.2732835 -0.0598765 0.0001575 -3.5685965     -9.7686228    -0.00250  -298.89989  -97.14962  0.00000     1.0274315  -610.6618758    0.61992  0.00000   312.93214  -0.00665   -0.04177  0.16839   0.10941  0.84642
 13.60000 59524.83984     -0.2740165 -0.0600468 0.0001584 -3.5773857     -9.7679357    -0.00253  -299.57193  -97.61010  0.00000     1.0288315  -612.1959131    0.62083  0.00000   313.16756  -0.00666   -0.04180  0.16841   0.10942  0.85276
 13.65000 59620.17188     -0.2747453 -0.0602170 0.0001593 -3.5861142     -9.7672470    -0.00255  -300.23992  -98.07033  0.00000     1.0302255  -613.7199935    0.62173  0.00000   313.40022  -0.00668   -0.04182  0.16843   0.10944  0.85914
 13.70000 59714.61328     -0.2754698 -0.0603871 0.0001602 -3.5947815     -9.7665568    -0.00258  -300.90364  -98.53007  0.00000     1.0316129  -615.2337622    0.62263  0.00000   313.63011  -0.00670   -0.04184  0.16846   0.10945  0.86556
 13.75000 59808.16797     -0.2761902 -0.0605574 0.0001611 -3.6033888     -9.7658655    -0.00260  -301.56299  -98.98911  0.00000     1.0329934  -616.7371310    0.62353  0.00000   313.85727  -0.00672   -0.04186  0.16848   0.10946  0.87205
 13.80000 59900.84766     -0.2769066 -0.0607282 0.0001621 -3.6119379     -9.7651732    -0.00263  -302.21794  -99.44729  0.00000     1.0343666  -618.2300872    0.62441  0.00000   314.08172  -0.00674   -0.04189  0.16850   0.10947  0.87861
 13.85000 59992.66797     -0.2776191 -0.0608997 0.0001630 -3.6204308     -9.7644801    -0.00265  -302.86851  -99.90446  0.00000     1.0357328  -619.7126597    0.62530  0.00000   314.30348  -0.00676   -0.04191  0.16853   0.10949  0.88527
 13.90000 60083.61328     -0.2783278 -0.0610719 0.0001639 -3.6288674     -9.7637866    -0.00268  -303.51454  -100.36048  0.00000     1.0370913  -621.1845601    0.62617  0.00000   314.52256  -0.00677   -0.04193  0.16855   0.10950  0.89204
 13.95000 60173.68750     -0.2790327 -0.0612452 0.0001649 -3.6372490     -9.7630928    -0.00270  -304.15600  -100.81523  0.00000     1.0384419  -622.6457099    0.62704  0.00000   314.73900  -0.00679   -0.04195  0.16857   0.10951  0.89894
 14.00000 60269.48828     -0.2797646 -0.0614235 0.0001659 -3.6459753     -9.7623990    -0.00272  -304.82620  -101.27969  0.00000     1.0398905  -624.1643448    0.62798  0.00000   314.95280  -0.00681   -0.04197  0.16859   0.10952  0.90597
 14.05000 60357.87891     -0.2804630 -0.0615854 0.0001669 -3.6542580     -9.7617055    -0.00275  -305.45706  -101.72810  0.00000     1.0412207  -625.6038161    0.62883  0.00000   315.16399  -0.00683   -0.04199  0.16861   0.10953  0.91323
 14.10000 60445.39453     -0.2811594 -0.0617666 0.0001680 -3.6625053     -9.7610128    -0.00277  -306.07807  -102.16521  0.00000     1.0425259  -627.0299696    0.62968  0.00000   315.37260  -0.00685   -0.04201  0.16862   0.10954  0.92092
 14.15000 60532.08203     -0.2818538 -0.0619563 0.0001691 -3.6707202     -9.7603214    -0.00279  -306.69037  -102.59193  0.00000     1.0438098  -628.4433003    0.63052  0.00000   315.57862  -0.00686   -0.04203  0.16864   0.10954  0.92905
 14.20000 60617.93750     -0.2825456 -0.0621495 0.0001703 -3.6788971     -9.7596317    -0.00281  -307.29632  -103.01298  0.00000     1.0450799  -629.8444382    0.63135  0.00000   315.78210  -0.00688   -0.04205  0.16865   0.10955  0.93753
 14.25000 60702.96484     -0.2832346 -0.0623443 0.0001715 -3.6870304     -9.7589442    -0.00284  -307.89766  -103.43207  0.00000     1.0463418  -631.2340883    0.63217  0.00000   315.98304  -0.00689   -0.04207  0.16866   0.10956  0.94627
 14.30000 60787.15234     -0.2839205 -0.0625399 0.0001727 -3.6951148     -9.7582592    -0.00286  -308.49522  -103.85115  0.00000     1.0475983  -632.6126397    0.63299  0.00000   316.18146  -0.00691   -0.04209  0.16867   0.10956  0.95521
 14.35000 60870.51953     -0.2846032 -0.0627360 0.0001739 -3.7031481     -9.7575771    -0.00288  -309.08944  -104.27105  0.00000     1.0488508  -633.9806587    0.63380  0.00000   316.37738  -0.00693   -0.04211  0.16868   0.10957  0.96428
 14.40000 60953.06641     -0.2852825 -0.0629322 0.0001752 -3.7111281     -9.7568980    -0.00290  -309.68042  -104.69200  0.00000     1.0500997  -635.3383845    0.63460  0.00000   316.57083  -0.00694   -0.04213  0.16869   0.10957  0.97346
 14.45000 61034.80078     -0.2859583 -0.0631284 0.0001764 -3.7190539     -9.7562224    -0.00292  -310.26817  -105.11399  0.00000     1.0513448  -636.6860313    0.63540  0.00000   316.76181  -0.00696   -0.04215  0.16870   0.10958  0.98273
 14.50000 61115.72266     -0.2866305 -0.0633247 0.0001777 -3.7269251     -9.7555504    -0.00294  -310.85262  -105.53691  0.00000     1.0525862  -638.0236417    0.63619  0.00000   316.95035  -0.00697   -0.04216  0.16871   0.10958  0.99207
 14.55000 61195.81250     -0.2872992 -0.0635210 0.0001790 -3.7347406     -9.7548823    -0.00296  -311.60738  -106.32994  0.00000     1.0543710  -639.3509802    0.63698  0.00000   317.13646  -0.00702   -0.04218  0.16882   0.10958  1.00148
 14.60000 61275.12109     -0.2879645 -0.0637177 0.0001803 -3.7425042     -9.7542184    -0.00298  -313.30052  -109.12775  0.00000     1.0591189  -640.6684888    0.63776  0.00000   317.32017  -0.00719   -0.04220  0.16943   0.10959  1.01099
 14.65000 61353.62891     -0.2886265 -0.0639151 0.0001816 -3.7502157     -9.7535589    -0.00300  -315.00737  -111.96711  0.00000     1.0639124  -641.9758336    0.63854  0.00000   317.50149  -0.00736   -0.04222  0.17005   0.10959  1.02060
 14.70000 61431.31250     -0.2892852 -0.0641132 0.0001829 -3.7578749     -9.7529041    -0.00302  -316.73004  -114.85277  0.00000     1.0687580  -643.2726110    0.63931  0.00000   317.68043  -0.00754   -0.04224  0.17068   0.10959  1.03033
 14.75000 61508.23047     -0.2899410 -0.0643126 0.0001843 -3.7654868     -9.7522543    -0.00304  -318.47137  -117.79033  0.00000     1.0736647  -644.5592584    0.64007  0.00000   317.85702  -0.00772   -0.04225  0.17132   0.10959  1.04021
 14.80000 61584.35156     -0.2905938 -0.0645134 0.0001857 -3.7730509     -9.7516099    -0.00306  -320.23393  -120.78562  0.00000     1.0786404  -645.8352624    0.64083  0.00000   318.03127  -0.00791   -0.04227  0.17197   0.10959  1.05026
 14.85000 61659.69141     -0.2912440 -0.0647159 0.0001870 -3.7805697     -9.7509712    -0.00308  -322.02062  -123.84475  0.00000     1.0836942  -647.1005964    0.64159  0.00000   318.20320  -0.00809   -0.04229  0.17264   0.10960  1.06049
 14.90000 61734.25000     -0.2918917 -0.0649203 0.0001885 -3.7880448     -9.7503384    -0.00309  -323.83426  -126.97391  0.00000     1.0888348  -648.3550692    0.64233  0.00000   318.37283  -0.00828   -0.04230  0.17332   0.10960  1.07094
 14.95000 61808.03516     -0.2925370 -0.0651270 0.0001899 -3.7954780     -9.7497121    -0.00311  -325.67774  -130.17932  0.00000     1.0940712  -649.5985724    0.64307  0.00000   318.54017  -0.00848   -0.04232  0.17401   0.10960  1.08162
 15.00000 61891.13281     -0.2932279 -0.0653434 0.0001914 -3.8034906     -9.7490925    -0.00313  -327.60726  -133.48890  0.00000     1.0995796  -650.9370055    0.64391  0.00000   318.70523  -0.00868   -0.04233  0.17472   0.10959  1.09257
 15.05000 61963.39453     -0.2938698 -0.0655379 0.0001929 -3.8108527     -9.7484801    -0.00315  -329.52921  -136.88703  0.00000     1.1050659  -652.1575301    0.64464  0.00000   318.86803  -0.00889   -0.04235  0.17545   0.10959  1.10389
 15.10000 62034.87109     -0.2945122 -0.0657571 0.0001945 -3.8181992     -9.7478756    -0.00316  -331.52525  -140.45854  0.00000     1.1107859  -653.3633655    0.64535  0.00000   319.02858  -0.00911   -0.04236  0.17622   0.10959  1.11588
 15.15000 62105.58594     -0.2951549 -0.0659893 0.0001962 -3.8255338     -9.7472799    -0.00318  -333.60197  -144.21641  0.00000     1.1167598  -654.5545242    0.64605  0.00000   319.18690  -0.00934   -0.04238  0.17704   0.10959  1.12856
 15.20000 62175.55078     -0.2957976 -0.0662283 0.0001980 -3.8328521     -9.7466936    -0.00320  -335.75341  -148.14767  0.00000     1.1229689  -655.7318507    0.64674  0.00000   319.34299  -0.00958   -0.04239  0.17789   0.10958  1.14185
 15.25000 62244.74219     -0.2964397 -0.0664719 0.0001998 -3.8401464     -9.7461174    -0.00321  -337.97082  -152.23404  0.00000     1.1293855  -656.8958678    0.64743  0.00000   319.49687  -0.00983   -0.04240  0.17878   0.10957  1.15567
 15.30000 62313.16016     -0.2970810 -0.0667189 0.0002017 -3.8474120     -9.7455519    -0.00323  -340.24644  -156.45919  0.00000     1.1359854  -658.0471646    0.64810  0.00000   319.64854  -0.01009   -0.04242  0.17970   0.10956  1.16993
 15.35000 62380.81250     -0.2977215 -0.0669687 0.0002037 -3.8546459     -9.7449977    -0.00324  -342.57459  -160.81113  0.00000     1.1427506  -659.1862142    0.64877  0.00000   319.79802  -0.01035   -0.04243  0.18064   0.10956  1.18458
 15.40000 62447.71094     -0.2983609 -0.0672211 0.0002057 -3.8618471     -9.7444554    -0.00326  -344.95212  -165.28321  0.00000     1.1496712  -660.3133473    0.64943  0.00000   319.94531  -0.01062   -0.04244  0.18161   0.10955  1.19959
 15.45000 62513.82422     -0.2989993 -0.0674760 0.0002077 -3.8690130     -9.7439254    -0.00327  -347.37823  -169.87418  0.00000     1.1567447  -661.4282747    0.65008  0.00000   320.09043  -0.01090   -0.04245  0.18260   0.10954  1.21496
 15.50000 62579.19922     -0.2996368 -0.0677335 0.0002098 -3.8761475     -9.7434083    -0.00328  -349.85492  -174.58816  0.00000     1.1639771  -662.5313871    0.65072  0.00000   320.23338  -0.01119   -0.04247  0.18362   0.10953  1.23070
 15.55000 62643.80859     -0.3002737 -0.0679942 0.0002120 -3.8832505     -9.7429046    -0.00330  -352.38591  -179.43363  0.00000     1.1713800  -663.6221636    0.65136  0.00000   320.37416  -0.01149   -0.04248  0.18467   0.10952  1.24683
 15.60000 62707.64453     -0.3009101 -0.0682583 0.0002141 -3.8903244     -9.7424149    -0.00331  -354.97692  -184.42330  0.00000     1.1789710  -664.7001787    0.65198  0.00000   320.51279  -0.01179   -0.04249  0.18574   0.10950  1.26340
 15.65000 62770.71875     -0.3015468 -0.0685265 0.0002164 -3.8973736     -9.7419398    -0.00332  -357.63555  -189.57377  0.00000     1.1867737  -665.7651128    0.65260  0.00000   320.64928  -0.01210   -0.04250  0.18685   0.10949  1.28047
 15.70000 62833.02344     -0.3021840 -0.0687995 0.0002187 -3.9044020     -9.7414800    -0.00333  -360.37099  -194.90537  0.00000     1.1948164  -666.8163442    0.65321  0.00000   320.78361  -0.01243   -0.04251  0.18800   0.10948  1.29812
 15.75000 62894.55859     -0.3028226 -0.0690779 0.0002211 -3.9114148     -9.7410362    -0.00334  -363.19426  -200.44235  0.00000     1.2031333  -667.8532373    0.65381  0.00000   320.91580  -0.01276   -0.04252  0.18920   0.10946  1.31641
 15.80000 62955.30078     -0.3034631 -0.0693624 0.0002236 -3.9184170     -9.7406092    -0.00336  -366.11826  -206.21334  0.00000     1.2117643  -668.8748009    0.65440  0.00000   321.04584  -0.01311   -0.04253  0.19044   0.10945  1.33546
 15.85000 63015.30078     -0.3041069 -0.0696541 0.0002262 -3.9254188     -9.7401999    -0.00337  -369.15869  -212.25254  0.00000     1.2207579  -669.8807079    0.65498  0.00000   321.17373  -0.01348   -0.04254  0.19174   0.10943  1.35537
 15.90000 63074.47656     -0.3047545 -0.0699535 0.0002290 -3.9324241     -9.7398093    -0.00338  -372.33349  -218.60029  0.00000     1.2301695  -670.8690675    0.65554  0.00000   321.29946  -0.01386   -0.04254  0.19311   0.10941  1.37630
 15.95000 63132.86328     -0.3054077 -0.0702619 0.0002318 -3.9394455     -9.7394386    -0.00338  -375.66516  -225.30593  0.00000     1.2400687  -671.8390395    0.65609  0.00000   321.42302  -0.01427   -0.04255  0.19456   0.10939  1.39840
 16.00000 63204.88281     -0.3061376 -0.0705895 0.0002349 -3.9473966     -9.7390891    -0.00339  -379.26755  -232.48259  0.00000     1.2508090  -672.9427166    0.65678  0.00000   321.54439  -0.01470   -0.04256  0.19611   0.10936  1.42189
 16.05000 63261.70703     -0.3068072 -0.0708787 0.0002382 -3.9545080     -9.7387623    -0.00340  -383.02378  -240.14653  0.00000     1.2620258  -673.8692658    0.65729  0.00000   321.66354  -0.01517   -0.04256  0.19777   0.10934  1.44724
 16.10000 63317.68359     -0.3074977 -0.0712185 0.0002418 -3.9617361     -9.7384607    -0.00341  -387.12871  -248.59666  0.00000     1.2743232  -674.7628379    0.65778  0.00000   321.78043  -0.01568   -0.04257  0.19962   0.10931  1.47542
 16.15000 63372.77344     -0.3082117 -0.0715940 0.0002458 -3.9691221     -9.7381872    -0.00341  -391.67624  -258.03683  0.00000     1.2879914  -675.6181231    0.65823  0.00000   321.89500  -0.01626   -0.04257  0.20168   0.10927  1.50713
 16.20000 63426.98438     -0.3089545 -0.0719974 0.0002504 -3.9767059     -9.7379453    -0.00342  -396.75708  -268.66638  0.00000     1.3033105  -676.4315743    0.65864  0.00000   322.00718  -0.01691   -0.04257  0.20402   0.10923  1.54301
 16.25000 63480.24609     -0.3097158 -0.0726037 0.0002556 -3.9845192     -9.7377393    -0.00342  -402.45012  -280.65296  0.00000     1.3205237  -677.1989699    0.65900  0.00000   322.11686  -0.01764   -0.04257  0.20667   0.10919  1.58362
 16.30000 63532.52734     -0.3104808 -0.0733927 0.0002615 -3.9924421     -9.7375751    -0.00343  -408.51314  -293.46473  0.00000     1.3388800  -677.9338615    0.65932  0.00000   322.22403  -0.01843   -0.04256  0.20950   0.10913  1.62711
 16.35000 63583.83203     -0.3112357 -0.0741100 0.0002671 -4.0002085     -9.7374550    -0.00343  -414.40267  -305.91910  0.00000     1.3566982  -678.6672747    0.65965  0.00000   322.32869  -0.01918   -0.04256  0.21224   0.10908  1.66928
 16.40000 63634.18750     -0.3119602 -0.0746805 0.0002721 -4.0076164     -9.7373763    -0.00343  -419.70927  -317.11833  0.00000     1.3727132  -679.4232607    0.66002  0.00000   322.43086  -0.01986   -0.04256  0.21468   0.10904  1.70690
 16.45000 63683.59375     -0.3126414 -0.0751211 0.0002764 -4.0145801     -9.7373338    -0.00343  -424.26501  -326.68989  0.00000     1.3864080  -680.2120213    0.66044  0.00000   322.53062  -0.02044   -0.04256  0.21673   0.10900  1.73862
 16.50000 63732.07422     -0.3132761 -0.0754668 0.0002798 -4.0210983     -9.7373212    -0.00343  -428.06768  -334.62398  0.00000     1.3977778  -681.0344424    0.66092  0.00000   322.62808  -0.02091   -0.04257  0.21840   0.10898  1.76438
 16.55000 63779.72266     -0.3138669 -0.0757442 0.0002826 -4.0272125     -9.7373330    -0.00343  -431.19030  -341.07638  0.00000     1.4070498  -681.8876589    0.66143  0.00000   322.72339  -0.02129   -0.04257  0.21972   0.10896  1.78472
 