0.0000   -0.1742286 0.0000000     198.8309937 134.6549988 160.03889    0.00000  0.00000   0.00000        0.00000   0.0000000 0.0000000
0.0500   -0.1715753 0.0000000     198.8309937 134.6549988 160.03889    0.00000  0.00000   0.00000        0.00000   0.0000000 0.0000000
0.1000   -0.1696238 0.0000000     198.8309937 134.6549988 160.03889    0.00000  0.00000   0.00000        0.00000   0.0000000 0.0000000
0.1500   -0.1683751 0.0000000     198.8309937 134.6549988 160.03889    0.00000  0.00000   0.00000        0.00000   0.0000000 0.0000000
0.2000   -0.1678242 0.0000000     198.8309937 134.6549988 160.03889    0.00000  0.00000   0.00000        0.00000   0.0000000 0.0000000
0.2500   -0.1679596 0.0000000     198.8309937 134.6549988 160.03889    0.00000  0.00000   0.00000        0.00000   0.0000000 0.0000000
0.3000   -0.1687622 0.0000000     198.8309937 134.6549988 160.03889    0.00000  0.00000   0.00000        0.00000   0.0000000 0.0000000
0.3500   -0.1642231 0.0000000     198.8309937 134.6549988 160.03889    0.00000  0.00000   0.00000        0.00000   0.0000000 0.0000000
0.4000   -0.1448018 0.0000000     198.8309937 134.6549988 160.03889    0.00000  0.00000   0.00000        0.00000   0.0000000 0.0000000
0.4500   -0.1080913 0.0000000     198.8309937 134.6549988 160.03889    0.00000  0.00000   0.00000        0.00000   0.0000000 0.0000000
0.5000   -0.0511905 0.0000000     198.8309937 134.6549988 160.03889    0.00000  0.00000   0.00000        0.00000   0.0000000 0.0000000
0.5500   0.0230061 0.0000000     11.5619612 22.8724937 137.37059    0.00000  0.00000   0.00000        0.00000   0.0000000 0.0000000
0.6000   0.0891013 0.0000000     9.5563946 19.3644505 116.37602    0.00000  0.00000   0.00000        0.00000   0.0000000 0.0000000
0.6500   0.1309353 0.0000000     8.0081367 16.5927563 99.77803    0.00000  0.00000   0.00000        0.00000   0.0000000 0.0000000
0.7000   0.1442761 0.0000000     6.7923479 14.3688183 86.45255    0.00000  0.00000   0.00000        0.00000   0.0000000 0.0000000
0.7500   0.1226414 0.0000000     5.8227968 12.5592594 75.60415    0.00000  0.00000   0.00000        0.00000   0.0000000 0.0000000
0.8000   0.0570194 0.0000000     5.0397468 11.0699940 66.67143    0.00000  0.00000   0.00000        0.00000   0.0000000 0.0000000
0.8500   -0.0511148 0.0000000     4.3991137 9.8298368 59.22938    0.00000  0.00000   0.00000        0.00000   0.0000000 0.0000000
0.9000   -0.1459700 0.0000000     3.8673313 8.7830524 52.94494    0.00000  0.00000   0.00000        0.00000   0.0000000 0.0000000
0.9500   -0.1936876 0.0000000     3.4207282 7.8898778 47.58043    0.00000  0.00000   0.00000        0.00000   0.0000000 0.0000000
1.0000   -0.1940393 0.0000000     3.0428743 7.1226802 42.97070    0.00000  0.00000   0.00000        0.00000   0.0000000 0.0000000
1.0500   -0.1849795 0.0000000     2.7210219 6.4596868 38.98555    0.00000  0.00000   0.00000        0.00000   0.0000000 0.0000000
1.1000   -0.1852673 0.0000000     2.4449143 5.8830214 35.51802    0.00000  0.00000   0.00000        0.00000   0.0000000 0.0000000
1.1500   -0.1941841 0.0000000     2.2064986 5.3784513 32.48294    0.00000  0.00000   0.00000        0.00000   0.0000000 0.0000000
1.2000   -0.2070927 0.0000000     1.9994134 4.9345922 29.81215    0.00000  0.00000   0.00000        0.00000   0.0000000 0.0000000
1.2500   -0.2204368 0.0000000     1.8185766 4.5422382 27.45050    0.00000  0.00000   0.00000        0.00000   0.0000000 0.0000000
1.3000   -0.2331945 0.0000000     1.6598680 4.1938295 25.35271    0.00000  0.00000   0.00000        0.00000   0.0000000 0.0000000
1.3500   -0.2421258 0.0000000     1.5199207 3.8831117 23.48130    0.00000  0.00000   0.00000        0.00000   0.0000000 0.0000000
1.4000   -0.2334965 0.0000000     1.3959848 3.6049230 21.80532    0.00000  0.00000   0.00000        0.00000   0.0000000 0.0000000
1.4500   -0.2096808 0.0000000     1.2858025 3.3549833 20.29910    0.00000  0.00000   0.00000        0.00000   0.0000000 0.0000000
1.5000   -0.1792023 0.0000000     1.1874692 3.1296356 18.94072    0.00000  0.00000   0.00000        0.00000   0.0000000 0.0000000
1.5500   -0.1490898 0.0000000     1.0993869 2.9257762 17.71154    0.00000  0.00000   0.00000        0.00000   0.0000000 0.0000000
1.6000   -0.1210696 0.0000000     1.0202272 2.7408056 16.59596    0.00000  0.00000   0.00000        0.00000   0.0000000 0.0000000
1.6500   -0.0944774 0.0000000     0.9488689 2.5725093 15.58070    0.00000  0.00000   0.00000        0.00000   0.0000000 0.0000000
1.7000   -0.0687580 0.0000000     0.8843581 2.4189856 14.65434    0.00000  0.00000   0.00000        0.00000   0.0000000 0.0000000
1.7500   -0.0440499 0.0000000     0.8258795 2.2785940 13.80701    0.00000  0.00000   0.00000        0.00000   0.0000000 0.0000000
1.8000   -0.0209651 0.0000000     0.7727321 2.1499114 13.03018    0.00000  0.00000   0.00000        0.00000   0.0000000 0.0000000
1.8500   -0.0002231 0.0000000     0.7243124 2.0317013 12.31641    0.00000  0.00000   0.00000        0.00000   0.0000000 0.0000000
1.9000   0.0176054 0.0000000     0.6800982 1.9228863 11.65923    0.00000  0.00000   0.00000        0.00000   0.0000000 0.0000000
1.9500   0.0321166 0.0000000     0.6396348 1.8225188 11.05294    0.00000  0.00000   0.00000        0.00000   0.0000000 0.0000000
2.0000   0.0427804 0.0000000     0.6025233 1.7297597 10.49250    0.00000  0.00000   0.00000        0.00000   0.0000000 0.0000000
2.0500   0.0501054 0.0000000     0.5684163 1.6438738 9.97348    0.00000  0.00000   0.00000        0.00000   0.0000000 0.0000000
2.1000   0.0551031 0.0000000     0.5370080 1.5642077 9.49195    0.00000  0.00000   0.00000        0.00000   0.0000000 0.0000000
2.1500   0.0586552 0.0000000     0.5080283 1.4901789 9.04442    0.00000  0.00000   0.00000        0.00000   0.0000000 0.0000000
2.2000   0.0612857 0.0000000     0.4812381 1.4212687 8.62775    0.00000  0.00000   0.00000        0.00000   0.0000000 0.0000000
2.2500   0.0631810 0.0000000     0.4564259 1.3570142 8.23916    0.00000  0.00000   0.00000        0.00000   0.0000000 0.0000000
2.3000   0.0643199 0.0000000     0.4334055 1.2970048 7.87618    0.00000  0.00000   0.00000        0.00000   0.0000000 0.0000000
2.3500   0.0994412 0.0000000     0.4120224 1.2409029 7.53678    0.00000  0.00000   0.00000        0.00000   0.0000000 0.0000000
2.4000   0.1455555 0.0000000     0.3921350 1.1883949 7.21906    0.00000  0.00000   0.00000        0.00000   0.0000000 0.0000000
2.4500   0.1474080 0.0000000     0.3736156 1.1391964 6.92133    0.00000  0.00000   0.00000        0.00000   0.0000000 0.0000000
2.5000   0.1127575 0.0000000     0.3563516 1.0930552 6.64205    0.00000  0.00000   0.00000        0.00000   0.0000000 0.0000000
2.5500   0.0679433 0.0000000     0.3402307 1.0497144 6.37967    0.00000  0.00000   0.00000        0.00000   0.0000000 0.0000000
2.6000   0.0329051 0.0000000     0.3251472 1.0089279 6.13273    0.00000  0.00000   0.00000        0.00000   0.0000000 0.0000000
2.6500   0.0142033 0.0000000     0.3110078 0.9704770 5.89989    0.00000  0.00000   0.00000        0.00000   0.0000000 0.0000000
2.7000   0.0083408 0.0000000     0.2977324 0.9341748 5.68003    0.00000  0.00000   0.00000        0.00000   0.0000000 0.0000000
2.7500   0.0081354 0.0000000     0.2852528 0.8998623 5.47218    0.00000  0.00000   0.00000        0.00000   0.0000000 0.0000000
2.8000   0.0077416 0.0000000     0.2735088 0.8673990 5.27552    0.00000  0.00000   0.00000        0.00000   0.0000000 0.0000000
2.8500   0.0047313 0.0000000     0.2624460 0.8366578 5.08925    0.00000  0.00000   0.00000        0.00000   0.0000000 0.0000000
2.9000   -0.0003824 0.0000000     0.2520146 0.8075211 4.91269    0.00000  0.00000   0.00000        0.00000   0.0000000 0.0000000
2.9500   -0.0058309 0.0000000     0.2421680 0.7798780 4.74515    0.00000  0.00000   0.00000        0.00000   0.0000000 0.0000000
3.0000   -0.0101395 0.0000000     0.2328640 0.7536280 4.58604    0.00000  0.00000   0.00000        0.00000   0.0000000 0.0000000
3.0500   -0.0128341 0.0000000     0.2240641 0.7286779 4.43479    0.00000  0.00000   0.00000        0.00000   0.0000000 0.0000000
3.1000   -0.0143009 0.0000000     0.2157330 0.7049433 4.29088    0.00000  0.00000   0.00000        0.00000   0.0000000 0.0000000
3.1500   -0.0152288 0.0000000     0.2078389 0.6823469 4.15386    0.00000  0.00000   0.00000        0.00000   0.0000000 0.0000000
3.2000   -0.0161204 0.0000000     0.2003524 0.6608170 4.02329    0.00000  0.00000   0.00000        0.00000   0.0000000 0.0000000
3.2500   -0.0171180 0.0000000     0.1932466 0.6402881 3.89878    0.00000  0.00000   0.00000        0.00000   0.0000000 0.0000000
3.3000   -0.0181168 0.0000000     0.1864966 0.6206986 3.77995    0.00000  0.00000   0.00000        0.00000   0.0000000 0.0000000
3.3500   -0.0189766 0.0000000     0.1800797 0.6019929 3.66646    0.00000  0.00000   0.00000        0.00000   0.0000000 0.0000000
3.4000   -0.0196605 0.0000000     0.1739749 0.5841188 3.55801    0.00000  0.00000   0.00000        0.00000   0.0000000 0.0000000
3.4500   -0.0202394 0.0000000     0.1681628 0.5670282 3.45430    0.00000  0.00000   0.00000        0.00000   0.0000000 0.0000000
3.5000   -0.0208461 0.0000000     0.1629595 0.5516643 3.36106    0.00000  0.00000   0.00000        0.00000   0.0000000 0.0000000
3.5500   -0.0238741 0.0000000     0.1615623 0.5475283 3.33596    0.00000  0.00000   0.00000        0.00000   0.0000000 0.0000000
3.6000   -0.0289943 0.0000000     0.1601821 0.5434383 3.31114    0.00000  0.00000   0.00000        0.00000   0.0000000 0.0000000
3.6500   -0.0336630 0.0000000     0.1588181 0.5393920 3.28658    0.00000  0.00000   0.00000        0.00000   0.0000000 0.0000000
3.7000   -0.0353242 0.0000000     0.1574702 0.5353889 3.26228    0.00000  0.00000   0.00000        0.00000   0.0000000 0.0000000
3.7500   -0.0341357 0.0000000     0.1561383 0.5314294 3.23825    0.00000  0.00000   0.00000        0.00000   0.0000000 0.0000000
3.8000   -0.0318284 0.0000000     0.1548225 0.5275134 3.21448    0.00000  0.00000   0.00000        0.00000   0.0000000 0.0000000
3.8500   -0.0300342 0.0000000     0.1535227 0.5236408 3.19097    0.00000  0.00000   0.00000        0.00000   0.0000000 0.0000000
3.9000   -0.0293662 0.0000000     0.1522388 0.5198116 3.16772    0.00000  0.00000   0.00000        0.00000   0.0000000 0.0000000
3.9500   -0.0295067 0.0000000     0.1509707 0.5160254 3.14474    0.00000  0.00000   0.00000        0.00000   0.0000000 0.0000000
4.0000   -0.0298170 0.0000000     0.1499008 0.5128279 3.12533    0.00000  0.00000   0.00000        0.00000   0.0000000 0.0000000
4.0500   -0.0300423 0.0000000     0.1486617 0.5091212 3.10282    0.00000  0.00000   0.00000        0.00000   0.0000000 0.0000000
4.1000   -0.0299420 0.0000000     0.1474378 0.5054563 3.08057    0.00000  0.00000   0.00000        0.00000   0.0000000 0.0000000
4.1500   -0.0295204 0.0000000     0.1462289 0.5018324 3.05857    0.00000  0.00000   0.00000        0.00000   0.0000000 0.0000000
4.2000   -0.0290173 0.0000000     0.1450349 0.4982495 3.03682    0.00000  0.00000   0.00000        0.00000   0.0000000 0.0000000
4.2500   -0.0286121 0.0000000     0.1438556 0.4947070 3.01531    0.00000  0.00000   0.00000        0.00000   0.0000000 0.0000000
4.3000   -0.0283345 0.0000000     0.1426908 0.4912046 2.99404    0.00000  0.00000   0.00000        0.00000   0.0000000 0.0000000
4.3500   -0.0281211 0.0000000     0.1415404 0.4877417 2.97302    0.00000  0.00000   0.00000        0.00000   0.0000000 0.0000000
4.4000   -0.0279054 0.0000000     0.1404041 0.4843180 2.95223    0.00000  0.00000   0.00000        0.00000   0.0000000 0.0000000
4.4500   -0.0276656 0.0000000     0.1392819 0.4809331 2.93167    0.00000  0.00000   0.00000        0.00000   0.0000000 0.0000000
4.5000   -0.0274201 0.0000000     0.1381734 0.4775863 2.91135    0.00000  0.00000   0.00000        0.00000   0.0000000 0.0000000
4.5500   -0.0195278 0.0000000     0.0796645 0.3226502 3.29831    0.00000  0.00000   0.00000        0.00000   0.0000000 0.0000000
4.6000   -0.0118358 0.0000000     0.0778227 0.3201932 3.27298    0.00000  0.00000   0.00000        0.00000   0.0000000 0.0000000
4.6500   -0.0132400 0.0000000     0.0760323 0.3177670 3.24796    0.00000  0.00000   0.00000        0.00000   0.0000000 0.0000000
4.7000   -0.0195291 0.0000000     0.0742922 0.3153718 3.22327    0.00000  0.00000   0.00000        0.00000   0.0000000 0.0000000
4.7500   -0.0249682 0.0000000     0.0726008 0.3130072 3.19889    0.00000  0.00000   0.00000        0.00000   0.0000000 0.0000000
4.8000   -0.0271360 0.0000000     0.0709560 0.3106717 3.17482    0.00000  0.00000   0.00000        0.00000   0.0000000 0.0000000
4.8500   -0.0266302 0.0000000     0.0693558 0.3083645 3.15104    0.00000  0.00000   0.00000        0.00000   0.0000000 0.0000000
4.9000   -0.0250624 0.0000000     0.0677986 0.3060845 3.12754    0.00000  0.00000   0.00000        0.00000   0.0000000 0.0000000
4.9500   -0.0236244 0.0000000     0.0662830 0.3038315 3.10432    0.00000  0.00000   0.00000        0.00000   0.0000000 0.0000000
5.0000   -0.0227341 0.0000000     0.0648319 0.3016415 3.08175    0.00000  0.00000   0.00000        0.00000   0.0000000 0.0000000
5.0500   -0.0222862 0.0000000     0.0633909 0.2994338 3.05900    0.00000  0.00000   0.00000        0.00000   0.0000000 0.0000000
5.1000   -0.0221029 0.0000000     0.0619884 0.2972523 3.03652    0.00000  0.00000   0.00000        0.00000   0.0000000 0.0000000
5.1500   -0.0220594 0.0000000     0.0606231 0.2950968 3.01431    0.00000  0.00000   0.00000        0.00000   0.0000000 0.0000000
5.2000   -0.0220925 0.0000000     0.0592940 0.2929667 2.99236    0.00000  0.00000   0.00000        0.00000   0.0000000 0.0000000
5.2500   -0.0221868 0.0000000     0.0580000 0.2908617 2.97068    0.00000  0.00000   0.00000        0.00000   0.0000000 0.0000000
5.3000   -0.0223444 0.0000000     0.0567400 0.2887815 2.94925    0.00000  0.00000   0.00000        0.00000   0.0000000 0.0000000
5.3500   -0.0225650 0.0000000     0.0555130 0.2867256 2.92807    0.00000  0.00000   0.00000        0.00000   0.0000000 0.0000000
5.4000   -0.0228398 0.0000000     0.0543181 0.2846939 2.90714    0.00000  0.00000   0.00000        0.00000   0.0000000 0.0000000
5.4500   -0.0231547 0.0000000     0.0531543 0.2826858 2.88646    0.00000  0.00000   0.00000        0.00000   0.0000000 0.0000000
5.5000   -0.0234942 0.0000000     0.0520205 0.2807010 2.86602    0.00000  0.00000   0.00000        0.00000   0.0000000 0.0000000
5.5500   -0.0238444 0.0000000     0.0509162 0.2787395 2.84581    0.00000  0.00000   0.00000        0.00000   0.0000000 0.0000000
5.6000   -0.0241942 0.0000000     0.0498401 0.2768005 2.82585    0.00000  0.00000   0.00000        0.00000   0.0000000 0.0000000
5.6500   -0.0245351 0.0000000     0.0487917 0.2748840 2.80611    0.00000  0.00000   0.00000        0.00000   0.0000000 0.0000000
5.7000   -0.0248606 0.0000000     0.0477700 0.2729895 2.78660    0.00000  0.00000   0.00000        0.00000   0.0000000 0.0000000
5.7500   -0.0251659 0.0000000     0.0467743 0.2711168 2.76732    0.00000  0.00000   0.00000        0.00000   0.0000000 0.0000000
5.8000   -0.0254475 0.0000000     0.0458038 0.2692655 2.74826    0.00000  0.00000   0.00000        0.00000   0.0000000 0.0000000
5.8500   -0.0257035 0.0000000     0.0448579 0.2674353 2.72942    0.00000  0.00000   0.00000        0.00000   0.0000000 0.0000000
5.9000   -0.0259329 0.0000000     0.0439357 0.2656261 2.71080    0.00000  0.00000   0.00000        0.00000   0.0000000 0.0000000
5.9500   -0.0261357 0.0000000     0.0430366 0.2638373 2.69238    0.00000  0.00000   0.00000        0.00000   0.0000000 0.0000000
6.0000   -0.0263130 0.0000000     0.0422161 0.2621826 2.67535    0.00000  0.00000   0.00000        0.00000   0.0000000 0.0000000
6.0500   -0.0263867 0.0000000     0.0413608 0.2604349 2.65736    0.00000  0.00000   0.00000        0.00000   0.0000000 0.0000000
6.1000   -0.0264585 0.0000000     0.0405269 0.2587070 2.63958    0.00000  0.00000   0.00000        0.00000   0.0000000 0.0000000
6.1500   -0.0278098 0.0000000     0.0397141 0.2569999 2.62201    0.00000  0.00000   0.00000        0.00000   0.0000000 0.0000000
6.2000   -0.0301126 0.0000000     0.0389218 0.2553129 2.60465    0.00000  0.00000   0.00000        0.00000   0.0000000 0.0000000
6.2500   -0.0323182 0.0000000     0.0381492 0.2536454 2.58749    0.00000  0.00000   0.00000        0.00000   0.0000000 0.0000000
6.3000   -0.0339647 0.0000000     0.0373957 0.2519972 2.57053    0.00000  0.00000   0.00000        0.00000   0.0000000 0.0000000
6.3500   -0.0350108 0.0000000     0.0366607 0.2503678 2.55377    0.00000  0.00000   0.00000        0.00000   0.0000000 0.0000000
6.4000   -0.0355744 0.0000000     0.0359437 0.2487570 2.53720    0.00000  0.00000   0.00000        0.00000   0.0000000 0.0000000
6.4500   -0.0357888 0.0000000     0.0352443 0.2471645 2.52081    0.00000  0.00000   0.00000        0.00000   0.0000000 0.0000000
6.5000   -0.0357559 0.0000000     0.0345618 0.2455901 2.50462    0.00000  0.00000   0.00000        0.00000   0.0000000 0.0000000
6.5500   -0.0355452 0.0000000     0.0338959 0.2440336 2.48860    0.00000  0.00000   0.00000        0.00000   0.0000000 0.0000000
6.6000   -0.0352042 0.0000000     0.0332461 0.2424947 2.47278    0.00000  0.00000   0.00000        0.00000   0.0000000 0.0000000
6.6500   -0.0347670 0.0000000     0.0326119 0.2409732 2.45713    0.00000  0.00000   0.00000        0.00000   0.0000000 0.0000000
6.7000   -0.0342604 0.0000000     0.0319930 0.2394690 2.44166    0.00000  0.00000   0.00000        0.00000   0.0000000 0.0000000
6.7500   -0.0337063 0.0000000     0.0313889 0.2379818 2.42636    0.00000  0.00000   0.00000        0.00000   0.0000000 0.0000000
6.8000   -0.0331235 0.0000000     0.0307991 0.2365113 2.41124    0.00000  0.00000   0.00000        0.00000   0.0000000 0.0000000
6.8500   -0.0325282 0.0000000     0.0302235 0.2350574 2.39629    0.00000  0.00000   0.00000        0.00000   0.0000000 0.0000000
6.9000   -0.0319344 0.0000000     0.0296614 0.2336199 2.38151    0.00000  0.00000   0.00000        0.00000   0.0000000 0.0000000
6.9500   -0.0313542 0.0000000     0.0291127 0.2321985 2.36689    0.00000  0.00000   0.00000        0.00000   0.0000000 0.0000000
7.0000   -0.0307978 0.0000000     0.0285942 0.2308389 2.35291    0.00000  0.00000   0.00000        0.00000   0.0000000 0.0000000
7.0500   -0.0301921 0.0000000     0.0280707 0.2294491 2.33862    0.00000  0.00000   0.00000        0.00000   0.0000000 0.0000000
7.1000   -0.0296008 0.0000000     0.0275593 0.2280747 2.32449    0.00000  0.00000   0.00000        0.00000   0.0000000 0.0000000
7.1500   -0.0290791 0.0000000     0.0270599 0.2267157 2.31052    0.00000  0.00000   0.00000        0.00000   0.0000000 0.0000000
7.2000   -0.0286241 0.0000000     0.0265721 0.2253717 2.29671    0.00000  0.00000   0.00000        0.00000   0.0000000 0.0000000
7.2500   -0.0282316 0.0000000     0.0260955 0.2240428 2.28305    0.00000  0.00000   0.00000        0.00000   0.0000000 0.0000000
7.3000   -0.0279022 0.0000000     0.0256299 0.2227285 2.26954    0.00000  0.00000   0.00000        0.00000   0.0000000 0.0000000
7.3500   -0.0276373 0.0000000     0.0251750 0.2214287 2.25618    0.00000  0.00000   0.00000        0.00000   0.0000000 0.0000000
7.4000   -0.0274358 0.0000000     0.0247304 0.2201432 2.24297    0.00000  0.00000   0.00000        0.00000   0.0000000 0.0000000
7.4500   -0.0272939 0.0000000     0.0242960 0.2188719 2.22990    0.00000  0.00000   0.00000        0.00000   0.0000000 0.0000000
7.5000   -0.0272056 0.0000000     0.0238714 0.2176145 2.21698    0.00000  0.00000   0.00000        0.00000   0.0000000 0.0000000
7.5500   -0.0271635 0.0000000     0.0234565 0.2163709 2.20420    0.00000  0.00000   0.00000        0.00000   0.0000000 0.0000000
7.6000   -0.0271597 0.0000000     0.0230508 0.2151409 2.19156    0.00000  0.00000   0.00000        0.00000   0.0000000 0.0000000
7.6500   -0.0271861 0.0000000     0.0226543 0.2139244 2.17906    0.00000  0.00000   0.00000        0.00000   0.0000000 0.0000000
7.7000   -0.0272346 0.0000000     0.0222666 0.2127210 2.16670    0.00000  0.00000   0.00000        0.00000   0.0000000 0.0000000
7.7500   -0.0272976 0.0000000     0.0218875 0.2115307 2.15447    0.00000  0.00000   0.00000        0.00000   0.0000000 0.0000000
7.8000   -0.0273683 0.0000000     0.0215169 0.2103533 2.14237    0.00000  0.00000   0.00000        0.00000   0.0000000 0.0000000
7.8500   -0.0274406 0.0000000     0.0211544 0.2091886 2.13041    0.00000  0.00000   0.00000        0.00000   0.0000000 0.0000000
7.9000   -0.0275092 0.0000000     0.0207999 0.2080364 2.11857    0.00000  0.00000   0.00000        0.00000   0.0000000 0.0000000
7.9500   -0.0275699 0.0000000     0.0204532 0.2068967 2.10687    0.00000  0.00000   0.00000        0.00000   0.0000000 0.0000000
8.0000   -0.0276195 0.0000000     0.0201230 0.2057991 2.09559    0.00000  0.00000   0.00000        0.00000   0.0000000 0.0000000
8.0500   -0.0275850 0.0000000     0.0197910 0.2046834 2.08413    0.00000  0.00000   0.00000        0.00000   0.0000000 0.0000000
8.1000   -0.0275107 0.0000000     0.0194662 0.2035796 2.07280    0.00000  0.00000   0.00000        0.00000   0.0000000 0.0000000
8.1500   -0.0274425 0.0000000     0.0191485 0.2024875 2.06158    0.00000  0.00000   0.00000        0.00000   0.0000000 0.0000000
8.2000   -0.0273795 0.0000000     0.0188375 0.2014071 2.05049    0.00000  0.00000   0.00000        0.00000   0.0000000 0.0000000
8.2500   -0.0273182 0.0000000     0.0185333 0.2003381 2.03951    0.00000  0.00000   0.00000        0.00000   0.0000000 0.0000000
8.3000   -0.0272591 0.0000000     0.0182355 0.1992804 2.02865    0.00000  0.00000   0.00000        0.00000   0.0000000 0.0000000
8.3500   -0.0272044 0.0000000     0.0179440 0.1982338 2.01790    0.00000  0.00000   0.00000        0.00000   0.0000000 0.0000000
8.4000   -0.0271559 0.0000000     0.0176588 0.1971983 2.00727    0.00000  0.00000   0.00000        0.00000   0.0000000 0.0000000
8.4500   -0.0271140 0.0000000     0.0173795 0.1961737 1.99675    0.00000  0.00000   0.00000        0.00000   0.0000000 0.0000000
8.5000   -0.0270784 0.0000000     0.0171061 0.1951597 1.98634    0.00000  0.00000   0.00000        0.00000   0.0000000 0.0000000
8.5500   -0.0270501 0.0000000     0.0168384 0.1941564 1.97604    0.00000  0.00000   0.00000        0.00000   0.0000000 0.0000000
8.6000   -0.0275545 0.0000000     0.0165769 0.1931658 1.96587    0.00000  0.00000   0.00000        0.00000   0.0000000 0.0000000
8.6500   -0.0285725 0.0000000     0.0163218 0.1921894 1.95585    0.00000  0.00000   0.00000        0.00000   0.0000000 0.0000000
8.7000   -0.0295837 0.0000000     0.0160729 0.1912267 1.94596    0.00000  0.00000   0.00000        0.00000   0.0000000 0.0000000
8.7500   -0.0303425 0.0000000     0.0158301 0.1902778 1.93622    0.00000  0.00000   0.00000        0.00000   0.0000000 0.0000000
8.8000   -0.0307965 0.0000000     0.0155932 0.1893423 1.92662    0.00000  0.00000   0.00000        0.00000   0.0000000 0.0000000
8.8500   -0.0309726 0.0000000     0.0153619 0.1884201 1.91716    0.00000  0.00000   0.00000        0.00000   0.0000000 0.0000000
8.9000   -0.0309176 0.0000000     0.0151362 0.1875108 1.90782    0.00000  0.00000   0.00000        0.00000   0.0000000 0.0000000
8.9500   -0.0306781 0.0000000     0.0149159 0.1866144 1.89863    0.00000  0.00000   0.00000        0.00000   0.0000000 0.0000000
9.0000   -0.0302974 0.0000000     0.0147067 0.1857549 1.88981    0.00000  0.00000   0.00000        0.00000   0.0000000 0.0000000
9.0500   -0.0297435 0.0000000     0.0144965 0.1848831 1.88086    0.00000  0.00000   0.00000        0.00000   0.0000000 0.0000000
9.1000   -0.0290961 0.0000000     0.0142913 0.1840236 1.87204    0.00000  0.00000   0.00000        0.00000   0.0000000 0.0000000
9.1500   -0.0284388 0.0000000     0.0140908 0.1831760 1.86334    0.00000  0.00000   0.00000        0.00000   0.0000000 0.0000000
9.2000   -0.0278019 0.0000000     0.0138950 0.1823402 1.85477    0.00000  0.00000   0.00000        0.00000   0.0000000 0.0000000
9.2500   -0.0272041 0.0000000     0.0137037 0.1815159 1.84631    0.00000  0.00000   0.00000        0.00000   0.0000000 0.0000000
9.3000   -0.0266606 0.0000000     0.0135167 0.1807030 1.83797    0.00000  0.00000   0.00000        0.00000   0.0000000 0.0000000
9.3500   -0.0261829 0.0000000     0.0133341 0.1799013 1.82974    0.00000  0.00000   0.00000        0.00000   0.0000000 0.0000000
9.4000   -0.0257776 0.0000000     0.0131556 0.1791106 1.82163    0.00000  0.00000   0.00000        0.00000   0.0000000 0.0000000
9.4500   -0.0254466 0.0000000     0.0129811 0.1783308 1.81363    0.00000  0.00000   0.00000        0.00000   0.0000000 0.0000000
9.5000   -0.0251874 0.0000000     0.0128105 0.1775617 1.80574    0.00000  0.00000   0.00000        0.00000   0.0000000 0.0000000
9.5500   -0.0249946 0.0000000     0.0126438 0.1768031 1.79796    0.00000  0.00000   0.00000        0.00000   0.0000000 0.0000000
9.6000   -0.0248604 0.0000000     0.0124808 0.1760548 1.79029    0.00000  0.00000   0.00000        0.00000   0.0000000 0.0000000
9.6500   -0.0247755 0.0000000     0.0123214 0.1753168 1.78272    0.00000  0.00000   0.00000        0.00000   0.0000000 0.0000000
9.7000   -0.0247299 0.0000000     0.0121655 0.1745887 1.77525    0.00000  0.00000   0.00000        0.00000   0.0000000 0.0000000
9.7500   -0.0247134 0.0000000     0.0120130 0.1738708 1.76788    0.00000  0.00000   0.00000        0.00000   0.0000000 0.0000000
9.8000   -0.0247164 0.0000000     0.0118639 0.1731624 1.76062    0.00000  0.00000   0.00000        0.00000   0.0000000 0.0000000
9.8500   -0.0247298 0.0000000     0.0117180 0.1724637 1.75345    0.00000  0.00000   0.00000        0.00000   0.0000000 0.0000000
9.9000   -0.0247459 0.0000000     0.0115754 0.1717747 1.74639    0.00000  0.00000   0.00000        0.00000   0.0000000 0.0000000
9.9500   -0.0247580 0.0000000     0.0114359 0.1710954 1.73942    0.00000  0.00000   0.00000        0.00000   0.0000000 0.0000000
10.0000   -0.0247611 0.0000000     0.0113032 0.1704444 1.73275    0.00000  0.00000   0.00000        0.00000   0.0000000 0.0000000
10.0500   -0.0246842 0.0000000     0.0111696 0.1697832 1.72597    0.00000  0.00000   0.00000        0.00000   0.0000000 0.0000000
10.1000   -0.0245633 0.0000000     0.0110388 0.1691310 1.71928    0.00000  0.00000   0.00000        0.00000   0.0000000 0.0000000
10.1500   -0.0244475 0.0000000     0.0109108 0.1684874 1.71268    0.00000  0.00000   0.00000        0.00000   0.0000000 0.0000000
10.2000   -0.0243413 0.0000000     0.0107855 0.1678525 1.70617    0.00000  0.00000   0.00000        0.00000   0.0000000 0.0000000
10.2500   -0.0242411 0.0000000     0.0106628 0.1672262 1.69975    0.00000  0.00000   0.00000        0.00000   0.0000000 0.0000000
10.3000   -0.0241450 0.0000000     0.0105427 0.1666082 1.69341    0.00000  0.00000   0.00000        0.00000   0.0000000 0.0000000
10.3500   -0.0240524 0.0000000     0.0104251 0.1659985 1.68716    0.00000  0.00000   0.00000        0.00000   0.0000000 0.0000000
10.4000   -0.0239627 0.0000000     0.0103099 0.1653968 1.68099    0.00000  0.00000   0.00000        0.00000   0.0000000 0.0000000
10.4500   -0.0238751 0.0000000     0.0101971 0.1648032 1.67491    0.00000  0.00000   0.00000        0.00000   0.0000000 0.0000000
10.5000   -0.0237888 0.0000000     0.0100866 0.1642175 1.66890    0.00000  0.00000   0.00000        0.00000   0.0000000 0.0000000
10.5500   -0.0237025 0.0000000     0.0099783 0.1636396 1.66298    0.00000  0.00000   0.00000        0.00000   0.0000000 0.0000000
10.6000   -0.0236152 0.0000000     0.0098723 0.1630693 1.65713    0.00000  0.00000   0.00000        0.00000   0.0000000 0.0000000
10.6500   -0.0235261 0.0000000     0.0097684 0.1625066 1.65137    0.00000  0.00000   0.00000        0.00000   0.0000000 0.0000000
10.7000   -0.0234344 0.0000000     0.0096667 0.1619513 1.64567    0.00000  0.00000   0.00000        0.00000   0.0000000 0.0000000
10.7500   -0.0233396 0.0000000     0.0095669 0.1614033 1.64006    0.00000  0.00000   0.00000        0.00000   0.0000000 0.0000000
10.8000   -0.0232415 0.0000000     0.0094692 0.1608626 1.63451    0.00000  0.00000   0.00000        0.00000   0.0000000 0.0000000
10.8500   -0.0231399 0.0000000     0.0093734 0.1603290 1.62905    0.00000  0.00000   0.00000        0.00000   0.0000000 0.0000000
10.9000   -0.0230348 0.0000000     0.0092795 0.1598023 1.62365    0.00000  0.00000   0.00000        0.00000   0.0000000 0.0000000
10.9500   -0.0229255 0.0000000     0.0091875 0.1592827 1.61832    0.00000  0.00000   0.00000        0.00000   0.0000000 0.0000000
11.0000   -0.0228111 0.0000000     0.0090974 0.1587704 1.61307    0.00000  0.00000   0.00000        0.00000   0.0000000 0.0000000
11.0500   -0.0226306 0.0000000     0.0090090 0.1582645 1.60789    0.00000  0.00000   0.00000        0.00000   0.0000000 0.0000000
11.1000   -0.0224184 0.0000000     0.0089223 0.1577653 1.60277    0.00000  0.00000   0.00000        0.00000   0.0000000 0.0000000
11.1500   -0.0222248 0.0000000     0.0088373 0.1572728 1.59773    0.00000  0.00000   0.00000        0.00000   0.0000000 0.0000000
11.2000   -0.0220565 0.0000000     0.0087540 0.1567868 1.59275    0.00000  0.00000   0.00000        0.00000   0.0000000 0.0000000
11.2500   -0.0219101 0.0000000     0.0086724 0.1563073 1.58783    0.00000  0.00000   0.00000        0.00000   0.0000000 0.0000000
11.3000   -0.0217818 0.0000000     0.0085923 0.1558341 1.58298    0.00000  0.00000   0.00000        0.00000   0.0000000 0.0000000
11.3500   -0.0216683 0.0000000     0.0085138 0.1553672 1.57820    0.00000  0.00000   0.00000        0.00000   0.0000000 0.0000000
11.4000   -0.0215665 0.0000000     0.0084367 0.1549065 1.57348    0.00000  0.00000   0.00000        0.00000   0.0000000 0.0000000
11.4500   -0.0214732 0.0000000     0.0083612 0.1544518 1.56882    0.00000  0.00000   0.00000        0.00000   0.0000000 0.0000000
11.5000   -0.0213849 0.0000000     0.0082871 0.1540031 1.56422    0.00000  0.00000   0.00000        0.00000   0.0000000 0.0000000
11.5500   -0.0212987 0.0000000     0.0082144 0.1535604 1.55969    0.00000  0.00000   0.00000        0.00000   0.0000000 0.0000000
11.6000   -0.0212120 0.0000000     0.0081431 0.1531235 1.55521    0.00000  0.00000   0.00000        0.00000   0.0000000 0.0000000
11.6500   -0.0211227 0.0000000     0.0080731 0.1526922 1.55079    0.00000  0.00000   0.00000        0.00000   0.0000000 0.0000000
11.7000   -0.0210291 0.0000000     0.0080045 0.1522667 1.54643    0.00000  0.00000   0.00000        0.00000   0.0000000 0.0000000
11.7500   -0.0209303 0.0000000     0.0079371 0.1518468 1.54213    0.00000  0.00000   0.00000        0.00000   0.0000000 0.0000000
11.8000   -0.0208257 0.0000000     0.0078710 0.1514323 1.53789    0.00000  0.00000   0.00000        0.00000   0.0000000 0.0000000
11.8500   -0.0207150 0.0000000     0.0078061 0.1510233 1.53370    0.00000  0.00000   0.00000        0.00000   0.0000000 0.0000000
11.9000   -0.0205983 0.0000000     0.0077425 0.1506196 1.52956    0.00000  0.00000   0.00000        0.00000   0.0000000 0.0000000
11.9500   -0.0204761 0.0000000     0.0076800 0.1502212 1.52548    0.00000  0.00000   0.00000        0.00000   0.0000000 0.0000000
12.0000   -0.0203488 0.0000000     0.0076179 0.1498233 1.52141    0.00000  0.00000   0.00000        0.00000   0.0000000 0.0000000
12.0500   -0.0201546 0.0000000     0.0075577 0.1494353 1.51743    0.00000  0.00000   0.00000        0.00000   0.0000000 0.0000000
12.1000   -0.0199245 0.0000000     0.0074986 0.1490522 1.51351    0.00000  0.00000   0.00000        0.00000   0.0000000 0.0000000
12.1500   -0.0197107 0.0000000     0.0074405 0.1486741 1.50963    0.00000  0.00000   0.00000        0.00000   0.0000000 0.0000000
12.2000   -0.0195219 0.0000000     0.0073835 0.1483009 1.50581    0.00000  0.00000   0.00000        0.00000   0.0000000 0.0000000
12.2500   -0.0193547 0.0000000     0.0073275 0.1479326 1.50204    0.00000  0.00000   0.00000        0.00000   0.0000000 0.0000000
12.3000   -0.0192041 0.0000000     0.0072726 0.1475690 1.49832    0.00000  0.00000   0.00000        0.00000   0.0000000 0.0000000
12.3500   -0.0190653 0.0000000     0.0072186 0.1472101 1.49464    0.00000  0.00000   0.00000        0.00000   0.0000000 0.0000000
12.4000   -0.0189368 0.0000000     0.0071656 0.1468559 1.49101    0.00000  0.00000   0.00000        0.00000   0.0000000 0.0000000
12.4500   -0.0188161 0.0000000     0.0071135 0.1465062 1.48743    0.00000  0.00000   0.00000        0.00000   0.0000000 0.0000000
12.5000   -0.0187001 0.0000000     0.0070623 0.1461610 1.48390    0.00000  0.00000   0.00000        0.00000   0.0000000 0.0000000
12.5500   -0.0185858 0.0000000     0.0070121 0.1458203 1.48041    0.00000  0.00000   0.00000        0.00000   0.0000000 0.0000000
12.6000   -0.0184706 0.0000000     0.0069627 0.1454840 1.47696    0.00000  0.00000   0.00000        0.00000   0.0000000 0.0000000
12.6500   -0.0183527 0.0000000     0.0069142 0.1451520 1.47356    0.00000  0.00000   0.00000        0.00000   0.0000000 0.0000000
12.7000   -0.0182306 0.0000000     0.0068665 0.1448243 1.47021    0.00000  0.00000   0.00000        0.00000   0.0000000 0.0000000
12.7500   -0.0181033 0.0000000     0.0068197 0.1445007 1.46690    0.00000  0.00000   0.00000        0.00000   0.0000000 0.0000000
12.8000   -0.0179705 0.0000000     0.0067737 0.1441814 1.46363    0.00000  0.00000   0.00000        0.00000   0.0000000 0.0000000
12.8500   -0.0178319 0.0000000     0.0067285 0.1438661 1.46040    0.00000  0.00000   0.00000        0.00000   0.0000000 0.0000000
12.9000   -0.0176876 0.0000000     0.0066840 0.1435548 1.45721    0.00000  0.00000   0.00000        0.00000   0.0000000 0.0000000
12.9500   -0.0175380 0.0000000     0.0066403 0.1432475 1.45406    0.00000  0.00000   0.00000        0.00000   0.0000000 0.0000000
13.0000   -0.0173834 0.0000000     0.0065959 0.1429335 1.45085    0.00000  0.00000   0.00000        0.00000   0.0000000 0.0000000
13.0500   -0.0171600 0.0000000     0.0065537 0.1426340 1.44778    0.00000  0.00000   0.00000        0.00000   0.0000000 0.0000000
13.1000   -0.0168975 0.0000000     0.0065122 0.1423383 1.44475    0.00000  0.00000   0.00000        0.00000   0.0000000 0.0000000
13.1500   -0.0166511 0.0000000     0.0064714 0.1420466 1.44177    0.00000  0.00000   0.00000        0.00000   0.0000000 0.0000000
13.2000   -0.0164308 0.0000000     0.0064314 0.1417585 1.43882    0.00000  0.00000   0.00000        0.00000   0.0000000 0.0000000
13.2500   -0.0162333 0.0000000     0.0063920 0.1414739 1.43590    0.00000  0.00000   0.00000        0.00000   0.0000000 0.0000000
13.3000   -0.0160534 0.0000000     0.0063532 0.1411930 1.43303    0.00000  0.00000   0.00000        0.00000   0.0000000 0.0000000
13.3500   -0.0158868 0.0000000     0.0063151 0.1409157 1.43019    0.00000  0.00000   0.00000        0.00000   0.0000000 0.0000000
13.4000   -0.0157292 0.0000000     0.0062776 0.1406419 1.42739    0.00000  0.00000   0.00000        0.00000   0.0000000 0.0000000
13.4500   -0.0155770 0.0000000     0.0062408 0.1403717 1.42462    0.00000  0.00000   0.00000        0.00000   0.0000000 0.0000000
13.5000   -0.0154269 0.0000000     0.0062045 0.1401048 1.42189    0.00000  0.00000   0.00000        0.00000   0.0000000 0.0000000
13.5500   -0.0152760 0.0000000     0.0061689 0.1398413 1.41919    0.00000  0.00000   0.00000        0.00000   0.0000000 0.0000000
13.6000   -0.0151221 0.0000000     0.0061339 0.1395812 1.41653    0.00000  0.00000   0.00000        0.00000   0.0000000 0.0000000
13.6500   -0.0149637 0.0000000     0.0060994 0.1393244 1.41390    0.00000  0.00000   0.00000        0.00000   0.0000000 0.0000000
13.7000   -0.0147997 0.0000000     0.0060655 0.1390708 1.41130    0.00000  0.00000   0.00000        0.00000   0.0000000 0.0000000
13.7500   -0.0146293 0.0000000     0.0060321 0.1388204 1.40874    0.00000  0.00000   0.00000        0.00000   0.0000000 0.0000000
13.8000   -0.0144522 0.0000000     0.0059993 0.1385732 1.40621    0.00000  0.00000   0.00000        0.00000   0.0000000 0.0000000
13.8500   -0.0142684 0.0000000     0.0059671 0.1383291 1.40371    0.00000  0.00000   0.00000        0.00000   0.0000000 0.0000000
13.9000   -0.0140780 0.0000000     0.0059353 0.1380882 1.40125    0.00000  0.00000   0.00000        0.00000   0.0000000 0.0000000
13.9500   -0.0138813 0.0000000     0.0059041 0.1378503 1.39881    0.00000  0.00000   0.00000        0.00000   0.0000000 0.0000000
14.0000   -0.0136786 0.0000000     0.0058711 0.1375981 1.39623    0.00000  0.00000   0.00000        0.00000   0.0000000 0.0000000
14.0500   -0.0133998 0.0000000     0.0058409 0.1373662 1.39386    0.00000  0.00000   0.00000        0.00000   0.0000000 0.0000000
14.1000   -0.0130747 0.0000000     0.0058111 0.1371373 1.39151    0.00000  0.00000   0.00000        0.00000   0.0000000 0.0000000
14.1500   -0.0127644 0.0000000     0.0057819 0.1369113 1.38920    0.00000  0.00000   0.00000        0.00000   0.0000000 0.0000000
14.2000   -0.0124814 0.0000000     0.0057531 0.1366881 1.38692    0.00000  0.00000   0.00000        0.00000   0.0000000 0.0000000
14.2500   -0.0122224 0.0000000     0.0057247 0.1364678 1.38466    0.00000  0.00000   0.00000        0.00000   0.0000000 0.0000000
14.3000   -0.0119817 0.0000000     0.0056969 0.1362502 1.38243    0.00000  0.00000   0.00000        0.00000   0.0000000 0.0000000
14.3500   -0.0117538 0.0000000     0.0056694 0.1360355 1.38024    0.00000  0.00000   0.00000        0.00000   0.0000000 0.0000000
14.4000   -0.0115339 0.0000000     0.0056424 0.1358235 1.37807    0.00000  0.00000   0.00000        0.00000   0.0000000 0.0000000
14.4500   -0.0113175 0.0000000     0.0056159 0.1356141 1.37592    0.00000  0.00000   0.00000        0.00000   0.0000000 0.0000000
14.5000   -0.0111009 0.0000000     0.0055897 0.1354075 1.37381    0.00000  0.00000   0.00000        0.00000   0.0000000 0.0000000
14.5500   -0.0108809 0.0000000     0.0055640 0.1352035 1.37172    0.00000  0.00000   0.00000        0.00000   0.0000000 0.0000000
14.6000   -0.0106551 0.0000000     0.0055387 0.1350021 1.36966    0.00000  0.00000   0.00000        0.00000   0.0000000 0.0000000
14.6500   -0.0104215 0.0000000     0.0055138 0.1348033 1.36763    0.00000  0.00000   0.00000        0.00000   0.0000000 0.0000000
14.7000   -0.0101788 0.0000000     0.0054892 0.1346071 1.36562    0.00000  0.00000   0.00000        0.00000   0.0000000 0.0000000
14.7500   -0.0099260 0.0000000     0.0054651 0.1344134 1.36364    0.00000  0.00000   0.00000        0.00000   0.0000000 0.0000000
14.8000   -0.0096625 0.0000000     0.0054414 0.1342222 1.36168    0.00000  0.00000   0.00000        0.00000   0.0000000 0.0000000
14.8500   -0.0093879 0.0000000     0.0054180 0.1340334 1.35975    0.00000  0.00000   0.00000        0.00000   0.0000000 0.0000000
14.9000   -0.0091017 0.0000000     0.0053950 0.1338471 1.35784    0.00000  0.00000   0.00000        0.00000   0.0000000 0.0000000
14.9500   -0.0088037 0.0000000     0.0053723 0.1336632 1.35596    0.00000  0.00000   0.00000        0.00000   0.0000000 0.0000000
15.0000   -0.0084937 0.0000000     0.0053470 0.1334567 1.35385    0.00000  0.00000   0.00000        0.00000   0.0000000 0.0000000
15.0500   -0.0080830 0.0000000     0.0053250 0.1332776 1.35201    0.00000  0.00000   0.00000        0.00000   0.0000000 0.0000000
15.1000   -0.0076021 0.0000000     0.0053034 0.1331008 1.35021    0.00000  0.00000   0.00000        0.00000   0.0000000 0.0000000
15.1500   -0.0071267 0.0000000     0.0052822 0.1329264 1.34842    0.00000  0.00000   0.00000        0.00000   0.0000000 0.0000000
15.2000   -0.0066748 0.0000000     0.0052613 0.1327543 1.34666    0.00000  0.00000   0.00000        0.00000   0.0000000 0.0000000
15.2500   -0.0062443 0.0000000     0.0052407 0.1325844 1.34492    0.00000  0.00000   0.00000        0.00000   0.0000000 0.0000000
15.3000   -0.0058288 0.0000000     0.0052205 0.1324169 1.34321    0.00000  0.00000   0.00000        0.00000   0.0000000 0.0000000
15.3500   -0.0054209 0.0000000     0.0052006 0.1322516 1.34152    0.00000  0.00000   0.00000        0.00000   0.0000000 0.0000000
15.4000   -0.0050133 0.0000000     0.0051810 0.1320885 1.33985    0.00000  0.00000   0.00000        0.00000   0.0000000 0.0000000
15.4500   -0.0045986 0.0000000     0.0051617 0.1319278 1.33820    0.00000  0.00000   0.00000        0.00000   0.0000000 0.0000000
15.5000   -0.0041705 0.0000000     0.0051427 0.1317692 1.33658    0.00000  0.00000   0.00000        0.00000   0.0000000 0.0000000
15.5500   -0.0037228 0.0000000     0.0051241 0.1316127 1.33498    0.00000  0.00000   0.00000        0.00000   0.0000000 0.0000000
15.6000   -0.0032499 0.0000000     0.0051057 0.1314585 1.33340    0.00000  0.00000   0.00000        0.00000   0.0000000 0.0000000
15.6500   -0.0027462 0.0000000     0.0050877 0.1313065 1.33185    0.00000  0.00000   0.00000        0.00000   0.0000000 0.0000000
15.7000   -0.0022060 0.0000000     0.0050699 0.1311567 1.33031    0.00000  0.00000   0.00000        0.00000   0.0000000 0.0000000
15.7500   -0.0016229 0.0000000     0.0050525 0.1310090 1.32880    0.00000  0.00000   0.00000        0.00000   0.0000000 0.0000000
15.8000   -0.0009896 0.0000000     0.0050354 0.1308635 1.32731    0.00000  0.00000   0.00000        0.00000   0.0000000 0.0000000
15.8500   -0.0002971 0.0000000     0.0050185 0.1307201 1.32585    0.00000  0.00000   0.00000        0.00000   0.0000000 0.0000000
15.9000   0.0004656 0.0000000     0.0050019 0.1305789 1.32440    0.00000  0.00000   0.00000        0.00000   0.0000000 0.0000000
15.9500   0.0013132 0.0000000     0.0049857 0.1304399 1.32298    0.00000  0.00000   0.00000        0.00000   0.0000000 0.0000000
16.0000   0.0022648 0.0000000     0.0049657 0.1302689 1.32123    0.00000  0.00000   0.00000        0.00000   0.0000000 0.0000000
16.0500   0.0035412 0.0000000     0.0049500 0.1301342 1.31985    0.00000  0.00000   0.00000        0.00000   0.0000000 0.0000000
16.1000   0.0051666 0.0000000     0.0049346 0.1300018 1.31850    0.00000  0.00000   0.00000        0.00000   0.0000000 0.0000000
16.1500   0.0070648 0.0000000     0.0049195 0.1298717 1.31717    0.00000  0.00000   0.00000        0.00000   0.0000000 0.0000000
16.2000   0.0092723 0.0000000     0.0049047 0.1297440 1.31586    0.00000  0.00000   0.00000        0.00000   0.0000000 0.0000000
16.2500   0.0115757 0.0000000     0.0048902 0.1296187 1.31458    0.00000  0.00000   0.00000        0.00000   0.0000000 0.0000000
16.3000   0.0126710 0.0000000     0.0048761 0.1294959 1.31332    0.00000  0.00000   0.00000        0.00000   0.0000000 0.0000000
16.3500   0.0123229 0.0000000     0.0048622 0.1293757 1.31209    0.00000  0.00000   0.00000        0.00000   0.0000000 0.0000000
16.4000   0.0110997 0.0000000     0.0048487 0.1292578 1.31089    0.00000  0.00000   0.00000        0.00000   0.0000000 0.0000000
16.4500   0.0095650 0.0000000     0.0048354 0.1291424 1.30971    0.00000  0.00000   0.00000        0.00000   0.0000000 0.0000000
16.5000   0.0080424 0.0000000     0.0048225 0.1290294 1.30855    0.00000  0.00000   0.00000        0.00000   0.0000000 0.0000000
16.5500   0.0066642 0.0000000     0.0048098 0.1289184 1.30742    0.00000  0.00000   0.00000        0.00000   0.0000000 0.0000000
