0.0000     0.0000000 0.0000000 0.0006437     64.1645432 0.1018909 11.5172997     0.0000000 -40.7690933 -0.1715766   625.8129883
 0.0500     0.0000000 0.0000000 0.0062132     64.1645432 0.1018909 11.5172997     0.0000000 -40.5487143 -0.1801626   619.2081909
 0.1000     0.0000000 0.0000000 0.0103666     64.1645432 0.1018909 11.5172997     0.0000000 -40.4125826 -0.1902995   612.8999023
 0.1500     0.0000000 0.0000000 0.0131063     64.1645432 0.1018909 11.5172997     0.0000000 -40.2996183 -0.2007293   606.8865356
 0.2000     0.0000000 0.0000000 0.0144476     64.1645432 0.1018909 11.5172997     0.0000000 -40.2077930 -0.2113725   601.1663818
 0.2500     0.0000000 0.0000000 0.0144220     64.1645432 0.1018909 11.5172997     0.0000000 -40.1352364 -0.2221528   595.7383423
 0.3000     0.0000000 0.0000000 0.0130663     64.1645432 0.1018909 11.5172997     0.0000000 -39.8780768 -0.2329965   590.6010132
 0.3500     0.0000000 0.0000000 -0.0027275     64.1645432 0.1018909 11.5172997     0.0000000 -39.3370891 -0.2440874   585.7330933
 0.4000     0.0000000 0.0000000 -0.0338793     64.1645432 0.1018909 11.5172997     0.0000000 -38.7928142 -0.2564463   581.1116333
 0.4500     0.0000000 0.0000000 -0.0700914     64.1645432 0.1018909 11.5172997     0.0000000 -38.2205069 -0.2714347   576.7191772
 0.5000     0.0000000 0.0000000 -0.0927628     64.1645432 0.1018909 11.5172997     0.0000000 -38.3676194 -0.2913756   581.6118164
 0.5500     0.0000000 0.0000000 -0.0924205     55.8048058 0.1564274 9.9875708     0.0000000 -46.0609399 -0.3332087   691.8278809
 0.6000     0.0000000 0.0000000 -0.0606600     47.9975052 0.1596583 8.5617151     0.0000000 -54.6433067 -0.3813445   811.9425659
 0.6500     0.0000000 0.0000000 -0.0028139     41.7342262 0.1627155 7.4215178     0.0000000 -64.1326010 -0.4354997   941.9583130
 0.7000     0.0000000 0.0000000 0.0410808     36.6370163 0.1656162 6.4963665     0.0000000 -74.4924535 -0.4888283   1081.7463379
 0.7500     0.0000000 0.0000000 0.0501763     32.4343529 0.1683762 5.7357016     0.0000000 -85.6362841 -0.5392749   1231.2155762
 0.8000     0.0000000 0.0000000 0.0377315     28.9324799 0.1710061 5.1035290     0.0000000 -97.3921700 -0.5854400   1390.0883789
 0.8500     0.0000000 0.0000000 0.0236293     25.9822483 0.1735192 4.5722470     0.0000000 -109.5266164 -0.6221573   1558.3278809
 0.9000     0.0000000 0.0000000 0.0177899     23.4645443 0.1759349 4.1199031     0.0000000 -121.9480027 -0.6476376   1736.5162354
 0.9500     0.0000000 0.0000000 0.0204152     21.2937717 0.1782670 3.7307487     0.0000000 -134.7681308 -0.6650888   1925.1417236
 1.0000     0.0000000 0.0000000 0.0266071     19.4105453 0.1805203 3.3938498     0.0000000 -148.1850683 -0.6797764   2124.1286621
 1.0500     0.0000000 0.0000000 0.0338297     17.7675953 0.1826990 3.1005223     0.0000000 -162.3136245 -0.6898114   2333.3549805
 1.1000     0.0000000 0.0000000 0.0408323     16.3255501 0.1848089 2.8435564     0.0000000 -177.1390655 -0.6965103   2552.8769531
 1.1500     0.0000000 0.0000000 0.0466340     15.0527821 0.1868549 2.6171699     0.0000000 -192.6027840 -0.7006407   2782.7568359
 1.2000     0.0000000 0.0000000 0.0505145     13.9237804 0.1888416 2.4167082     0.0000000 -208.6578981 -0.7010125   3023.0305176
 1.2500     0.0000000 0.0000000 0.0519396     12.9177570 0.1907725 2.2383835     0.0000000 -225.2760243 -0.6970870   3273.7084961
 1.3000     0.0000000 0.0000000 0.0512739     12.0174952 0.1926511 2.0790656     0.0000000 -244.5547376 -0.6888065   3534.8100586
 1.3500     0.0000000 0.0000000 0.0496593     11.2086315 0.1944806 1.9361464     0.0000000 -265.0302872 -0.6762367   3806.3713379
 1.4000     0.0000000 0.0000000 0.0482701     10.4792318 0.1962639 1.8074628     0.0000000 -286.3513219 -0.6621622   4088.3999023
 1.4500     0.0000000 0.0000000 0.0481199     9.8193407 0.1980032 1.6912124     0.0000000 -308.4100455 -0.6507470   4380.8540039
 1.5000     0.0000000 0.0000000 0.0486327     9.2203751 0.1997008 1.5858440     0.0000000 -330.1211796 -0.6447941   4683.7529297
 1.5500     0.0000000 0.0000000 0.0500193     8.6749973 0.2013593 1.4900340     0.0000000 -351.4677850 -0.6452739   4997.1401367
 1.6000     0.0000000 0.0000000 0.0521850     8.1770277 0.2029805 1.4026685     0.0000000 -374.0231361 -0.6521567   5321.0034180
 1.6500     0.0000000 0.0000000 0.0554929     7.7211752 0.2045661 1.3227950     0.0000000 -397.8258452 -0.6653645   5655.3085938
 1.7000     0.0000000 0.0000000 0.0607213     7.3028665 0.2061176 1.2495914     0.0000000 -422.9236530 -0.6849558   6000.0122070
 1.7500     0.0000000 0.0000000 0.0686086     6.9181318 0.2076364 1.1823449     0.0000000 -449.3635011 -0.7109822   6355.0615234
 1.8000     0.0000000 0.0000000 0.0796435     6.5635076 0.2091238 1.1204343     0.0000000 -477.1775652 -0.7433139   6720.4003906
 1.8500     0.0000000 0.0000000 0.0939896     6.2359676 0.2105810 1.0633177     0.0000000 -506.3730790 -0.7815484   7095.9604492
 1.9000     0.0000000 0.0000000 0.1114105     5.9328599 0.2120091 1.0105206     0.0000000 -536.9294986 -0.8250128   7481.6601563
 1.9500     0.0000000 0.0000000 0.1317217     5.6518388 0.2134093 0.9616238     0.0000000 -567.3135281 -0.8728153   7877.4218750
 2.0000     0.0000000 0.0000000 0.1558523     5.3908143 0.2147825 0.9162545     0.0000000 -597.4983401 -0.9237787   8283.1933594
 2.0500     0.0000000 0.0000000 0.1801753     5.1479454 0.2161298 0.8740843     0.0000000 -628.5952730 -0.9766991   8698.9023438
 2.1000     0.0000000 0.0000000 0.1997703     4.9215879 0.2174522 0.8348206     0.0000000 -660.6302409 -1.0307282   9124.4931641
 2.1500     0.0000000 0.0000000 0.2107184     4.7102675 0.2187506 0.7982011     0.0000000 -693.6226661 -1.0854442   9559.9335938
 2.2000     0.0000000 0.0000000 0.2108373     4.5126619 0.2200260 0.7639911     0.0000000 -727.5889491 -1.1407403   10005.2109375
 2.2500     0.0000000 0.0000000 0.1996578     4.3275871 0.2212794 0.7319805     0.0000000 -762.5455382 -1.1966512   10460.3281250
 2.3000     0.0000000 0.0000000 0.1780556     4.1539888 0.2225117 0.7019823     0.0000000 -798.5089065 -1.2531997   10925.2802734
 2.3500     0.0000000 0.0000000 0.1452860     3.9910045 0.2237231 0.6738434     0.0000000 -835.4724929 -1.3158099   11399.8144531
 2.4000     0.0000000 0.0000000 0.1221501     3.8378270 0.2249140 0.6474208     0.0000000 -876.5896479 -1.3986376   11883.7255859
 2.4500     0.0000000 0.0000000 0.1313810     3.6937211 0.2260847 0.6225842     0.0000000 -919.6494515 -1.4905266   12376.8046875
 2.5000     0.0000000 0.0000000 0.1532920     3.5580332 0.2272354 0.5992180     0.0000000 -963.0467955 -1.5729957   12878.7705078
 2.5500     0.0000000 0.0000000 0.1585527     3.4300854 0.2283671 0.5772027     0.0000000 -1006.1086185 -1.6364474   13389.6591797
 2.6000     0.0000000 0.0000000 0.1339854     3.3092198 0.2294811 0.5564227     0.0000000 -1048.8795639 -1.6818789   13909.7275391
 2.6500     0.0000000 0.0000000 0.0877013     3.1948512 0.2305785 0.5367751     0.0000000 -1091.8035657 -1.7159137   14439.2441406
 2.7000     0.0000000 0.0000000 0.0377072     3.0864785 0.2316605 0.5181718     0.0000000 -1135.3510297 -1.7453363   14978.3769531
 2.7500     0.0000000 0.0000000 -0.0009349     2.9836781 0.2327274 0.5005385     0.0000000 -1179.7990393 -1.7740623   15527.1513672
 2.8000     0.0000000 0.0000000 -0.0219046     2.8860757 0.2337797 0.4838092     0.0000000 -1225.2013427 -1.8028139   16085.5224609
 2.8500     0.0000000 0.0000000 -0.0266590     2.7933309 0.2348178 0.4679240     0.0000000 -1271.4741189 -1.8304157   16653.4218750
 2.9000     0.0000000 0.0000000 -0.0204974     2.7051282 0.2358421 0.4528277     0.0000000 -1318.5106259 -1.8554056   17230.7988281
 2.9500     0.0000000 0.0000000 -0.0089340     2.6211677 0.2368529 0.4384674     0.0000000 -1366.2599588 -1.8769999   17817.6660156
 3.0000     0.0000000 0.0000000 0.0041569     2.5411770 0.2378508 0.4247957     0.0000000 -1414.7376697 -1.8952391   18414.0175781
 3.0500     0.0000000 0.0000000 0.0167178     2.4649026 0.2388360 0.4117679     0.0000000 -1464.0030652 -1.9111344   19019.8710938
 3.1000     0.0000000 0.0000000 0.0278469     2.3921137 0.2398091 0.3993438     0.0000000 -1514.1181344 -1.9254686   19635.2246094
 3.1500     0.0000000 0.0000000 0.0370822     2.3225994 0.2407704 0.3874864     0.0000000 -1565.1230762 -1.9387303   20260.0546875
 3.2000     0.0000000 0.0000000 0.0440279     2.2561624 0.2417201 0.3761612     0.0000000 -1617.0370421 -1.9510953   20894.3632813
 3.2500     0.0000000 0.0000000 0.0483447     2.1926231 0.2426586 0.3653369     0.0000000 -1669.8648909 -1.9625785   21538.1191406
 3.3000     0.0000000 0.0000000 0.0499083     2.1318111 0.2435862 0.3549836     0.0000000 -1723.6158205 -1.9732097   22191.3339844
 3.3500     0.0000000 0.0000000 0.0489230     2.0735726 0.2445032 0.3450747     0.0000000 -1778.3018170 -1.9830941   22853.9707031
 3.4000     0.0000000 0.0000000 0.0458797     2.0177631 0.2454097 0.3355847     0.0000000 -1833.9407168 -1.9923871   23526.0136719
 3.4500     0.0000000 0.0000000 0.0413938     1.9642477 0.2463062 0.3264903     0.0000000 -1890.5486811 -2.0012214   24207.4433594
 3.5000     0.0000000 0.0000000 0.0360608     1.9160091 0.2471384 0.3182974     0.0000000 -1944.6027442 -2.0091713   24855.3457031
 3.5500     0.0000000 0.0000000 0.0311402     1.9030015 0.2473668 0.3160889     0.0000000 -1959.2332866 -2.0029721   25035.8535156
 3.6000     0.0000000 0.0000000 0.0238121     1.8901292 0.2475947 0.3139037     0.0000000 -1973.8797881 -1.9950242   25217.0058594
 3.6500     0.0000000 0.0000000 0.0121839     1.8773856 0.2478220 0.3117408     0.0000000 -1988.3774292 -1.9843938   25398.8710938
 3.7000     0.0000000 0.0000000 -0.0050307     1.8647690 0.2480488 0.3095996     0.0000000 -2001.3724859 -1.9724550   25581.4492188
 3.7500     0.0000000 0.0000000 -0.0262713     1.8522812 0.2482750 0.3074807     0.0000000 -2014.0841568 -1.9612081   25764.6894531
 3.8000     0.0000000 0.0000000 -0.0465928     1.8399220 0.2485005 0.3053839     0.0000000 -2026.9647408 -1.9518525   25948.5703125
 3.8500     0.0000000 0.0000000 -0.0629573     1.8276908 0.2487255 0.3033091     0.0000000 -2040.0162697 -1.9444047   26133.0683594
 3.9000     0.0000000 0.0000000 -0.0747147     1.8155884 0.2489497 0.3012564     0.0000000 -2053.1871323 -1.9381724   26318.1503906
 3.9500     0.0000000 0.0000000 -0.0826474     1.8036137 0.2491733 0.2992257     0.0000000 -2066.4236171 -1.9324369   26503.7988281
 4.0000     0.0000000 0.0000000 -0.0878551     1.7934946 0.2493635 0.2975100     0.0000000 -2077.5692659 -1.9248728   26662.6718750
 4.0500     0.0000000 0.0000000 -0.0914390     1.7817563 0.2495857 0.2955199     0.0000000 -2090.8720671 -1.9194049   26849.2988281
 4.1000     0.0000000 0.0000000 -0.0934211     1.7701420 0.2498073 0.2935511     0.0000000 -2104.2176638 -1.9141436   27036.4667969
 4.1500     0.0000000 0.0000000 -0.0938469     1.7586504 0.2500281 0.2916035     0.0000000 -2117.6203275 -1.9092803   27224.1660156
 4.2000     0.0000000 0.0000000 -0.0931499     1.7472808 0.2502481 0.2896768     0.0000000 -2131.0865181 -1.9049062   27412.3808594
 4.2500     0.0000000 0.0000000 -0.0918549     1.7360318 0.2504675 0.2877707     0.0000000 -2144.6128197 -1.9009799   27601.0996094
 4.3000     0.0000000 0.0000000 -0.0904077     1.7249025 0.2506861 0.2858853     0.0000000 -2158.1914168 -1.8974068   27790.3085938
 4.3500     0.0000000 0.0000000 -0.0890878     1.7138916 0.2509040 0.2840202     0.0000000 -2171.8167303 -1.8941173   27980.0000000
 4.4000     0.0000000 0.0000000 -0.0879952     1.7029980 0.2511211 0.2821752     0.0000000 -2185.4863347 -1.8910904   28170.1582031
 4.4500     0.0000000 0.0000000 -0.0870989     1.6922206 0.2513374 0.2803501     0.0000000 -2199.2006597 -1.8883342   28360.7753906
 4.5000     0.0000000 0.0000000 -0.0863079     1.6815572 0.2515530 0.2785446     0.0000000 -2212.9607287 -1.8858553   28551.8535156
 4.5500     0.0000000 0.0000000 -0.1256936     2.1664536 0.0732352 0.3416184     0.0000000 -2226.9231739 -1.8858137   28743.1308594
 4.6000     0.0000000 0.0000000 -0.1561488     2.1559429 0.0738844 0.3398213     0.0000000 -2241.4364164 -1.8924154   28934.6562500
 4.6500     0.0000000 0.0000000 -0.1409581     2.1455348 0.0745362 0.3380424     0.0000000 -2256.1149548 -1.9007661   29126.5019531
 4.7000     0.0000000 0.0000000 -0.1046301     2.1352313 0.0751902 0.3362822     0.0000000 -2270.5276167 -1.9056449   29318.5996094
 4.7500     0.0000000 0.0000000 -0.0713160     2.1250315 0.0758464 0.3345404     0.0000000 -2284.5792377 -1.9059729   29510.9335938
 4.8000     0.0000000 0.0000000 -0.0507277     2.1149302 0.0765052 0.3328161     0.0000000 -2298.4205981 -1.9035773   29703.5800781
 4.8500     0.0000000 0.0000000 -0.0421940     2.1049232 0.0771665 0.3311086     0.0000000 -2312.2400985 -1.9007253   29896.5800781
 4.9000     0.0000000 0.0000000 -0.0413836     2.0950081 0.0778306 0.3294174     0.0000000 -2326.1505355 -1.8987446   30089.9609375
 4.9500     0.0000000 0.0000000 -0.0443227     2.0851836 0.0784974 0.3277424     0.0000000 -2340.1775433 -1.8979209   30283.7265625
 5.0000     0.0000000 0.0000000 -0.0485722     2.0756085 0.0791558 0.3261105     0.0000000 -2354.0513977 -1.8977847   30474.6601563
 5.0500     0.0000000 0.0000000 -0.0530894     2.0659306 0.0798300 0.3244617     0.0000000 -2368.2846669 -1.8984177   30669.7734375
 5.1000     0.0000000 0.0000000 -0.0571336     2.0563421 0.0805068 0.3228289     0.0000000 -2382.5607893 -1.8993379   30865.2285156
 5.1500     0.0000000 0.0000000 -0.0602446     2.0468423 0.0811862 0.3212117     0.0000000 -2396.8666548 -1.9003987   31061.0136719
 5.2000     0.0000000 0.0000000 -0.0623368     2.0374298 0.0818682 0.3196100     0.0000000 -2411.1955635 -1.9015173   31257.1328125
 5.2500     0.0000000 0.0000000 -0.0634341     2.0281038 0.0825527 0.3180237     0.0000000 -2425.5414440 -1.9026359   31453.5703125
 5.3000     0.0000000 0.0000000 -0.0635952     2.0188632 0.0832397 0.3164526     0.0000000 -2439.9001057 -1.9037036   31650.3300781
 5.3500     0.0000000 0.0000000 -0.0629069     2.0097072 0.0839292 0.3148964     0.0000000 -2454.2662198 -1.9046702   31847.4003906
 5.4000     0.0000000 0.0000000 -0.0614840     2.0006351 0.0846212 0.3133550     0.0000000 -2468.6350741 -1.9054920   32044.7714844
 5.4500     0.0000000 0.0000000 -0.0594602     1.9916455 0.0853157 0.3118283     0.0000000 -2483.0042120 -1.9061374   32242.4511719
 5.5000     0.0000000 0.0000000 -0.0569748     1.9827374 0.0860126 0.3103159     0.0000000 -2497.3706133 -1.9065864   32440.4257813
 5.5500     0.0000000 0.0000000 -0.0541617     1.9739109 0.0867118 0.3088180     0.0000000 -2511.7320031 -1.9068305   32638.6777344
 5.6000     0.0000000 0.0000000 -0.0511428     1.9651637 0.0874136 0.3073341     0.0000000 -2526.0898412 -1.9068737   32837.2265625
 5.6500     0.0000000 0.0000000 -0.0480243     1.9564960 0.0881177 0.3058642     0.0000000 -2540.4425220 -1.9067242   33036.0429688
 5.7000     0.0000000 0.0000000 -0.0448951     1.9479061 0.0888241 0.3044081     0.0000000 -2554.7922746 -1.9063986   33235.1406250
 5.7500     0.0000000 0.0000000 -0.0418271     1.9393939 0.0895329 0.3029657     0.0000000 -2569.1391708 -1.9059154   33434.5000000
 5.8000     0.0000000 0.0000000 -0.0388756     1.9309577 0.0902441 0.3015367     0.0000000 -2583.4856670 -1.9052973   33634.1289063
 5.8500     0.0000000 0.0000000 -0.0360810     1.9225973 0.0909575 0.3001211     0.0000000 -2597.8325987 -1.9045672   33834.0117188
 5.9000     0.0000000 0.0000000 -0.0334705     1.9143116 0.0916733 0.2987186     0.0000000 -2612.1817937 -1.9037491   34034.1445313
 5.9500     0.0000000 0.0000000 -0.0310598     1.9060997 0.0923913 0.2973291     0.0000000 -2626.5356935 -1.9028671   34234.5312500
 6.0000     0.0000000 0.0000000 -0.0288556     1.8984855 0.0930649 0.2960412     0.0000000 -2639.8987988 -1.9011417   34422.1640625
 6.0500     0.0000000 0.0000000 -0.0242137     1.8904238 0.0937864 0.2946781     0.0000000 -2654.2486913 -1.8998847   34622.7773438
 6.1000     0.0000000 0.0000000 -0.0197643     1.8824347 0.0945100 0.2933277     0.0000000 -2668.5399895 -1.8986536   34823.5859375
 6.1500     0.0000000 0.0000000 -0.0177253     1.8745222 0.0952352 0.2919908     0.0000000 -2682.5232566 -1.8970237   35024.4687500
 6.2000     0.0000000 0.0000000 -0.0175863     1.8666841 0.0959622 0.2906668     0.0000000 -2696.3373872 -1.8940785   35225.4531250
 6.2500     0.0000000 0.0000000 -0.0186089     1.8589184 0.0966910 0.2893557     0.0000000 -2709.9563332 -1.8896091   35426.5546875
 6.3000     0.0000000 0.0000000 -0.0200979     1.8512238 0.0974216 0.2880569     0.0000000 -2723.4278462 -1.8839337   35627.7851563
 6.3500     0.0000000 0.0000000 -0.0215115     1.8435992 0.0981540 0.2867705     0.0000000 -2736.8183299 -1.8775131   35829.1484375
 6.4000     0.0000000 0.0000000 -0.0225106     1.8360440 0.0988883 0.2854961     0.0000000 -2750.1843532 -1.8707522   36030.6328125
 6.4500     0.0000000 0.0000000 -0.0229510     1.8285569 0.0996243 0.2842337     0.0000000 -2763.5682691 -1.8639510   36232.2421875
 6.5000     0.0000000 0.0000000 -0.0228344     1.8211379 0.1003621 0.2829832     0.0000000 -2776.9971175 -1.8573168   36433.9531250
 6.5500     0.0000000 0.0000000 -0.0222480     1.8137858 0.1011016 0.2817445     0.0000000 -2790.4909993 -1.8509938   36635.7734375
 6.6000     0.0000000 0.0000000 -0.0213139     1.8065003 0.1018428 0.2805173     0.0000000 -2804.0616694 -1.8450811   36837.6835938
 6.6500     0.0000000 0.0000000 -0.0201555     1.7992808 0.1025856 0.2793017     0.0000000 -2817.7171348 -1.8396480   37039.6718750
 6.7000     0.0000000 0.0000000 -0.0188793     1.7921267 0.1033300 0.2780975     0.0000000 -2831.4627727 -1.8347415   37241.7343750
 6.7500     0.0000000 0.0000000 -0.0175693     1.7850375 0.1040760 0.2769046     0.0000000 -2845.3002256 -1.8303896   37443.8515625
 6.8000     0.0000000 0.0000000 -0.0162859     1.7780120 0.1048235 0.2757229     0.0000000 -2859.2314155 -1.8266072   37646.0351563
 6.8500     0.0000000 0.0000000 -0.0150698     1.7710503 0.1055725 0.2745523     0.0000000 -2873.2532416 -1.8233938   37848.2539063
 6.9000     0.0000000 0.0000000 -0.0139453     1.7641518 0.1063229 0.2733926     0.0000000 -2887.3632054 -1.8207393   38050.5039063
 6.9500     0.0000000 0.0000000 -0.0129248     1.7573155 0.1070748 0.2722438     0.0000000 -2901.5578745 -1.8186246   38252.7851563
 7.0000     0.0000000 0.0000000 -0.0120121     1.7507617 0.1078033 0.2711429     0.0000000 -2915.3292965 -1.8167087   38448.4570313
 7.0500     0.0000000 0.0000000 -0.0099907     1.7440479 0.1085576 0.2700154     0.0000000 -2929.6763730 -1.8156077   38650.7187500
 7.1000     0.0000000 0.0000000 -0.0081369     1.7373942 0.1093133 0.2688983     0.0000000 -2944.1001224 -1.8150168   38852.9882813
 7.1500     0.0000000 0.0000000 -0.0075858     1.7308003 0.1100703 0.2677917     0.0000000 -2958.5932889 -1.8148887   39055.2617188
 7.2000     0.0000000 0.0000000 -0.0078554     1.7242657 0.1108285 0.2666954     0.0000000 -2973.1460829 -1.8151641   39257.5195313
 7.2500     0.0000000 0.0000000 -0.0083646     1.7177898 0.1115879 0.2656092     0.0000000 -2987.7503017 -1.8157865   39459.7578125
 7.3000     0.0000000 0.0000000 -0.0087843     1.7113718 0.1123485 0.2645332     0.0000000 -3002.3981447 -1.8166997   39661.9765625
 7.3500     0.0000000 0.0000000 -0.0090032     1.7050110 0.1131103 0.2634670     0.0000000 -3017.0812282 -1.8178457   39864.1679688
 7.4000     0.0000000 0.0000000 -0.0090263     1.6987067 0.1138733 0.2624107     0.0000000 -3031.7920148 -1.8191683   40066.3320313
 7.4500     0.0000000 0.0000000 -0.0089000     1.6924586 0.1146374 0.2613640     0.0000000 -3046.5223562 -1.8206137   40268.4531250
 7.5000     0.0000000 0.0000000 -0.0086740     1.6862661 0.1154025 0.2603271     0.0000000 -3061.2657999 -1.8221343   40470.5273438
 7.5500     0.0000000 0.0000000 -0.0083883     1.6801287 0.1161687 0.2592997     0.0000000 -3076.0159466 -1.8236884   40672.5390625
 7.6000     0.0000000 0.0000000 -0.0080711     1.6740458 0.1169359 0.2582817     0.0000000 -3090.7685703 -1.8252424   40874.4882813
 7.6500     0.0000000 0.0000000 -0.0077412     1.6680169 0.1177041 0.2572730     0.0000000 -3105.5198386 -1.8267693   41076.3671875
 7.7000     0.0000000 0.0000000 -0.0074110     1.6620409 0.1184733 0.2562735     0.0000000 -3120.2680400 -1.8282503   41278.1835938
 7.7500     0.0000000 0.0000000 -0.0070885     1.6561180 0.1192434 0.2552832     0.0000000 -3135.0093770 -1.8296711   41479.9062500
 7.8000     0.0000000 0.0000000 -0.0067795     1.6502472 0.1200144 0.2543019     0.0000000 -3149.7443719 -1.8310260   41681.5507813
 7.8500     0.0000000 0.0000000 -0.0064879     1.6444280 0.1207862 0.2533295     0.0000000 -3164.4715597 -1.8323128   41883.0976563
 7.9000     0.0000000 0.0000000 -0.0062165     1.6386597 0.1215590 0.2523659     0.0000000 -3179.1923921 -1.8335354   42084.5585938
 7.9500     0.0000000 0.0000000 -0.0059671     1.6329424 0.1223325 0.2514111     0.0000000 -3193.9052185 -1.8346992   42285.8984375
 8.0000     0.0000000 0.0000000 -0.0057407     1.6274258 0.1230861 0.2504901     0.0000000 -3208.2069263 -1.8355828   42481.7617188
 8.0500     0.0000000 0.0000000 -0.0047591     1.6218067 0.1238611 0.2495523     0.0000000 -3222.9121979 -1.8366855   42682.8789063
 8.1000     0.0000000 0.0000000 -0.0038561     1.6162367 0.1246369 0.2486229     0.0000000 -3237.6225103 -1.8378340   42883.8789063
 8.1500     0.0000000 0.0000000 -0.0037652     1.6107149 0.1254134 0.2477018     0.0000000 -3252.3385907 -1.8390372   43084.7578125
 8.2000     0.0000000 0.0000000 -0.0041707     1.6052418 0.1261905 0.2467891     0.0000000 -3267.0576226 -1.8402903   43285.4843750
 8.2500     0.0000000 0.0000000 -0.0046952     1.5998157 0.1269683 0.2458845     0.0000000 -3281.7813611 -1.8415924   43486.0859375
 8.3000     0.0000000 0.0000000 -0.0051294     1.5944368 0.1277468 0.2449880     0.0000000 -3296.5079894 -1.8429401   43686.5429688
 8.3500     0.0000000 0.0000000 -0.0054074     1.5891043 0.1285258 0.2440996     0.0000000 -3311.2366547 -1.8443288   43886.8515625
 8.4000     0.0000000 0.0000000 -0.0055387     1.5838181 0.1293054 0.2432191     0.0000000 -3325.9654439 -1.8457519   44086.9960938
 8.4500     0.0000000 0.0000000 -0.0055581     1.5785770 0.1300855 0.2423463     0.0000000 -3340.6953354 -1.8472036   44287.0000000
 8.5000     0.0000000 0.0000000 -0.0055012     1.5733813 0.1308662 0.2414813     0.0000000 -3355.4232317 -1.8486763   44486.8320313
 8.5500     0.0000000 0.0000000 -0.0053957     1.5682302 0.1316473 0.2406240     0.0000000 -3370.5230097 -1.8501643   44686.4921875
 8.6000     0.0000000 0.0000000 -0.0051394     1.5631347 0.1324272 0.2397762     0.0000000 -3390.7831934 -1.8514780   44885.5312500
 8.6500     0.0000000 0.0000000 -0.0048126     1.5581028 0.1332044 0.2389393     0.0000000 -3410.9085908 -1.8520769   45083.5937500
 8.7000     0.0000000 0.0000000 -0.0046125     1.5531331 0.1339789 0.2381128     0.0000000 -3430.8803412 -1.8517985   45280.7031250
 8.7500     0.0000000 0.0000000 -0.0045852     1.5482253 0.1347507 0.2372969     0.0000000 -3450.7124922 -1.8508020   45476.8281250
 8.8000     0.0000000 0.0000000 -0.0046664     1.5433779 0.1355197 0.2364912     0.0000000 -3470.4355616 -1.8493572   45671.9843750
 8.8500     0.0000000 0.0000000 -0.0047628     1.5385910 0.1362859 0.2356959     0.0000000 -3490.0762838 -1.8477271   45866.1367188
 8.9000     0.0000000 0.0000000 -0.0048046     1.5338629 0.1370493 0.2349104     0.0000000 -3509.6615631 -1.8461356   46059.3085938
 8.9500     0.0000000 0.0000000 -0.0047594     1.5291935 0.1378097 0.2341350     0.0000000 -3529.2091334 -1.8447573   46251.4687500
 9.0000     0.0000000 0.0000000 -0.0046257     1.5247089 0.1385462 0.2333904     0.0000000 -3548.3314170 -1.8435151   46437.3437500
 9.0500     0.0000000 0.0000000 -0.0038989     1.5201523 0.1393008 0.2326340     0.0000000 -3567.8511646 -1.8429489   46627.5234375
 9.1000     0.0000000 0.0000000 -0.0031774     1.5156521 0.1400523 0.2318872     0.0000000 -3587.3751885 -1.8429575   46816.6796875
 9.1500     0.0000000 0.0000000 -0.0029771     1.5112069 0.1408009 0.2311497     0.0000000 -3606.9080854 -1.8435629   47004.8359375
 9.2000     0.0000000 0.0000000 -0.0030896     1.5068158 0.1415464 0.2304214     0.0000000 -3626.4468855 -1.8447419   47191.9843750
 9.2500     0.0000000 0.0000000 -0.0032637     1.5024785 0.1422888 0.2297022     0.0000000 -3645.9861111 -1.8464509   47378.1171875
 9.3000     0.0000000 0.0000000 -0.0033666     1.4981940 0.1430282 0.2289919     0.0000000 -3665.5193306 -1.8486326   47563.2382813
 9.3500     0.0000000 0.0000000 -0.0033647     1.4939618 0.1437643 0.2282904     0.0000000 -3685.0365784 -1.8512180   47747.3242188
 9.4000     0.0000000 0.0000000 -0.0032734     1.4897810 0.1444973 0.2275976     0.0000000 -3704.5303099 -1.8541337   47930.3945313
 9.4500     0.0000000 0.0000000 -0.0031212     1.4856510 0.1452272 0.2269134     0.0000000 -3723.9905417 -1.8573041   48112.4414063
 9.5000     0.0000000 0.0000000 -0.0029338     1.4815712 0.1459538 0.2262377     0.0000000 -3743.4071515 -1.8606560   48293.4531250
 9.5500     0.0000000 0.0000000 -0.0027292     1.4775406 0.1466771 0.2255703     0.0000000 -3762.7720907 -1.8641227   48473.4375000
 9.6000     0.0000000 0.0000000 -0.0025188     1.4735593 0.1473971 0.2249112     0.0000000 -3782.0757452 -1.8676444   48652.3710938
 9.6500     0.0000000 0.0000000 -0.0023095     1.4696262 0.1481138 0.2242602     0.0000000 -3801.3119847 -1.8711718   48830.2617188
 9.7000     0.0000000 0.0000000 -0.0021058     1.4657402 0.1488273 0.2236171     0.0000000 -3820.4773853 -1.8746668   49007.1367188
 9.7500     0.0000000 0.0000000 -0.0019102     1.4619024 0.1495371 0.2229822     0.0000000 -3839.5606045 -1.8780968   49182.9062500
 9.8000     0.0000000 0.0000000 -0.0017248     1.4581103 0.1502436 0.2223550     0.0000000 -3858.5648934 -1.8814458   49357.6523438
 9.8500     0.0000000 0.0000000 -0.0015510     1.4543645 0.1509466 0.2217355     0.0000000 -3877.4848680 -1.8847018   49531.3320313
 9.9000     0.0000000 0.0000000 -0.0013891     1.4506652 0.1516459 0.2211239     0.0000000 -3896.3155057 -1.8878606   49703.8945313
 9.9500     0.0000000 0.0000000 -0.0012306     1.4470127 0.1523413 0.2205202     0.0000000 -3915.0532241 -1.8909248   49875.2968750
 10.0000     0.0000000 0.0000000 -0.0010764     1.4435071 0.1530134 0.2199408     0.0000000 -3933.3238969 -1.8937236   50040.7734375
 10.0500     0.0000000 0.0000000 -0.0005537     1.4399420 0.1537016 0.2193518     0.0000000 -3951.8943400 -1.8966628   50210.0312500
 10.1000     0.0000000 0.0000000 -0.0001031     1.4364198 0.1543863 0.2187700     0.0000000 -3970.3930454 -1.8996290   50378.2304688
 10.1500     0.0000000 0.0000000 -0.0000827     1.4329402 0.1550673 0.2181953     0.0000000 -3988.8200289 -1.9026335   50545.3593750
 10.2000     0.0000000 0.0000000 -0.0003060     1.4295024 0.1557448 0.2176276     0.0000000 -4007.1747067 -1.9056685   50711.4296875
 10.2500     0.0000000 0.0000000 -0.0005665     1.4261062 0.1564186 0.2170669     0.0000000 -4025.4534743 -1.9087256   50876.4140625
 10.3000     0.0000000 0.0000000 -0.0007593     1.4227511 0.1570886 0.2165131     0.0000000 -4043.6557765 -1.9117998   51040.3203125
 10.3500     0.0000000 0.0000000 -0.0008604     1.4194362 0.1577550 0.2159661     0.0000000 -4061.7814961 -1.9148875   51203.1601563
 10.4000     0.0000000 0.0000000 -0.0008837     1.4161608 0.1584178 0.2154257     0.0000000 -4079.8305956 -1.9179853   51364.9453125
 10.4500     0.0000000 0.0000000 -0.0008521     1.4129251 0.1590768 0.2148919     0.0000000 -4097.7994156 -1.9210892   51525.6406250
 10.5000     0.0000000 0.0000000 -0.0007858     1.4097281 0.1597322 0.2143646     0.0000000 -4115.6897071 -1.9241984   51685.2773438
 10.5500     0.0000000 0.0000000 -0.0006993     1.4065697 0.1603837 0.2138438     0.0000000 -4133.4984029 -1.9273112   51843.8242188
 10.6000     0.0000000 0.0000000 -0.0006023     1.4034489 0.1610315 0.2133293     0.0000000 -4151.2275616 -1.9304290   52001.3125000
 10.6500     0.0000000 0.0000000 -0.0005012     1.4003658 0.1616755 0.2128211     0.0000000 -4168.8750143 -1.9335522   52157.7187500
 10.7000     0.0000000 0.0000000 -0.0004003     1.3973192 0.1623158 0.2123190     0.0000000 -4186.4427545 -1.9366839   52313.0703125
 10.7500     0.0000000 0.0000000 -0.0003024     1.3943096 0.1629522 0.2118230     0.0000000 -4203.9275449 -1.9398249   52467.3281250
 10.8000     0.0000000 0.0000000 -0.0002093     1.3913357 0.1635849 0.2113331     0.0000000 -4221.3321392 -1.9429795   52620.5273438
 10.8500     0.0000000 0.0000000 -0.0001222     1.3883975 0.1642137 0.2108491     0.0000000 -4238.6555639 -1.9461501   52772.6562500
 10.9000     0.0000000 0.0000000 -0.0000414     1.3854944 0.1648387 0.2103710     0.0000000 -4255.8977831 -1.9493394   52923.7148438
 10.9500     0.0000000 0.0000000 0.0000407     1.3826261 0.1654598 0.2098987     0.0000000 -4273.0581343 -1.9525504   53073.6992188
 11.0000     0.0000000 0.0000000 0.0001297     1.3797954 0.1660763 0.2094328     0.0000000 -4290.1220001 -1.9557815   53222.4335938
 11.0500     0.0000000 0.0000000 0.0004923     1.3769966 0.1666895 0.2089720     0.0000000 -4307.1167194 -1.9590713   53370.2148438
 11.1000     0.0000000 0.0000000 0.0007916     1.3742317 0.1672986 0.2085170     0.0000000 -4324.0384531 -1.9624714   53516.9023438
 11.1500     0.0000000 0.0000000 0.0007663     1.3715005 0.1679037 0.2080676     0.0000000 -4340.8854912 -1.9659780   53662.4843750
 11.2000     0.0000000 0.0000000 0.0005698     1.3688027 0.1685048 0.2076238     0.0000000 -4357.6546092 -1.9695655   53806.9687500
 11.2500     0.0000000 0.0000000 0.0003629     1.3661376 0.1691018 0.2071854     0.0000000 -4374.3422824 -1.9732084   53950.3593750
 11.3000     0.0000000 0.0000000 0.0002215     1.3635049 0.1696949 0.2067524     0.0000000 -4390.9455348 -1.9768857   54092.6601563
 11.3500     0.0000000 0.0000000 0.0001576     1.3609045 0.1702838 0.2063248     0.0000000 -4407.4603202 -1.9805793   54233.8554688
 11.4000     0.0000000 0.0000000 0.0001560     1.3583355 0.1708687 0.2059024     0.0000000 -4423.8862560 -1.9842764   54373.9687500
 11.4500     0.0000000 0.0000000 0.0001961     1.3557974 0.1714496 0.2054852     0.0000000 -4440.2225169 -1.9879674   54513.0117188
 11.5000     0.0000000 0.0000000 0.0002615     1.3532904 0.1720265 0.2050732     0.0000000 -4456.4662367 -1.9916452   54650.9648438
 11.5500     0.0000000 0.0000000 0.0003406     1.3508137 0.1725993 0.2046662     0.0000000 -4472.6175644 -1.9953073   54787.8398438
 11.6000     0.0000000 0.0000000 0.0004258     1.3483672 0.1731681 0.2042642     0.0000000 -4488.6761075 -1.9989533   54923.6367188
 11.6500     0.0000000 0.0000000 0.0005123     1.3459500 0.1737329 0.2038671     0.0000000 -4504.6430891 -2.0025861   55058.3710938
 11.7000     0.0000000 0.0000000 0.0005968     1.3435625 0.1742936 0.2034749     0.0000000 -4520.5171148 -2.0062087   55192.0234375
 11.7500     0.0000000 0.0000000 0.0006771     1.3412036 0.1748503 0.2030875     0.0000000 -4536.3008038 -2.0098273   55324.6210938
 11.8000     0.0000000 0.0000000 0.0007520     1.3388733 0.1754030 0.2027048     0.0000000 -4551.9940021 -2.0134471   55456.1562500
 11.8500     0.0000000 0.0000000 0.0008208     1.3365716 0.1759516 0.2023269     0.0000000 -4567.5956288 -2.0170733   55586.6093750
 11.9000     0.0000000 0.0000000 0.0008835     1.3342974 0.1764962 0.2019536     0.0000000 -4583.1097259 -2.0207130   55716.0234375
 11.9500     0.0000000 0.0000000 0.0009402     1.3320508 0.1770368 0.2015849     0.0000000 -4598.5354717 -2.0243708   55844.3828125
 12.0000     0.0000000 0.0000000 0.0009913     1.3298051 0.1775798 0.2012163     0.0000000 -4613.9985037 -2.0281062   55973.2070313
 12.0500     0.0000000 0.0000000 0.0012610     1.3276125 0.1781124 0.2008565     0.0000000 -4629.2540466 -2.0318392   56099.4765625
 12.1000     0.0000000 0.0000000 0.0014787     1.3254462 0.1786410 0.2005011     0.0000000 -4644.4366516 -2.0356872   56224.7187500
 12.1500     0.0000000 0.0000000 0.0014375     1.3233062 0.1791657 0.2001500     0.0000000 -4659.5453822 -2.0396490   56348.9257813
 12.2000     0.0000000 0.0000000 0.0012672     1.3211919 0.1796864 0.1998032     0.0000000 -4674.5765431 -2.0436981   56472.1015625
 12.2500     0.0000000 0.0000000 0.0010982     1.3191032 0.1802031 0.1994607     0.0000000 -4689.5257164 -2.0478075   56594.2421875
 12.3000     0.0000000 0.0000000 0.0009878     1.3170395 0.1807158 0.1991223     0.0000000 -4704.3914586 -2.0520950   56715.3710938
 12.3500     0.0000000 0.0000000 0.0009406     1.3150008 0.1812246 0.1987880     0.0000000 -4719.1702911 -2.0564422   56835.4765625
 12.4000     0.0000000 0.0000000 0.0009407     1.3129867 0.1817295 0.1984578     0.0000000 -4733.8608220 -2.0607977   56954.5664063
 12.4500     0.0000000 0.0000000 0.0009707     1.3109968 0.1822304 0.1981317     0.0000000 -4748.4623529 -2.0651522   57072.6523438
 12.5000     0.0000000 0.0000000 0.0010177     1.3090309 0.1827274 0.1978094     0.0000000 -4762.9733701 -2.0694989   57189.7304688
 12.5500     0.0000000 0.0000000 0.0010733     1.3070887 0.1832204 0.1974912     0.0000000 -4777.3931811 -2.0738349   57305.8007813
 12.6000     0.0000000 0.0000000 0.0011322     1.3051701 0.1837095 0.1971768     0.0000000 -4791.7221807 -2.0781602   57420.8710938
 12.6500     0.0000000 0.0000000 0.0011913     1.3032742 0.1841948 0.1968662     0.0000000 -4805.9624146 -2.0824777   57534.9648438
 12.7000     0.0000000 0.0000000 0.0012485     1.3014014 0.1846761 0.1965594     0.0000000 -4820.1122671 -2.0867904   57648.0585938
 12.7500     0.0000000 0.0000000 0.0013026     1.2995508 0.1851537 0.1962563     0.0000000 -4834.1755078 -2.0911043   57760.1914063
 12.8000     0.0000000 0.0000000 0.0013528     1.2977226 0.1856273 0.1959569     0.0000000 -4848.1504435 -2.0954236   57871.3359375
 12.8500     0.0000000 0.0000000 0.0013989     1.2959163 0.1860971 0.1956611     0.0000000 -4862.0396573 -2.0997545   57981.5156250
 12.9000     0.0000000 0.0000000 0.0014410     1.2941319 0.1865631 0.1953689     0.0000000 -4875.8427691 -2.1041018   58090.7187500
 12.9500     0.0000000 0.0000000 0.0014791     1.2923684 0.1870254 0.1950802     0.0000000 -4889.5639363 -2.1084715   58198.9882813
 13.0000     0.0000000 0.0000000 0.0015136     1.2905657 0.1874997 0.1947851     0.0000000 -4903.5150505 -2.1130022   58310.0273438
 13.0500     0.0000000 0.0000000 0.0017224     1.2888443 0.1879545 0.1945033     0.0000000 -4917.0757827 -2.1174547   58416.4023438
 13.1000     0.0000000 0.0000000 0.0018827     1.2871437 0.1884054 0.1942250     0.0000000 -4930.5679440 -2.1220304   58521.8242188
 13.1500     0.0000000 0.0000000 0.0018300     1.2854645 0.1888523 0.1939502     0.0000000 -4943.9868492 -2.1267270   58626.2382813
 13.2000     0.0000000 0.0000000 0.0016771     1.2838056 0.1892954 0.1936788     0.0000000 -4957.3336221 -2.1315179   58729.7109375
 13.2500     0.0000000 0.0000000 0.0015329     1.2821652 0.1897351 0.1934104     0.0000000 -4970.6125968 -2.1363775   58832.3476563
 13.3000     0.0000000 0.0000000 0.0014419     1.2805446 0.1901711 0.1931453     0.0000000 -4983.8108192 -2.1412780   58934.0390625
 13.3500     0.0000000 0.0000000 0.0014048     1.2789441 0.1906032 0.1928835     0.0000000 -4996.9244290 -2.1462012   59034.7734375
 13.4000     0.0000000 0.0000000 0.0014062     1.2773626 0.1910317 0.1926249     0.0000000 -5009.9562943 -2.1511365   59134.6093750
 13.4500     0.0000000 0.0000000 0.0014305     1.2758002 0.1914565 0.1923693     0.0000000 -5022.9030404 -2.1560749   59233.5234375
 13.5000     0.0000000 0.0000000 0.0014669     1.2742565 0.1918777 0.1921169     0.0000000 -5035.7658757 -2.1610131   59331.5390625
 13.5500     0.0000000 0.0000000 0.0015087     1.2727314 0.1922951 0.1918676     0.0000000 -5048.5432158 -2.1659496   59428.6406250
 13.6000     0.0000000 0.0000000 0.0015520     1.2712249 0.1927089 0.1916213     0.0000000 -5061.2362031 -2.1708868   59524.8398438
 13.6500     0.0000000 0.0000000 0.0015946     1.2697361 0.1931192 0.1913779     0.0000000 -5073.8482778 -2.1758294   59620.1718750
 13.7000     0.0000000 0.0000000 0.0016353     1.2682651 0.1935259 0.1911374     0.0000000 -5086.3780976 -2.1807816   59714.6132813
 13.7500     0.0000000 0.0000000 0.0016733     1.2668120 0.1939289 0.1909000     0.0000000 -5098.8267635 -2.1857491   59808.1679688
 13.8000     0.0000000 0.0000000 0.0017083     1.2653764 0.1943284 0.1906653     0.0000000 -5111.1960968 -2.1907382   59900.8476563
 13.8500     0.0000000 0.0000000 0.0017405     1.2639579 0.1947244 0.1904335     0.0000000 -5123.4882536 -2.1957552   59992.6679688
 13.9000     0.0000000 0.0000000 0.0017697     1.2625566 0.1951168 0.1902046     0.0000000 -5135.7026833 -2.2008051   60083.6132813
 13.9500     0.0000000 0.0000000 0.0017961     1.2611723 0.1955056 0.1899784     0.0000000 -5147.8404373 -2.2058930   60173.6875000
 14.0000     0.0000000 0.0000000 0.0018200     1.2597040 0.1959194 0.1897386     0.0000000 -5160.4670716 -2.2112656   60269.4882813
 14.0500     0.0000000 0.0000000 0.0019856     1.2583528 0.1963014 0.1895178     0.0000000 -5172.4635807 -2.2164751   60357.8789063
 14.1000     0.0000000 0.0000000 0.0021014     1.2570183 0.1966797 0.1892999     0.0000000 -5184.4010871 -2.2218375   60445.3945313
 14.1500     0.0000000 0.0000000 0.0020323     1.2556998 0.1970547 0.1890845     0.0000000 -5196.2839994 -2.2273569   60532.0820313
 14.2000     0.0000000 0.0000000 0.0018813     1.2543972 0.1974262 0.1888718     0.0000000 -5208.1069954 -2.2330016   60617.9375000
 14.2500     0.0000000 0.0000000 0.0017459     1.2531103 0.1977943 0.1886617     0.0000000 -5219.8651687 -2.2387387   60702.9648438
 14.3000     0.0000000 0.0000000 0.0016638     1.2518390 0.1981590 0.1884541     0.0000000 -5231.5532880 -2.2445416   60787.1523438
 14.3500     0.0000000 0.0000000 0.0016323     1.2505833 0.1985202 0.1882491     0.0000000 -5243.1698996 -2.2503915   60870.5195313
 14.4000     0.0000000 0.0000000 0.0016354     1.2493429 0.1988781 0.1880466     0.0000000 -5254.7128418 -2.2562754   60953.0664063
 14.4500     0.0000000 0.0000000 0.0016583     1.2481174 0.1992326 0.1878466     0.0000000 -5266.1814858 -2.2621859   61034.8007813
 14.5000     0.0000000 0.0000000 0.0016913     1.2469071 0.1995837 0.1876490     0.0000000 -5277.5752721 -2.2681199   61115.7226563
 14.5500     0.0000000 0.0000000 0.0017289     1.2457118 0.1999314 0.1874540     0.0000000 -5288.8925609 -2.2740774   61195.8125000
 14.6000     0.0000000 0.0000000 0.0017683     1.2445309 0.2002758 0.1872613     0.0000000 -5300.1382642 -2.2800640   61275.1210938
 14.6500     0.0000000 0.0000000 0.0018078     1.2433646 0.2006169 0.1870709     0.0000000 -5311.3115665 -2.2860848   61353.6289063
 14.7000     0.0000000 0.0000000 0.0018465     1.2422129 0.2009546 0.1868830     0.0000000 -5322.4115438 -2.2921460   61431.3125000
 14.7500     0.0000000 0.0000000 0.0018843     1.2410752 0.2012890 0.1866974     0.0000000 -5333.4445278 -2.2982580   61508.2304688
 14.8000     0.0000000 0.0000000 0.0019208     1.2399516 0.2016202 0.1865141     0.0000000 -5344.4091554 -2.3044283   61584.3515625
 14.8500     0.0000000 0.0000000 0.0019563     1.2388420 0.2019480 0.1863331     0.0000000 -5355.3081631 -2.3106661   61659.6914063
 14.9000     0.0000000 0.0000000 0.0019911     1.2377461 0.2022726 0.1861543     0.0000000 -5366.1429410 -2.3169805   61734.2500000
 14.9500     0.0000000 0.0000000 0.0020254     1.2366639 0.2025940 0.1859778     0.0000000 -5376.9155542 -2.3233803   61808.0351563
 15.0000     0.0000000 0.0000000 0.0020596     1.2354478 0.2029561 0.1857795     0.0000000 -5388.5055028 -2.3302541   61891.1328125
 15.0500     0.0000000 0.0000000 0.0022258     1.2343925 0.2032711 0.1856074     0.0000000 -5399.1669024 -2.3368908   61963.3945313
 15.1000     0.0000000 0.0000000 0.0023260     1.2333509 0.2035827 0.1854375     0.0000000 -5409.7912207 -2.3437733   62034.8710938
 15.1500     0.0000000 0.0000000 0.0022294     1.2323223 0.2038912 0.1852698     0.0000000 -5420.3829096 -2.3509173   62105.5859375
 15.2000     0.0000000 0.0000000 0.0020533     1.2313067 0.2041965 0.1851042     0.0000000 -5430.9380516 -2.3582926   62175.5507813
 15.2500     0.0000000 0.0000000 0.0019087     1.2303042 0.2044986 0.1849408     0.0000000 -5441.4488550 -2.3658633   62244.7421875
 15.3000     0.0000000 0.0000000 0.0018369     1.2293148 0.2047974 0.1847795     0.0000000 -5451.9106339 -2.3736009   62313.1601563
 15.3500     0.0000000 0.0000000 0.0018320     1.2283384 0.2050929 0.1846203     0.0000000 -5462.3207947 -2.3814861   62380.8125000
 15.4000     0.0000000 0.0000000 0.0018736     1.2273747 0.2053853 0.1844632     0.0000000 -5472.6785157 -2.3895084   62447.7109375
 15.4500     0.0000000 0.0000000 0.0019449     1.2264240 0.2056743 0.1843083     0.0000000 -5482.9805682 -2.3976642   62513.8242188
 15.5000     0.0000000 0.0000000 0.0020362     1.2254856 0.2059602 0.1841553     0.0000000 -5493.2317905 -2.4059602   62579.1992188
 15.5500     0.0000000 0.0000000 0.0021432     1.2245599 0.2062429 0.1840045     0.0000000 -5503.4315792 -2.4144068   62643.8085938
 15.6000     0.0000000 0.0000000 0.0022653     1.2236469 0.2065222 0.1838557     0.0000000 -5513.5819861 -2.4230208   62707.6445313
 15.6500     0.0000000 0.0000000 0.0024037     1.2227464 0.2067983 0.1837090     0.0000000 -5523.6876479 -2.4318252   62770.7187500
 15.7000     0.0000000 0.0000000 0.0025610     1.2218583 0.2070712 0.1835643     0.0000000 -5533.7523164 -2.4408472   62833.0234375
 15.7500     0.0000000 0.0000000 0.0027411     1.2209828 0.2073407 0.1834216     0.0000000 -5543.7812914 -2.4501196   62894.5585938
 15.8000     0.0000000 0.0000000 0.0029496     1.2201200 0.2076069 0.1832810     0.0000000 -5553.7787733 -2.4596802   62955.3007813
 15.8500     0.0000000 0.0000000 0.0031938     1.2192692 0.2078699 0.1831424     0.0000000 -5563.7566593 -2.4695767   63015.3007813
 15.9000     0.0000000 0.0000000 0.0034836     1.2184314 0.2081294 0.1830060     0.0000000 -5573.7165659 -2.4798604   63074.4765625
 15.9500     0.0000000 0.0000000 0.0038323     1.2176061 0.2083855 0.1828715     0.0000000 -5583.6723215 -2.4905986   63132.8632813
 16.0000     0.0000000 0.0000000 0.0042579     1.2165899 0.2087014 0.1827060     0.0000000 -5594.9137690 -2.5024434   63204.8828125
 16.0500     0.0000000 0.0000000 0.0050050     1.2157896 0.2089508 0.1825757     0.0000000 -5604.9209243 -2.5144418   63261.7070313
 16.1000     0.0000000 0.0000000 0.0056360     1.2150023 0.2091966 0.1824475     0.0000000 -5615.0248672 -2.5275356   63317.6835938
 16.1500     0.0000000 0.0000000 0.0059067     1.2142289 0.2094385 0.1823215     0.0000000 -5625.2671336 -2.5419963   63372.7734375
 16.2000     0.0000000 0.0000000 0.0061830     1.2134688 0.2096767 0.1821977     0.0000000 -5635.6889977 -2.5580714   63426.9843750
 16.2500     0.0000000 0.0000000 0.0069492     1.2127231 0.2099107 0.1820763     0.0000000 -5646.3217524 -2.5759869   63480.2460938
 16.3000     0.0000000 0.0000000 0.0085495     1.2119921 0.2101405 0.1819573     0.0000000 -5657.0432848 -2.5950266   63532.5273438
 16.3500     0.0000000 0.0000000 0.0104019     1.2112759 0.2103660 0.1818407     0.0000000 -5667.5813541 -2.6135630   63583.8320313
 16.4000     0.0000000 0.0000000 0.0117028     1.2105740 0.2105875 0.1817264     0.0000000 -5677.7284752 -2.6303460   63634.1875000
 16.4500     0.0000000 0.0000000 0.0121315     1.2098862 0.2108048 0.1816144     0.0000000 -5687.3950623 -2.6448415   63683.5937500
 16.5000     0.0000000 0.0000000 0.0118328     1.2092121 0.2110181 0.1815047     0.0000000 -5696.5785967 -2.6570214   63732.0742188
 16.5500     0.0000000 0.0000000 0.0111173     1.2085505 0.2112278 0.1813970     0.0000000 -5705.3226781 -2.6670968   63779.7226563
 