0.0000000    1.8849556 0.6859144 0.6090772   	0.0027723 30.0691872 10.8461647    0.3473238 0.0000048 6.1959195
 0.0500000    1.8849556 0.6859147 1.1403159   	0.0165293 30.0640850 10.3543892    0.3386975 0.0001981 6.1959295
 0.1000000    1.8849556 0.6859149 1.6469909   	0.0301298 30.0585594 9.8637352    0.3301845 0.0006277 6.1959491
 0.1500000    1.8849556 0.6859152 2.1291587   	0.0435768 30.0526161 9.3742199    0.3217498 0.0012200 6.1959877
 0.2000000    1.8849556 0.6859154 2.5868769   	0.0568706 30.0462685 8.8858585    0.3133584 0.0019020 6.1960559
 0.2500000    1.8849556 0.6859156 3.0202029   	0.0700099 30.0395355 8.3986578    0.3049757 0.0026022 6.1961627
 0.3000000    1.8849556 0.6859159 3.4291952   	0.0830280 30.0324421 7.9126215    0.2965679 0.0032513 6.1963172
 0.3500000    1.8849556 0.6859161 3.8138819   	0.0973708 30.0250149 7.4255075    0.2882130 0.0034843 6.1965981
 0.4000000    1.8849556 0.6859163 4.1741138   	0.1147577 30.0173931 6.9337492    0.2804804 0.0023241 6.1973605
 0.4500000    1.8849556 0.6859166 4.5096383   	0.1346723 30.0090656 6.4364519    0.2741798 -0.0008308 6.1990519
 0.5000000    1.8849556 0.6859168 4.8201518   	0.1723212 30.2325954 5.9975266    0.2702557 -0.0057768 6.2017984
 0.5500000    1.8849556 0.6859171 5.1260762   	0.4121437 33.0247269 6.2664599    0.2696944 -0.0114340 6.2053185
 0.6000000    1.8849556 0.6859173 5.4456186   	0.6387748 35.8196678 6.5465317    0.2726958 -0.0163250 6.2092075
 0.6500000    1.8849556 0.6859176 5.7797084   	0.8502620 38.6142387 6.8529177    0.2783637 -0.0187885 6.2128496
 0.7000000    1.8849556 0.6859179 6.1298752   	1.0524930 41.4040108 7.1941905    0.2853611 -0.0183895 6.2158570
 0.7500000    1.8849556 0.6859183 6.4979963   	1.2501866 44.1865463 7.5755081    0.2921058 -0.0167136 6.2186127
 0.8000000    1.8849556 0.6859186 6.8860722   	1.4411458 46.9577332 7.9954724    0.2965991 -0.0153291 6.2215471
 0.8500000    1.8849557 0.6859190 7.2958612   	1.6225351 49.7199860 8.4428625    0.2965209 -0.0147748 6.2247896
 0.9000000    1.8849557 0.6859194 7.7280068   	1.7934860 52.4890938 8.8832083    0.2911647 -0.0147815 6.2282896
 0.9500000    1.8849557 0.6859198 8.1815081   	1.9535843 55.2758713 9.2908592    0.2822790 -0.0148627 6.2319741
 1.0000000    1.8849557 0.6859203 8.6544428   	2.1018877 58.0789986 9.6571264    0.2724225 -0.0146989 6.2358007
 1.0500000    1.8849557 0.6859207 9.1449795   	2.2375143 60.8934822 9.9941540    0.2629436 -0.0141899 6.2397552
 1.1000000    1.8849558 0.6859212 9.6518669   	2.3595979 63.7179375 10.3093872    0.2536863 -0.0133191 6.2438412
 1.1500000    1.8849558 0.6859217 10.1740179   	2.4671504 66.5524750 10.6018019    0.2441577 -0.0121230 6.2480578
 1.2000000    1.8849558 0.6859223 10.7102070   	2.5592210 69.3972778 10.8676558    0.2340634 -0.0106757 6.2523956
 1.2500000    1.8849558 0.6859228 11.2590160   	2.6349387 72.2523193 11.1027613    0.2233030 -0.0090818 6.2568474
 1.3000000    1.8849559 0.6859234 11.8188219   	2.6935382 75.1174850 11.3039589    0.2119069 -0.0074579 6.2614150
 1.3500000    1.8849559 0.6859240 12.3878765   	2.7344325 77.9929199 11.4676218    0.1999264 -0.0058683 6.2661166
 1.4000000    1.8849559 0.6859246 12.9641237   	2.7569051 80.8789291 11.5866690    0.1879645 -0.0043429 6.2710037
 1.4500000    1.8849560 0.6859253 13.5453320   	2.7595751 83.7740402 11.6626282    0.1768908 -0.0028402 6.2761331
 1.5000000    1.8849560 0.6859259 14.1294880   	2.7405808 86.6768112 11.7022991    0.1672330 -0.0013188 6.2815328
 1.5500000    1.8849560 0.6859266 14.7149630   	2.6973190 89.5859528 11.7137613    0.1591159 0.0002602 0.0039831
 1.6000000    1.8849560 0.6859273 15.3004923   	2.6281331 92.5000305 11.7031107    0.1524554 0.0019518 0.0097671
 1.6500000    1.8849561 0.6859281 15.8850842   	2.5319877 95.4176407 11.6753845    0.1471635 0.0038049 0.0156183
 1.7000000    1.8849561 0.6859288 16.4679985   	2.4081306 98.3374405 11.6356449    0.1431876 0.0059004 0.0214642
 1.7500000    1.8849561 0.6859296 17.0487537   	2.2560854 101.2581329 11.5892792    0.1404843 0.0083580 0.0272329
 1.8000000    1.8849561 0.6859304 17.6271439   	2.0757117 104.1784286 11.5418854    0.1389887 0.0113284 0.0328485
 1.8500000    1.8849562 0.6859313 18.2032433   	1.8672793 107.0971298 11.4989882    0.1386010 0.0149793 0.0382300
 1.9000000    1.8849562 0.6859321 18.7773952   	1.6315243 110.0130615 11.4657803    0.1391885 0.0194773 0.0432938
 1.9500000    1.8849562 0.6859330 19.3501911   	1.3693562 112.9252243 11.4470377    0.1405946 0.0249733 0.0479510
 2.0000000    1.8849562 0.6859339 19.9224663   	1.0810182 115.8329163 11.4474230    0.1426331 0.0316692 0.0520252
 2.0500000    1.8849562 0.6859348 20.4952488   	0.7697285 118.7354813 11.4699888    0.1451111 0.0397032 0.0552971
 2.1000000    1.8849562 0.6859357 21.0696964   	0.4404322 121.6325378 11.5166807    0.1478749 0.0489713 0.0576286
 2.1500000    1.8849562 0.6859367 21.6470470   	0.0988075 124.5239792 11.5887957    0.1508172 0.0591345 0.0589722
 2.2000000    1.8849562 0.6859377 22.2285900   	-0.2492467 127.4099274 11.6872253    0.1538649 0.0696948 0.0593527
 2.2500000    1.8849562 0.6859387 22.8156605   	-0.5979495 130.2906342 11.8125610    0.1569648 0.0800849 0.0588484
 2.3000000    1.8849562 0.6859397 23.4096088   	-0.9418977 133.1663666 11.9651146    0.1600723 0.0897460 0.0575777
 2.3500000    1.8849562 0.6859408 24.0116138   	-1.2731644 136.0370483 12.1329288    0.1638532 0.0980911 0.0558747
 2.4000000    1.8849562 0.6859419 24.6225548   	-1.5934350 138.9001770 12.3343124    0.1701149 0.1048750 0.0543068
 2.4500000    1.8849562 0.6859430 25.2450123   	-1.9073966 141.7519379 12.6026068    0.1775204 0.1114307 0.0526968
 2.5000000    1.8849561 0.6859441 25.8824120   	-2.2119343 144.5913391 12.9361639    0.1838686 0.1189946 0.0507636
 2.5500000    1.8849561 0.6859453 26.5376148   	-2.5014362 147.4207916 13.3155088    0.1880399 0.1273534 0.0485571
 2.6000000    1.8849561 0.6859464 27.2124195   	-2.7729356 150.2439880 13.7199059    0.1901603 0.1351585 0.0463975
 2.6500000    1.8849561 0.6859476 27.9077473   	-3.0277357 153.0638580 14.1361761    0.1910040 0.1410027 0.0446233
 2.7000000    1.8849560 0.6859488 28.6240578   	-3.2700107 155.8817596 14.5598679    0.1913594 0.1442481 0.0434163
 2.7500000    1.8849560 0.6859501 29.3617344   	-3.5046210 158.6977997 14.9920053    0.1916855 0.1451519 0.0427821
 2.8000000    1.8849560 0.6859513 30.1212540   	-3.7356818 161.5114899 15.4349737    0.1920818 0.1445115 0.0426239
 2.8500000    1.8849559 0.6859526 30.9031868   	-3.9661627 164.3224030 15.8897905    0.1924390 0.1432179 0.0428211
 2.9000000    1.8849559 0.6859539 31.7081127   	-4.1981049 167.1304626 16.3554344    0.1926152 0.1419622 0.0432740
 2.9500000    1.8849558 0.6859552 32.5365219   	-4.4329939 169.9359283 16.8295746    0.1925418 0.1411477 0.0439127
 3.0000000    1.8849558 0.6859566 33.3887863   	-4.6720080 172.7391205 17.3097496    0.1922393 0.1409392 0.0446876
 3.0500000    1.8849557 0.6859579 34.2651558   	-4.9160905 175.5403290 17.7941303    0.1917778 0.1413582 0.0455586
 3.1000000    1.8849557 0.6859593 35.1658211   	-5.1659265 178.3397064 18.2817135    0.1912260 0.1423573 0.0464895
 3.1500000    1.8849556 0.6859607 36.0909271   	-5.4219174 181.1372681 18.7719746    0.1906230 0.1438573 0.0474498
 3.2000000    1.8849556 0.6859622 37.0405998   	-5.6842084 183.9331055 19.2644958    0.1899779 0.1457570 0.0484171
 3.2500000    1.8849555 0.6859636 38.0149384   	-5.9527674 186.7272339 19.7587032    0.1892859 0.1479345 0.0493791
 3.3000000    1.8849555 0.6859651 39.0140152   	-6.2274866 189.5198212 20.2538719    0.1885434 0.1502542 0.0503326
 3.3500000    1.8849554 0.6859666 40.0378532   	-6.5082641 192.3108826 20.7492371    0.1877549 0.1525822 0.0512805
 3.4000000    1.8849553 0.6859681 41.0864525   	-6.7950473 195.1004944 21.2441196    0.1869298 0.1548028 0.0522279
 3.4500000    1.8849553 0.6859697 42.1597748   	-7.0878367 197.8887329 21.7379456    0.1860759 0.1568290 0.0531796
 3.5000000    1.8849552 0.6859712 43.2577553   	-7.3773761 200.5041962 22.1980267    0.1851958 0.1586028 0.0541393
 3.5500000    1.8849551 0.6859728 44.3700066   	-7.5691338 201.2331238 22.3017941    0.1842289 0.1601113 0.0550897
 3.6000000    1.8849550 0.6859744 45.4873581   	-7.7634258 201.9623871 22.4013805    0.1830342 0.1613274 0.0559715
 3.6500000    1.8849550 0.6859760 46.6095505   	-7.9589772 202.6925659 22.4942150    0.1815654 0.1620838 0.0567747
 3.7000000    1.8849549 0.6859776 47.7361794   	-8.1549587 203.4240112 22.5776558    0.1799330 0.1621184 0.0575382
 3.7500000    1.8849548 0.6859792 48.8667564   	-8.3512621 204.1565399 22.6511250    0.1783009 0.1611623 0.0583018
 3.8000000    1.8849547 0.6859808 50.0007973   	-8.5481071 204.8899841 22.7156487    0.1767702 0.1591500 0.0590819
 3.8500000    1.8849546 0.6859824 51.1378899   	-8.7457170 205.6240540 22.7726593    0.1753478 0.1562222 0.0598745
 3.9000000    1.8849545 0.6859840 52.2776833   	-8.9441490 206.3585205 22.8230782    0.1739835 0.1526049 0.0606688
 3.9500000    1.8849544 0.6859857 53.4198570   	-9.1433210 207.0932770 22.8671074    0.1726249 0.1485116 0.0614569
 4.0000000    1.8849544 0.6859874 54.8754463   	-9.2796993 207.7227020 22.9376431    0.1712483 0.1441032 0.0622368
 4.0500000    1.8849543 0.6859891 56.0230484   	-9.4800024 208.4579620 22.9683456    0.1698550 0.1394845 0.0630119
 4.1000000    1.8849542 0.6859907 57.1720314   	-9.6808538 209.1934814 22.9922466    0.1684556 0.1347308 0.0637859
 4.1500000    1.8849541 0.6859924 58.3220596   	-9.8822985 209.9291534 23.0094719    0.1670673 0.1299242 0.0645527
 4.2000000    1.8849540 0.6859940 59.4728012   	-10.0842762 210.6649323 23.0203285    0.1656988 0.1251331 0.0653039
 4.2500000    1.8849539 0.6859957 60.6239510   	-10.2866411 211.4007111 23.0251160    0.1643480 0.1203999 0.0660331
 4.3000000    1.8849538 0.6859973 61.7752075   	-10.4892101 212.1364441 23.0240498    0.1630085 0.1157421 0.0667376
 4.3500000    1.8849537 0.6859990 62.9262810   	-10.6917896 212.8720703 23.0172653    0.1616755 0.1111590 0.0674174
 4.4000000    1.8849535 0.6860007 64.0768890   	-10.8942099 213.6075439 23.0048656    0.1603483 0.1066402 0.0680741
 4.4500000    1.8849534 0.6860024 65.2267532   	-11.0963182 214.3428345 22.9869804    0.1590282 0.1021746 0.0687098
 4.5000000    1.8849533 0.6860041 66.3755951   	-11.2979898 215.0779114 22.9637508    0.1577163 0.0977543 0.0693264
 4.5500000    1.8849532 0.6860057 67.5231247   	-11.4971809 215.8121643 22.9327221    0.1565876 0.0924844 0.0700607
 4.6000000    1.8849531 0.6860074 68.6690063   	-11.6985626 216.5449066 22.8997746    0.1559607 0.0850042 0.0711496
 4.6500000    1.8849530 0.6860091 69.8133316   	-11.9065332 217.2755280 22.8712330    0.1554681 0.0772885 0.0723458
 4.7000000    1.8849529 0.6860109 70.9563065   	-12.1198721 218.0040131 22.8451672    0.1547261 0.0710576 0.0734129
 4.7500000    1.8849527 0.6860126 72.0979462   	-12.3359327 218.7309875 22.8170700    0.1536557 0.0666615 0.0742835
 4.8000000    1.8849526 0.6860143 73.2380829   	-12.5526180 219.4571228 22.7838097    0.1523868 0.0636206 0.0749877
 4.8500000    1.8849525 0.6860160 74.3764114   	-12.7686853 220.1827698 22.7445774    0.1510801 0.0612817 0.0755741
 4.9000000    1.8849523 0.6860178 75.5126572   	-12.9833965 220.9080048 22.7000141    0.1498284 0.0591516 0.0760759
 4.9500000    1.8849522 0.6860195 76.6465759   	-13.1961985 221.6327667 22.6510906    0.1486500 0.0569563 0.0765098
 5.0000000    1.8849521 0.6860212 77.7656784   	-13.4050493 222.3473663 22.5758972    0.1475250 0.0545801 0.0768854
 5.0500000    1.8849519 0.6860230 78.8932495   	-13.6004152 223.0739288 22.5207176    0.1474345 0.0520422 0.0605435
 5.1000000    1.8849518 0.6860248 80.0179825   	-13.7925787 223.7998352 22.4623165    0.1463497 0.0492402 0.0608367
 5.1500000    1.8849517 0.6860265 81.1397247   	-13.9813652 224.5251007 22.4007378    0.1452680 0.0462647 0.0611056
 5.2000000    1.8849515 0.6860283 82.2583160   	-14.1666813 225.2497101 22.3360004    0.1441849 0.0431643 0.0613585
 5.2500000    1.8849514 0.6860301 83.3736038   	-14.3485231 225.9736481 22.2681141    0.1430975 0.0399883 0.0616029
 5.3000000    1.8849512 0.6860318 84.4854202   	-14.5269594 226.6969147 22.1970806    0.1420029 0.0367840 0.0618452
 5.3500000    1.8849511 0.6860336 85.5936203   	-14.7021255 227.4194794 22.1228828    0.1408981 0.0335953 0.0620902
 5.4000000    1.8849509 0.6860354 86.6980362   	-14.8742008 228.1412964 22.0454731    0.1397803 0.0304611 0.0623418
 5.4500000    1.8849508 0.6860372 87.7985077   	-15.0433922 228.8624115 21.9647961    0.1386472 0.0274142 0.0626025
 5.5000000    1.8849506 0.6860390 88.8948746   	-15.2099295 229.5827637 21.8807678    0.1374971 0.0244806 0.0628738
 5.5500000    1.8849505 0.6860408 89.9869537   	-15.3740511 230.3022919 21.7933044    0.1363294 0.0216795 0.0631569
 5.6000000    1.8849503 0.6860426 91.0745926   	-15.5359974 231.0210571 21.7023125    0.1351436 0.0190239 0.0634519
 5.6500000    1.8849502 0.6860444 92.1575928   	-15.6960039 231.7389832 21.6077023    0.1339401 0.0165212 0.0637587
 5.7000000    1.8849500 0.6860463 93.2357788   	-15.8542976 232.4560699 21.5093784    0.1327194 0.0141738 0.0640769
 5.7500000    1.8849498 0.6860481 94.3089676   	-16.0110912 233.1722870 21.4072571    0.1314824 0.0119805 0.0644057
 5.8000000    1.8849497 0.6860499 95.3769608   	-16.1665802 233.8876190 21.3012714    0.1302303 0.0099368 0.0647442
 5.8500000    1.8849495 0.6860518 96.4395676   	-16.3209515 234.6020508 21.1913490    0.1289642 0.0080357 0.0650915
 5.9000000    1.8849493 0.6860536 97.4965897   	-16.4743671 235.3155365 21.0774326    0.1276856 0.0062688 0.0654466
 5.9500000    1.8849492 0.6860555 98.5478210   	-16.6269722 236.0280762 20.9594860    0.1263956 0.0046266 0.0658084
 6.0000000    1.8849490 0.6860573 99.5698471   	-17.0095825 236.6810150 20.7994690    0.1250956 0.0030990 0.0661760
 6.0500000    1.8849488 0.6860592 100.6070175   	-17.1652794 237.3903198 20.6740093    0.1249046 0.0004993 0.0721083
 6.1000000    1.8849486 0.6860611 101.6378174   	-17.3203659 238.0984650 20.5444698    0.1235946 -0.0006125 0.0724590
 6.1500000    1.8849485 0.6860629 102.6620636   	-17.4747410 238.8050232 20.4115181    0.1222511 -0.0015665 0.0727945
 6.2000000    1.8849483 0.6860648 103.6795807   	-17.6282654 239.5101166 20.2746983    0.1208084 -0.0024710 0.0731112
 6.2500000    1.8849481 0.6860667 104.6901474   	-17.7807484 240.2139282 20.1327896    0.1192499 -0.0034010 0.0734115
 6.3000000    1.8849479 0.6860686 105.6934814   	-17.9320717 240.9165802 19.9847679    0.1175954 -0.0043959 0.0737009
 6.3500000    1.8849477 0.6860705 106.6892624   	-18.0821972 241.6181488 19.8299942    0.1158751 -0.0054639 0.0739852
 6.4000000    1.8849476 0.6860724 107.6771545   	-18.2311573 242.3186035 19.6681423    0.1141160 -0.0065916 0.0742690
 6.4500000    1.8849474 0.6860743 108.6567841   	-18.3790188 243.0179596 19.4991131    0.1123385 -0.0077540 0.0745551
 6.5000000    1.8849472 0.6860762 109.6278076   	-18.5258789 243.7161407 19.3229618    0.1105571 -0.0089227 0.0748453
 6.5500000    1.8849470 0.6860781 110.5898666   	-18.6718540 244.4130859 19.1398411    0.1087820 -0.0100722 0.0751403
 6.6000000    1.8849468 0.6860800 111.5426102   	-18.8170528 245.1087341 18.9499722    0.1070208 -0.0111823 0.0754404
 6.6500000    1.8849466 0.6860820 112.4857178   	-18.9615879 245.8029938 18.7536297    0.1052791 -0.0122391 0.0757454
 6.7000000    1.8849464 0.6860839 113.4188690   	-19.1055584 246.4958191 18.5511227    0.1035608 -0.0132343 0.0760550
 6.7500000    1.8849462 0.6860859 114.3417587   	-19.2490559 247.1871185 18.3427868    0.1018688 -0.0141643 0.0763687
 6.8000000    1.8849460 0.6860878 115.2541122   	-19.3921604 247.8768616 18.1289635    0.1002051 -0.0150292 0.0766858
 6.8500000    1.8849458 0.6860897 116.1556549   	-19.5349445 248.5649261 17.9100075    0.0985706 -0.0158314 0.0770057
 6.9000000    1.8849456 0.6860917 117.0461349   	-19.6774673 249.2512817 17.6862659    0.0969656 -0.0165749 0.0773279
 6.9500000    1.8849454 0.6860937 117.9253311   	-19.8197842 249.9358673 17.4580727    0.0953897 -0.0172647 0.0776519
 7.0000000    1.8849452 0.6860956 118.7560120   	-20.1033649 250.5888519 17.1698990    0.0938419 -0.0179060 0.0779769
 7.0500000    1.8849450 0.6860976 119.6092148   	-20.2469158 251.2693481 16.9339828    0.0927223 -0.0190351 0.0803746
 7.1000000    1.8849448 0.6860996 120.4505386   	-20.3902664 251.9479523 16.6945686    0.0912334 -0.0194970 0.0806868
 7.1500000    1.8849446 0.6861016 121.2798233   	-20.5332909 252.6246033 16.4519844    0.0897722 -0.0199014 0.0809917
 7.2000000    1.8849444 0.6861036 122.0969086   	-20.6759415 253.2992554 16.2065029    0.0883351 -0.0203027 0.0812925
 7.2500000    1.8849442 0.6861056 122.9016647   	-20.8182106 253.9719086 15.9583530    0.0869190 -0.0207254 0.0815912
 7.3000000    1.8849440 0.6861075 123.6939545   	-20.9600983 254.6425323 15.7077408    0.0855207 -0.0211714 0.0818889
 7.3500000    1.8849438 0.6861096 124.4736557   	-21.1016159 255.3110809 15.4548302    0.0841370 -0.0216326 0.0821862
 7.4000000    1.8849435 0.6861116 125.2406693   	-21.2427845 255.9775543 15.1997557    0.0827646 -0.0220989 0.0824837
 7.4500000    1.8849433 0.6861136 125.9948807   	-21.3836288 256.6419373 14.9426174    0.0814005 -0.0225615 0.0827816
 7.5000000    1.8849431 0.6861156 126.7361908   	-21.5241776 257.3041687 14.6834850    0.0800417 -0.0230146 0.0830804
 7.5500000    1.8849429 0.6861176 127.4644928   	-21.6644630 257.9642334 14.4224024    0.0786860 -0.0234543 0.0833802
 7.6000000    1.8849427 0.6861197 128.1797028   	-21.8045177 258.6221313 14.1593866    0.0773310 -0.0238784 0.0836813
 7.6500000    1.8849425 0.6861217 128.8817139   	-21.9443760 259.2778320 13.8944378    0.0759753 -0.0242860 0.0839838
 7.7000000    1.8849422 0.6861237 129.5704498   	-22.0840740 259.9313660 13.6275415    0.0746174 -0.0246767 0.0842875
 7.7500000    1.8849420 0.6861258 130.2457886   	-22.2236423 260.5826721 13.3586731    0.0732565 -0.0250507 0.0845926
 7.8000000    1.8849418 0.6861278 130.9076233   	-22.3631115 261.2317505 13.0878000    0.0718920 -0.0254086 0.0848988
 7.8500000    1.8849416 0.6861299 131.5558929   	-22.5025101 261.8785706 12.8148899    0.0705238 -0.0257512 0.0852061
 7.9000000    1.8849413 0.6861319 132.1904602   	-22.6418629 262.5231934 12.5399065    0.0691520 -0.0260795 0.0855142
 7.9500000    1.8849411 0.6861340 132.8112183   	-22.7811871 263.1654968 12.2628202    0.0677768 -0.0263943 0.0858228
 8.0000000    1.8849409 0.6861361 133.3774719   	-23.0229263 263.7816772 11.9293766    0.0663987 -0.0266969 0.0861319
 8.0500000    1.8849406 0.6861382 133.9676208   	-23.1629086 264.4192810 11.6481657    0.0653303 -0.0273196 0.0873658
 8.1000000    1.8849404 0.6861402 134.5436554   	-23.3028355 265.0545654 11.3648195    0.0639549 -0.0275386 0.0876651
 8.1500000    1.8849402 0.6861423 135.1054840   	-23.4425964 265.6875610 11.0793953    0.0625832 -0.0277344 0.0879584
 8.2000000    1.8849399 0.6861444 135.6529999   	-23.5821323 266.3182068 10.7919369    0.0612147 -0.0279404 0.0882480
 8.2500000    1.8849397 0.6861465 136.1860962   	-23.7214260 266.9465637 10.5024786    0.0598494 -0.0281706 0.0885351
 8.3000000    1.8849394 0.6861486 136.7046661   	-23.8604565 267.5725708 10.2110567    0.0584870 -0.0284246 0.0888206
 8.3500000    1.8849392 0.6861507 137.2086334   	-23.9992218 268.1962585 9.9177065    0.0571275 -0.0286957 0.0891048
 8.4000000    1.8849389 0.6861528 137.6978760   	-24.1377220 268.8175659 9.6224585    0.0557705 -0.0289760 0.0893882
 8.4500000    1.8849387 0.6861549 138.1723175   	-24.2759590 269.4365540 9.3253422    0.0544156 -0.0292593 0.0896708
 8.5000000    1.8849385 0.6861571 138.6318665   	-24.4139385 270.0531311 9.0263805    0.0530626 -0.0295408 0.0899529
 8.5500000    1.8849382 0.6861592 139.0764313   	-24.5516720 270.6673279 8.7255964    0.0517111 -0.0298177 0.0902346
 8.6000000    1.8849380 0.6861613 139.5059052   	-24.6890717 271.2777710 8.4230862    0.0503497 -0.0300854 0.0905147
 8.6500000    1.8849377 0.6861634 139.9202271   	-24.8260212 271.8834534 8.1185532    0.0489464 -0.0303366 0.0907894
 8.7000000    1.8849375 0.6861656 140.3192444   	-24.9624290 272.4844055 7.8113308    0.0474910 -0.0305738 0.0910579
 8.7500000    1.8849372 0.6861677 140.7028503   	-25.0982323 273.0806580 7.5008364    0.0459915 -0.0308052 0.0913215
 8.8000000    1.8849369 0.6861699 141.0708313   	-25.2333851 273.6722412 7.1866846    0.0444624 -0.0310380 0.0915820
 8.8500000    1.8849367 0.6861720 141.4230347   	-25.3678837 274.2590942 6.8686833    0.0429184 -0.0312752 0.0918412
 8.9000000    1.8849364 0.6861742 141.7592316   	-25.5017338 274.8412781 6.5468035    0.0413721 -0.0315155 0.0921000
 8.9500000    1.8849362 0.6861764 142.0792694   	-25.6349545 275.4187317 6.2211409    0.0398338 -0.0317552 0.0923590
 9.0000000    1.8849359 0.6861785 142.3393555   	-25.8474903 275.9687500 5.8353481    0.0383114 -0.0319898 0.0926185
 9.0500000    1.8849356 0.6861807 142.6236572   	-25.9800148 276.5366821 5.5028582    0.0370044 -0.0324272 0.0936462
 9.1000000    1.8849354 0.6861829 142.8912506   	-26.1119194 277.0998840 5.1674032    0.0355364 -0.0325992 0.0938986
 9.1500000    1.8849351 0.6861850 143.1420288   	-26.2431240 277.6583862 4.8294020    0.0341015 -0.0327491 0.0941466
 9.2000000    1.8849349 0.6861872 143.3758545   	-26.3735867 278.2121887 4.4892569    0.0326990 -0.0328983 0.0943915
 9.2500000    1.8849346 0.6861894 143.5926361   	-26.5032997 278.7612915 4.1473441    0.0313274 -0.0330553 0.0946347
 9.3000000    1.8849343 0.6861916 143.7922821   	-26.6322556 279.3057251 3.8040111    0.0299842 -0.0332189 0.0948766
 9.3500000    1.8849340 0.6861938 143.9747314   	-26.7604599 279.8454285 3.4595652    0.0286664 -0.0333845 0.0951178
 9.4000000    1.8849338 0.6861960 144.1399536   	-26.8879242 280.3804932 3.1142683    0.0273706 -0.0335470 0.0953584
 9.4500000    1.8849335 0.6861982 144.2878723   	-27.0146637 280.9108887 2.7683346    0.0260929 -0.0337029 0.0955987
 9.5000000    1.8849332 0.6862004 144.4185028   	-27.1406975 281.4366150 2.4219308    0.0248298 -0.0338498 0.0958389
 9.5500000    1.8849330 0.6862026 144.5317993   	-27.2660465 281.9577026 2.0751770    0.0235777 -0.0339865 0.0960793
 9.6000000    1.8849327 0.6862049 144.6277466   	-27.3907337 282.4740906 1.7281522    0.0223336 -0.0341125 0.0963198
 9.6500000    1.8849324 0.6862071 144.7063446   	-27.5147800 282.9858704 1.3809007    0.0210947 -0.0342276 0.0965607
 9.7000000    1.8849321 0.6862093 144.7675781   	-27.6382103 283.4930725 1.0334364    0.0198590 -0.0343322 0.0968018
 9.7500000    1.8849318 0.6862115 144.8114166   	-27.7610531 283.9955444 0.6857508    0.0186246 -0.0344264 0.0970432
 9.8000000    1.8849316 0.6862138 144.8378906   	-27.8833237 284.4934387 0.3378189    0.0173905 -0.0345109 0.0972847
 9.8500000    1.8849313 0.6862160 144.8469391   	-28.0050411 284.9867554 -0.0103946    0.0161559 -0.0345861 0.0975264
 9.9000000    1.8849310 0.6862183 144.8385773   	-28.1261959 285.4752502 -0.3589328    0.0149205 -0.0346549 0.0977680
 9.9500000    1.8849307 0.6862205 144.8127899   	-28.2468052 285.9589539 -0.7078349    0.0136844 -0.0347175 0.0980093
 10.0000000    1.8849304 0.6862228 144.7261047   	-28.4247627 286.4174805 -1.1070787    0.0124478 -0.0347721 0.0982504
 10.0500000    1.8849301 0.6862250 144.6628723   	-28.5447025 286.8918762 -1.4567183    0.0114419 -0.0349667 0.0991572
 10.1000000    1.8849298 0.6862273 144.5821686   	-28.6640873 287.3617554 -1.8067704    0.0102127 -0.0349768 0.0993908
 10.1500000    1.8849295 0.6862295 144.4839478   	-28.7828293 287.8271484 -2.1571717    0.0089897 -0.0349762 0.0996198
 10.2000000    1.8849293 0.6862318 144.3681946   	-28.9008865 288.2880554 -2.5078747    0.0077722 -0.0349819 0.0998456
 10.2500000    1.8849290 0.6862341 144.2349091   	-29.0182362 288.7444763 -2.8588426    0.0065600 -0.0350002 0.1000694
 10.3000000    1.8849287 0.6862363 144.0840607   	-29.1348705 289.1964417 -3.2100410    0.0053528 -0.0350297 0.1002915
 10.3500000    1.8849284 0.6862386 143.9156647   	-29.2507877 289.6439819 -3.5614400    0.0041503 -0.0350659 0.1005125
 10.4000000    1.8849281 0.6862409 143.7296753   	-29.3659916 290.0871277 -3.9130108    0.0029523 -0.0351047 0.1007325
 10.4500000    1.8849278 0.6862432 143.5261078   	-29.4804878 290.5258484 -4.2647271    0.0017588 -0.0351428 0.1009516
 10.5000000    1.8849275 0.6862454 143.3049622   	-29.5942879 290.9602051 -4.6165633    0.0005697 -0.0351781 0.1011699
 10.5500000    1.8849272 0.6862477 143.0662079   	-29.7073975 291.3901978 -4.9684973    -0.0006151 -0.0352091 0.1013875
 10.6000000    1.8849269 0.6862500 142.8098755   	-29.8198280 291.8158264 -5.3205047    -0.0017955 -0.0352352 0.1016043
 10.6500000    1.8849266 0.6862523 142.5359192   	-29.9315891 292.2371521 -5.6725616    -0.0029715 -0.0352562 0.1018203
 10.7000000    1.8849263 0.6862546 142.2443695   	-30.0426826 292.6541748 -6.0246429    -0.0041429 -0.0352717 0.1020355
 10.7500000    1.8849260 0.6862569 141.9352264   	-30.1531086 293.0668640 -6.3767228    -0.0053097 -0.0352821 0.1022496
 10.8000000    1.8849257 0.6862592 141.6084595   	-30.2628765 293.4753113 -6.7287731    -0.0064715 -0.0352875 0.1024627
 10.8500000    1.8849254 0.6862615 141.2640991   	-30.3719864 293.8795166 -7.0807629    -0.0076283 -0.0352881 0.1026747
 10.9000000    1.8849250 0.6862638 140.9021454   	-30.4804382 294.2794800 -7.4326611    -0.0087799 -0.0352843 0.1028854
 10.9500000    1.8849247 0.6862662 140.5225983   	-30.5882225 294.6752014 -7.7844348    -0.0099261 -0.0352762 0.1030948
 11.0000000    1.8849244 0.6862685 140.0851288   	-30.7370892 295.0600891 -8.1797771    -0.0110666 -0.0352636 0.1033028
 11.0500000    1.8849241 0.6862708 139.6682281   	-30.8437309 295.4471436 -8.5311384    -0.0120098 -0.0353525 0.1040029
 11.1000000    1.8849238 0.6862731 139.2337799   	-30.9496403 295.8299866 -8.8822327    -0.0131325 -0.0353098 0.1042028
 11.1500000    1.8849235 0.6862754 138.7817688   	-31.0547352 296.2085876 -9.2329435    -0.0142449 -0.0352612 0.1043982
 11.2000000    1.8849232 0.6862778 138.3122406   	-31.1589756 296.5830383 -9.5831871    -0.0153482 -0.0352191 0.1045904
 11.2500000    1.8849229 0.6862801 137.8252106   	-31.2623444 296.9533081 -9.9328976    -0.0164436 -0.0351875 0.1047804
 11.3000000    1.8849225 0.6862824 137.3207092   	-31.3648396 297.3194885 -10.2820263    -0.0175321 -0.0351645 0.1049688
 11.3500000    1.8849222 0.6862848 136.7987671   	-31.4664650 297.6815186 -10.6305389    -0.0186145 -0.0351461 0.1051559
 11.4000000    1.8849219 0.6862871 136.2593994   	-31.5672302 298.0394897 -10.9784088    -0.0196916 -0.0351289 0.1053419
 11.4500000    1.8849216 0.6862895 135.7026672   	-31.6671505 298.3934021 -11.3256178    -0.0207638 -0.0351105 0.1055269
 11.5000000    1.8849213 0.6862918 135.1285858   	-31.7662334 298.7433167 -11.6721563    -0.0218314 -0.0350891 0.1057110
 11.5500000    1.8849209 0.6862942 134.5372009   	-31.8644962 299.0892029 -12.0180149    -0.0228946 -0.0350638 0.1058940
 11.6000000    1.8849206 0.6862965 133.9285278   	-31.9619484 299.4311218 -12.3631849    -0.0239535 -0.0350342 0.1060761
 11.6500000    1.8849203 0.6862989 133.3026123   	-32.0586014 299.7690735 -12.7076616    -0.0250079 -0.0350001 0.1062572
 11.7000000    1.8849200 0.6863012 132.6595001   	-32.1544647 300.1030884 -13.0514317    -0.0260577 -0.0349616 0.1064371
 11.7500000    1.8849196 0.6863036 131.9992065   	-32.2495346 300.4331970 -13.3944845    -0.0271026 -0.0349188 0.1066158
 11.8000000    1.8849193 0.6863060 131.3217773   	-32.3438339 300.7594299 -13.7368040    -0.0281424 -0.0348720 0.1067932
 11.8500000    1.8849190 0.6863083 130.6272430   	-32.4373474 301.0817871 -14.0783710    -0.0291767 -0.0348214 0.1069692
 11.9000000    1.8849187 0.6863107 129.9156494   	-32.5300827 301.4002991 -14.4191580    -0.0302052 -0.0347675 0.1071439
 11.9500000    1.8849183 0.6863131 129.1870422   	-32.6220551 301.7150269 -14.7591391    -0.0312277 -0.0347104 0.1073170
 12.0000000    1.8849180 0.6863154 128.4048920   	-32.7428665 302.0245056 -15.1350355    -0.0322438 -0.0346506 0.1074886
 12.0500000    1.8849177 0.6863178 127.6405182   	-32.8334541 302.3316345 -15.4732695    -0.0330558 -0.0346703 0.1081584
 12.1000000    1.8849173 0.6863202 126.8592606   	-32.9232140 302.6350403 -15.8105688    -0.0340527 -0.0345886 0.1083226
 12.1500000    1.8849170 0.6863226 126.0611649   	-33.0120926 302.9347839 -16.1468182    -0.0350383 -0.0345034 0.1084827
 12.2000000    1.8849167 0.6863249 125.2462769   	-33.1000519 303.2308655 -16.4819298    -0.0360138 -0.0344245 0.1086399
 12.2500000    1.8849163 0.6863273 124.4146652   	-33.1870766 303.5233459 -16.8158360    -0.0369804 -0.0343543 0.1087949
 12.3000000    1.8849160 0.6863297 123.5663834   	-33.2731781 303.8122559 -17.1484890    -0.0379390 -0.0342909 0.1089483
 12.3500000    1.8849156 0.6863321 122.7014999   	-33.3583527 304.0975952 -17.4798546    -0.0388904 -0.0342312 0.1091001
 12.4000000    1.8849153 0.6863345 121.8200760   	-33.4426155 304.3794250 -17.8099041    -0.0398350 -0.0341724 0.1092505
 12.4500000    1.8849150 0.6863369 120.9221725   	-33.5259743 304.6577454 -18.1386166    -0.0407734 -0.0341127 0.1093996
 12.5000000    1.8849146 0.6863393 120.0078735   	-33.6084404 304.9326172 -18.4659786    -0.0417058 -0.0340508 0.1095474
 12.5500000    1.8849143 0.6863417 119.0772324   	-33.6900215 305.2040100 -18.7919827    -0.0426324 -0.0339862 0.1096938
 12.6000000    1.8849140 0.6863441 118.1303253   	-33.7707291 305.4719849 -19.1166172    -0.0435533 -0.0339187 0.1098388
 12.6500000    1.8849136 0.6863465 117.1672134   	-33.8505707 305.7365723 -19.4398746    -0.0444682 -0.0338481 0.1099824
 12.7000000    1.8849133 0.6863489 116.1879730   	-33.9295540 305.9978027 -19.7617435    -0.0453770 -0.0337745 0.1101245
 12.7500000    1.8849129 0.6863513 115.1926727   	-34.0076790 306.2557068 -20.0822086    -0.0462796 -0.0336981 0.1102650
 12.8000000    1.8849126 0.6863537 114.1813736   	-34.0849571 306.5103149 -20.4012508    -0.0471755 -0.0336191 0.1104040
 12.8500000    1.8849122 0.6863561 113.1541595   	-34.1613884 306.7616272 -20.7188511    -0.0480646 -0.0335376 0.1105414
 12.9000000    1.8849119 0.6863585 112.1110992   	-34.2369728 307.0096741 -21.0349827    -0.0489465 -0.0334539 0.1106771
 12.9500000    1.8849115 0.6863609 111.0522614   	-34.3117142 307.2545776 -21.3496189    -0.0498210 -0.0333682 0.1108111
 13.0000000    1.8849112 0.6863634 109.9457626   	-34.4066925 307.5013733 -21.6923790    -0.0506878 -0.0332806 0.1109435
 13.0500000    1.8849108 0.6863658 108.8541260   	-34.4798775 307.7398682 -22.0039101    -0.0513847 -0.0332554 0.1115573
 13.1000000    1.8849105 0.6863682 107.7469559   	-34.5521851 307.9752502 -22.3138084    -0.0522293 -0.0331515 0.1116825
 13.1500000    1.8849101 0.6863706 106.6243210   	-34.6235580 308.2073364 -22.6219578    -0.0530610 -0.0330457 0.1118038
 13.2000000    1.8849098 0.6863730 105.4863281   	-34.6939659 308.4363708 -22.9282646    -0.0538809 -0.0329459 0.1119223
 13.2500000    1.8849094 0.6863755 104.3330536   	-34.7634048 308.6626587 -23.2326565    -0.0546905 -0.0328538 0.1120387
 13.3000000    1.8849091 0.6863779 103.1646118   	-34.8318787 308.8858948 -23.5350857    -0.0554905 -0.0327675 0.1121533
 13.3500000    1.8849087 0.6863803 101.9810867   	-34.8993988 309.1060791 -23.8355179    -0.0562819 -0.0326843 0.1122663
 13.4000000    1.8849084 0.6863828 100.7825851   	-34.9659729 309.3233948 -24.1339226    -0.0570651 -0.0326018 0.1123779
 13.4500000    1.8849080 0.6863852 99.5692139   	-35.0316162 309.5377808 -24.4302864    -0.0578406 -0.0325185 0.1124879
 13.5000000    1.8849077 0.6863876 98.3410721   	-35.0963402 309.7493286 -24.7245922    -0.0586084 -0.0324337 0.1125963
 13.5500000    1.8849073 0.6863901 97.0982590   	-35.1601524 309.9579773 -25.0168324    -0.0593687 -0.0323468 0.1127033
 13.6000000    1.8849070 0.6863925 95.8408813   	-35.2230644 310.1638184 -25.3069878    -0.0601213 -0.0322579 0.1128086
 13.6500000    1.8849066 0.6863949 94.5690384   	-35.2850761 310.3669128 -25.5950451    -0.0608660 -0.0321667 0.1129123
 13.7000000    1.8849062 0.6863974 93.2828445   	-35.3462067 310.5672302 -25.8809967    -0.0616025 -0.0320736 0.1130144
 13.7500000    1.8849059 0.6863998 91.9823990   	-35.4064484 310.7648010 -26.1648159    -0.0623307 -0.0319785 0.1131149
 13.8000000    1.8849055 0.6864023 90.6678162   	-35.4658165 310.9596863 -26.4464779    -0.0630500 -0.0318816 0.1132136
 13.8500000    1.8849052 0.6864047 89.3391953   	-35.5243111 311.1518860 -26.7259502    -0.0637603 -0.0317831 0.1133106
 13.9000000    1.8849048 0.6864071 87.9966431   	-35.5819359 311.3414307 -27.0032043    -0.0644610 -0.0316831 0.1134059
 13.9500000    1.8849044 0.6864096 86.6402893   	-35.6386986 311.5283508 -27.2782040    -0.0651520 -0.0315817 0.1134994
 14.0000000    1.8849041 0.6864120 85.2435989   	-35.7105713 311.7257996 -27.5733757    -0.0658330 -0.0314792 0.1135912
 14.0500000    1.8849037 0.6864145 83.8588409   	-35.7657166 311.9075317 -27.8437443    -0.0664330 -0.0314265 0.1141495
 14.1000000    1.8849034 0.6864169 82.4606094   	-35.8199692 312.0867004 -28.1116943    -0.0670863 -0.0313115 0.1142342
 14.1500000    1.8849030 0.6864194 81.0490494   	-35.8732758 312.2633972 -28.3770790    -0.0677234 -0.0311962 0.1143151
 14.2000000    1.8849026 0.6864219 79.6242676   	-35.9256058 312.4376526 -28.6397839    -0.0683456 -0.0310873 0.1143933
 14.2500000    1.8849023 0.6864243 78.1864243   	-35.9769707 312.6095276 -28.8997269    -0.0689543 -0.0309858 0.1144694
 14.3000000    1.8849019 0.6864268 76.7356339   	-36.0273628 312.7789917 -29.1568451    -0.0695506 -0.0308898 0.1145440
 14.3500000    1.8849015 0.6864292 75.2720642   	-36.0768166 312.9461060 -29.4110794    -0.0701351 -0.0307965 0.1146172
 14.4000000    1.8849012 0.6864317 73.7958450   	-36.1253357 313.1109009 -29.6623955    -0.0707083 -0.0307038 0.1146889
 14.4500000    1.8849008 0.6864342 72.3071213   	-36.1729393 313.2734070 -29.9107685    -0.0712707 -0.0306104 0.1147591
 14.5000000    1.8849004 0.6864366 70.8060532   	-36.2196388 313.4336243 -30.1561642    -0.0718222 -0.0305156 0.1148278
 14.5500000    1.8849001 0.6864391 69.2927780   	-36.2654495 313.5915527 -30.3985615    -0.0723627 -0.0304191 0.1148952
 14.6000000    1.8848997 0.6864415 67.7674484   	-36.3103828 313.7472839 -30.6379337    -0.0728920 -0.0303207 0.1149610
 14.6500000    1.8848993 0.6864440 66.2302246   	-36.3544502 313.9008179 -30.8742466    -0.0734097 -0.0302204 0.1150255
 14.7000000    1.8848990 0.6864465 64.6812515   	-36.3976669 314.0521545 -31.1074657    -0.0739155 -0.0301182 0.1150885
 14.7500000    1.8848986 0.6864489 63.1206856   	-36.4400444 314.2013550 -31.3375473    -0.0744087 -0.0300142 0.1151502
 14.8000000    1.8848982 0.6864514 61.5486908   	-36.4815903 314.3484497 -31.5644474    -0.0748890 -0.0299084 0.1152105
 14.8500000    1.8848979 0.6864539 59.9654236   	-36.5223160 314.4934387 -31.7881107    -0.0753558 -0.0298008 0.1152694
 14.9000000    1.8848975 0.6864564 58.3710442   	-36.5622368 314.6363525 -32.0084839    -0.0758085 -0.0296916 0.1153271
 14.9500000    1.8848971 0.6864588 56.7657242   	-36.6013718 314.7772522 -32.2255020    -0.0762464 -0.0295807 0.1153836
 15.0000000    1.8848968 0.6864613 55.1292381   	-36.6537361 314.9389343 -32.4541321    -0.0766691 -0.0294682 0.1154390
 15.0500000    1.8848964 0.6864638 53.5017929   	-36.6914063 315.0758362 -32.6642456    -0.0771769 -0.0293984 0.1159154
 15.1000000    1.8848960 0.6864663 51.8639183   	-36.7282715 315.2107544 -32.8707237    -0.0775587 -0.0292736 0.1159636
 15.1500000    1.8848956 0.6864687 50.2158051   	-36.7642632 315.3437805 -33.0733490    -0.0779162 -0.0291498 0.1160081
 15.2000000    1.8848953 0.6864712 48.5576553   	-36.7993660 315.4749756 -33.2719383    -0.0782506 -0.0290338 0.1160505
 15.2500000    1.8848949 0.6864737 46.8896637   	-36.8335838 315.6043396 -33.4663239    -0.0785629 -0.0289260 0.1160919
 15.3000000    1.8848945 0.6864762 45.2120552   	-36.8669510 315.7318726 -33.6563759    -0.0788542 -0.0288235 0.1161329
 15.3500000    1.8848942 0.6864787 43.5250397   	-36.8995056 315.8576355 -33.8419762    -0.0791248 -0.0287227 0.1161738
 15.4000000    1.8848938 0.6864812 41.8288498   	-36.9312820 315.9816284 -34.0230179    -0.0793751 -0.0286208 0.1162147
 15.4500000    1.8848934 0.6864836 40.1237106   	-36.9623375 316.1038818 -34.1993980    -0.0796049 -0.0285159 0.1162558
 15.5000000    1.8848930 0.6864861 38.4098587   	-36.9927025 316.2244568 -34.3710175    -0.0798135 -0.0284068 0.1162976
 15.5500000    1.8848927 0.6864886 36.6875381   	-37.0224304 316.3433228 -34.5377693    -0.0800003 -0.0282926 0.1163401
 15.6000000    1.8848923 0.6864911 34.9569893   	-37.0515556 316.4605103 -34.6995316    -0.0801640 -0.0281726 0.1163838
 15.6500000    1.8848919 0.6864936 33.2184677   	-37.0801544 316.5760193 -34.8561707    -0.0803033 -0.0280458 0.1164292
 15.7000000    1.8848915 0.6864961 31.4722290   	-37.1082802 316.6899109 -35.0075378    -0.0804164 -0.0279115 0.1164768
 15.7500000    1.8848912 0.6864986 29.7185459   	-37.1360054 316.8021851 -35.1534615    -0.0805015 -0.0277684 0.1165275
 15.8000000    1.8848908 0.6865011 27.9576931   	-37.1634216 316.9128113 -35.2937431    -0.0805562 -0.0276153 0.1165820
 15.8500000    1.8848904 0.6865035 26.1899567   	-37.1906281 317.0219116 -35.4281731    -0.0805777 -0.0274504 0.1166415
 15.9000000    1.8848900 0.6865060 24.4156361   	-37.2177505 317.1293640 -35.5564804    -0.0805628 -0.0272715 0.1167074
 15.9500000    1.8848896 0.6865085 22.6350422   	-37.2449112 317.2352600 -35.6783562    -0.0805077 -0.0270760 0.1167814
 16.0000000    1.8848893 0.6865110 20.8362350   	-37.2881203 317.3740845 -35.7994957    -0.0804078 -0.0268601 0.1168658
 16.0500000    1.8848889 0.6865135 19.0437984   	-37.3160591 317.4769592 -35.9075165    -0.0806525 -0.0266714 0.1170463
 16.1000000    1.8848885 0.6865160 17.2461338   	-37.3445129 317.5782776 -36.0077744    -0.0804235 -0.0263883 0.1171417
 16.1500000    1.8848881 0.6865185 15.4436464   	-37.3734779 317.6780701 -36.0993576    -0.0801059 -0.0260836 0.1172469
 16.2000000    1.8848878 0.6865210 13.6367941   	-37.4032173 317.7764282 -36.1812325    -0.0796857 -0.0257653 0.1173753
 16.2500000    1.8848874 0.6865235 11.8260889   	-37.4343071 317.8732910 -36.2520905    -0.0791496 -0.0254192 0.1175400
 16.3000000    1.8848870 0.6865260 10.0121202   	-37.4676170 317.9686584 -36.3103180    -0.0785281 -0.0250091 0.1177353
 16.3500000    1.8848866 0.6865285 8.1955347   	-37.5034981 318.0626221 -36.3554916    -0.0778931 -0.0245078 0.1179389
 16.4000000    1.8848862 0.6865310 6.3769698   	-37.5417633 318.1550903 -36.3885460    -0.0773020 -0.0239273 0.1181349
 16.4500000    1.8848859 0.6865335 4.5569959   	-37.5819855 318.2460327 -36.4110680    -0.0767821 -0.0233066 0.1183183
 16.5000000    1.8848855 0.6865360 2.7361009   	-37.6237602 318.3353577 -36.4247971    -0.0763391 -0.0226867 0.1184901
 16.5500000    1.8848851 0.6865385 0.9146869   	-37.6667519 318.4230957 -36.4313660    -0.0759683 -0.0220951 0.1186529
 