0.0000  0.0000028 0.0000000 100.8479996   60.7379990 148.0059052 0.00000    0.00000  0.00000  0.00000      0.00000   0.00000  625.81299
0.0500  0.0000558 0.0000000 100.8479996   60.7379990 148.0059052 0.00000    0.00000  0.00000  0.00000      0.00000   0.00000  619.20819
0.1000  0.0002544 0.0000000 100.8479996   60.7379990 148.0059052 0.00000    0.00000  0.00000  0.00000      0.00000   0.00000  612.89990
0.1500  0.0006121 0.0000000 100.8479996   60.7379990 148.0059052 0.00000    0.00000  0.00000  0.00000      0.00000   0.00000  606.88654
0.2000  0.0011371 0.0000000 100.8479996   60.7379990 148.0059052 0.00000    0.00000  0.00000  0.00000      0.00000   0.00000  601.16638
0.2500  0.0018345 0.0000000 100.8479996   60.7379990 148.0059052 0.00000    0.00000  0.00000  0.00000      0.00000   0.00000  595.73834
0.3000  0.0027411 0.0000000 100.8479996   60.7379990 148.0059052 0.00000    0.00000  0.00000  0.00000      0.00000   0.00000  590.60101
0.3500  0.0073898 0.0000000 100.8479996   60.7379990 148.0059052 0.00000    0.00000  0.00000  0.00000      0.00000   0.00000  585.73309
0.4000  0.0208492 0.0000000 100.8479996   60.7379990 148.0059052 0.00000    0.00000  0.00000  0.00000      0.00000   0.00000  581.11163
0.4500  0.0421841 0.0000000 100.8479996   60.7379990 148.0059052 0.00000    0.00000  0.00000  0.00000      0.00000   0.00000  576.71918
0.5000  0.0608049 0.0000000 100.8479996   60.7379990 148.0059052 0.00000    0.00000  0.00000  0.00000      0.00000   0.00000  581.61182
0.5500  0.0722451 0.0000000 6.7648172   18.6309700 127.3861771 0.00000    0.00000  0.00000  0.00000      0.00000   0.00000  691.82788
0.6000  0.0734654 0.0000000 5.6290975   15.2886562 108.2116547 0.00000    0.00000  0.00000  0.00000      0.00000   0.00000  811.94257
0.6500  0.0617500 0.0000000 4.7466307   12.7263527 93.0126572 0.00000    0.00000  0.00000  0.00000      0.00000   0.00000  941.95831
0.7000  0.0509797 0.0000000 4.0494666   10.7272444 80.7804947 0.00000    0.00000  0.00000  0.00000      0.00000   0.00000  1081.74634
0.7500  0.0512242 0.0000000 3.4903605   9.1426153 70.7994461 0.00000    0.00000  0.00000  0.00000      0.00000   0.00000  1231.21558
0.8000  0.0577599 0.0000000 3.0364151   7.8700175 62.5633659 0.00000    0.00000  0.00000  0.00000      0.00000   0.00000  1390.08838
0.8500  0.0650963 0.0000000 2.6631858   6.8343844 55.6879158 0.00000    0.00000  0.00000  0.00000      0.00000   0.00000  1558.32788
0.9000  0.0708454 0.0000000 2.3519199   5.9790158 49.8709412 0.00000    0.00000  0.00000  0.00000      0.00000   0.00000  1736.51624
0.9500  0.0748341 0.0000000 2.0893474   5.2640696 44.8965340 0.00000    0.00000  0.00000  0.00000      0.00000   0.00000  1925.14172
1.0000  0.0775176 0.0000000 1.8662518   4.6619196 40.6146851 0.00000    0.00000  0.00000  0.00000      0.00000   0.00000  2124.12866
1.0500  0.0799787 0.0000000 1.6754515   4.1512299 36.9069252 0.00000    0.00000  0.00000  0.00000      0.00000   0.00000  2333.35498
1.1000  0.0825934 0.0000000 1.5111359   3.7149346 33.6757202 0.00000    0.00000  0.00000  0.00000      0.00000   0.00000  2552.87695
1.1500  0.0851421 0.0000000 1.3687251   3.3396897 30.8432426 0.00000    0.00000  0.00000  0.00000      0.00000   0.00000  2782.75684
1.2000  0.0874800 0.0000000 1.2445885   3.0149946 28.3471489 0.00000    0.00000  0.00000  0.00000      0.00000   0.00000  3023.03052
1.2500  0.0896855 0.0000000 1.1358157   2.7324905 26.1369286 0.00000    0.00000  0.00000  0.00000      0.00000   0.00000  3273.70850
1.3000  0.0919933 0.0000000 1.0400388   2.4854267 24.1710377 0.00000    0.00000  0.00000  0.00000      0.00000   0.00000  3534.81006
1.3500  0.0948736 0.0000000 0.9553159   2.2683067 22.4150372 0.00000    0.00000  0.00000  0.00000      0.00000   0.00000  3806.37134
1.4000  0.0988932 0.0000000 0.8800565   2.0766566 20.8404675 0.00000    0.00000  0.00000  0.00000      0.00000   0.00000  4088.39990
1.4500  0.1038107 0.0000000 0.8129510   1.9068124 19.4236984 0.00000    0.00000  0.00000  0.00000      0.00000   0.00000  4380.85400
1.5000  0.1089479 0.0000000 0.7528907   1.7556968 18.1445026 0.00000    0.00000  0.00000  0.00000      0.00000   0.00000  4683.75293
1.5500  0.1127224 0.0000000 0.6989426   1.6207349 16.9856853 0.00000    0.00000  0.00000  0.00000      0.00000   0.00000  4997.14014
1.6000  0.1148145 0.0000000 0.6503292   1.4997921 15.9328299 0.00000    0.00000  0.00000  0.00000      0.00000   0.00000  5321.00342
1.6500  0.1154522 0.0000000 0.6063927   1.3910718 14.9736385 0.00000    0.00000  0.00000  0.00000      0.00000   0.00000  5655.30859
1.7000  0.1147382 0.0000000 0.5665721   1.2930496 14.0975389 0.00000    0.00000  0.00000  0.00000      0.00000   0.00000  6000.01221
1.7500  0.1126346 0.0000000 0.5303863   1.2044262 13.2953968 0.00000    0.00000  0.00000  0.00000      0.00000   0.00000  6355.06152
1.8000  0.1090510 0.0000000 0.4974211   1.1240873 12.5592775 0.00000    0.00000  0.00000  0.00000      0.00000   0.00000  6720.40039
1.8500  0.1039152 0.0000000 0.4673185   1.0510763 11.8822842 0.00000    0.00000  0.00000  0.00000      0.00000   0.00000  7095.96045
1.9000  0.0972145 0.0000000 0.4397685   0.9845676 11.2583923 0.00000    0.00000  0.00000  0.00000      0.00000   0.00000  7481.66016
1.9500  0.0885079 0.0000000 0.4145003   0.9238441 10.6823034 0.00000    0.00000  0.00000  0.00000      0.00000   0.00000  7877.42188
2.0000  0.0753716 0.0000000 0.3912756   0.8682780 10.1493158 0.00000    0.00000  0.00000  0.00000      0.00000   0.00000  8283.19336
2.0500  0.0585616 0.0000000 0.3698866   0.8173244 9.6553059 0.00000    0.00000  0.00000  0.00000      0.00000   0.00000  8698.90234
2.1000  0.0399458 0.0000000 0.3501500   0.7705047 9.1966066 0.00000    0.00000  0.00000  0.00000      0.00000   0.00000  9124.49316
2.1500  0.0211680 0.0000000 0.3319033   0.7273967 8.7699442 0.00000    0.00000  0.00000  0.00000      0.00000   0.00000  9559.93359
2.2000  0.0034445 0.0000000 0.3150026   0.6876281 8.3723965 0.00000    0.00000  0.00000  0.00000      0.00000   0.00000  10005.21094
2.2500  -0.0123539 0.0000000 0.2993200   0.6508706 8.0013571 0.00000    0.00000  0.00000  0.00000      0.00000   0.00000  10460.32813
2.3000  -0.0255885 0.0000000 0.2847431   0.6168348 7.6545124 0.00000    0.00000  0.00000  0.00000      0.00000   0.00000  10925.28027
2.3500  -0.0234736 0.0000000 0.2711785   0.5852808 7.3299580 0.00000    0.00000  0.00000  0.00000      0.00000   0.00000  11399.81445
2.4000  -0.0150615 0.0000000 0.2585403   0.5559895 7.0259266 0.00000    0.00000  0.00000  0.00000      0.00000   0.00000  11883.72559
2.4500  -0.0179543 0.0000000 0.2467512   0.5287636 6.7408123 0.00000    0.00000  0.00000  0.00000      0.00000   0.00000  12376.80469
2.5000  -0.0281311 0.0000000 0.2357426   0.5034289 6.4731894 0.00000    0.00000  0.00000  0.00000      0.00000   0.00000  12878.77051
2.5500  -0.0359751 0.0000000 0.2254459   0.4798138 6.2216015 0.00000    0.00000  0.00000  0.00000      0.00000   0.00000  13389.65918
2.6000  -0.0359439 0.0000000 0.2157963   0.4577565 5.9846487 0.00000    0.00000  0.00000  0.00000      0.00000   0.00000  13909.72754
2.6500  -0.0285178 0.0000000 0.2067363   0.4371150 5.7610884 0.00000    0.00000  0.00000  0.00000      0.00000   0.00000  14439.24414
2.7000  -0.0175379 0.0000000 0.1982167   0.4177670 5.5498562 0.00000    0.00000  0.00000  0.00000      0.00000   0.00000  14978.37695
2.7500  -0.0068619 0.0000000 0.1901956   0.3996085 5.3500495 0.00000    0.00000  0.00000  0.00000      0.00000   0.00000  15527.15137
2.8000  0.0014243 0.0000000 0.1826359   0.3825477 5.1608696 0.00000    0.00000  0.00000  0.00000      0.00000   0.00000  16085.52246
2.8500  0.0070385 0.0000000 0.1755043   0.3665019 4.9815936 0.00000    0.00000  0.00000  0.00000      0.00000   0.00000  16653.42188
2.9000  0.0106570 0.0000000 0.1687700   0.3513952 4.8115511 0.00000    0.00000  0.00000  0.00000      0.00000   0.00000  17230.79883
2.9500  0.0130772 0.0000000 0.1624041   0.3371571 4.6501112 0.00000    0.00000  0.00000  0.00000      0.00000   0.00000  17817.66602
3.0000  0.0147922 0.0000000 0.1563807   0.3237238 4.4967003 0.00000    0.00000  0.00000  0.00000      0.00000   0.00000  18414.01758
3.0500  0.0159770 0.0000000 0.1506758   0.3110368 4.3507867 0.00000    0.00000  0.00000  0.00000      0.00000   0.00000  19019.87109
3.1000  0.0166538 0.0000000 0.1452676   0.2990431 4.2118874 0.00000    0.00000  0.00000  0.00000      0.00000   0.00000  19635.22461
3.1500  0.0168550 0.0000000 0.1401362   0.2876947 4.0795622 0.00000    0.00000  0.00000  0.00000      0.00000   0.00000  20260.05469
3.2000  0.0166982 0.0000000 0.1352634   0.2769473 3.9533989 0.00000    0.00000  0.00000  0.00000      0.00000   0.00000  20894.36328
3.2500  0.0163639 0.0000000 0.1306325   0.2667605 3.8330245 0.00000    0.00000  0.00000  0.00000      0.00000   0.00000  21538.11914
3.3000  0.0160258 0.0000000 0.1262279   0.2570967 3.7180860 0.00000    0.00000  0.00000  0.00000      0.00000   0.00000  22191.33398
3.3500  0.0157917 0.0000000 0.1220354   0.2479222 3.6082647 0.00000    0.00000  0.00000  0.00000      0.00000   0.00000  22853.97070
3.4000  0.0156886 0.0000000 0.1180419   0.2392053 3.5032616 0.00000    0.00000  0.00000  0.00000      0.00000   0.00000  23526.01367
3.4500  0.0156890 0.0000000 0.1142353   0.2309171 3.4027996 0.00000    0.00000  0.00000  0.00000      0.00000   0.00000  24207.44336
3.5000  0.0157375 0.0000000 0.1108235   0.2235062 3.3124363 0.00000    0.00000  0.00000  0.00000      0.00000   0.00000  24855.34570
3.5500  0.0145089 0.0000000 0.1099067   0.2215177 3.2881017 0.00000    0.00000  0.00000  0.00000      0.00000   0.00000  25035.85352
3.6000  0.0119612 0.0000000 0.1090008   0.2195541 3.2640336 0.00000    0.00000  0.00000  0.00000      0.00000   0.00000  25217.00586
3.6500  0.0098790 0.0000000 0.1081053   0.2176142 3.2402196 0.00000    0.00000  0.00000  0.00000      0.00000   0.00000  25398.87109
3.7000  0.0092352 0.0000000 0.1072200   0.2156977 3.2166560 0.00000    0.00000  0.00000  0.00000      0.00000   0.00000  25581.44922
3.7500  0.0096976 0.0000000 0.1063450   0.2138047 3.1933458 0.00000    0.00000  0.00000  0.00000      0.00000   0.00000  25764.68945
3.8000  0.0104765 0.0000000 0.1054804   0.2119351 3.1702881 0.00000    0.00000  0.00000  0.00000      0.00000   0.00000  25948.57031
3.8500  0.0110038 0.0000000 0.1046259   0.2100888 3.1474824 0.00000    0.00000  0.00000  0.00000      0.00000   0.00000  26133.06836
3.9000  0.0111553 0.0000000 0.1037817   0.2082657 3.1249287 0.00000    0.00000  0.00000  0.00000      0.00000   0.00000  26318.15039
3.9500  0.0110941 0.0000000 0.1029476   0.2064655 3.1026254 0.00000    0.00000  0.00000  0.00000      0.00000   0.00000  26503.79883
4.0000  0.0110127 0.0000000 0.1022437   0.2049472 3.0837879 0.00000    0.00000  0.00000  0.00000      0.00000   0.00000  26662.67188
4.0500  0.0110854 0.0000000 0.1014282   0.2031893 3.0619469 0.00000    0.00000  0.00000  0.00000      0.00000   0.00000  26849.29883
4.1000  0.0111836 0.0000000 0.1006225   0.2014535 3.0403483 0.00000    0.00000  0.00000  0.00000      0.00000   0.00000  27036.46680
4.1500  0.0111566 0.0000000 0.0998265   0.1997396 3.0189896 0.00000    0.00000  0.00000  0.00000      0.00000   0.00000  27224.16602
4.2000  0.0109785 0.0000000 0.0990401   0.1980473 2.9978685 0.00000    0.00000  0.00000  0.00000      0.00000   0.00000  27412.38086
4.2500  0.0106893 0.0000000 0.0982631   0.1963763 2.9769828 0.00000    0.00000  0.00000  0.00000      0.00000   0.00000  27601.09961
4.3000  0.0103529 0.0000000 0.0974954   0.1947264 2.9563305 0.00000    0.00000  0.00000  0.00000      0.00000   0.00000  27790.30859
4.3500  0.0100239 0.0000000 0.0967370   0.1930973 2.9359086 0.00000    0.00000  0.00000  0.00000      0.00000   0.00000  27980.00000
4.4000  0.0097313 0.0000000 0.0959877   0.1914888 2.9157147 0.00000    0.00000  0.00000  0.00000      0.00000   0.00000  28170.15820
4.4500  0.0094790 0.0000000 0.0952475   0.1899005 2.8957467 0.00000    0.00000  0.00000  0.00000      0.00000   0.00000  28360.77539
4.5000  0.0092585 0.0000000 0.0945161   0.1883323 2.8760006 0.00000    0.00000  0.00000  0.00000      0.00000   0.00000  28551.85352
4.5500  0.0160688 0.0000000 0.0436908   0.1899080 3.1843307 0.00000    0.00000  0.00000  0.00000      0.00000   0.00000  28743.13086
4.6000  0.0224601 0.0000000 0.0428509   0.1885006 3.1589701 0.00000    0.00000  0.00000  0.00000      0.00000   0.00000  28934.65625
4.6500  0.0218923 0.0000000 0.0420311   0.1871106 3.1339355 0.00000    0.00000  0.00000  0.00000      0.00000   0.00000  29126.50195
4.7000  0.0178708 0.0000000 0.0412312   0.1857381 3.1092293 0.00000    0.00000  0.00000  0.00000      0.00000   0.00000  29318.59961
4.7500  0.0137990 0.0000000 0.0404506   0.1843828 3.0848477 0.00000    0.00000  0.00000  0.00000      0.00000   0.00000  29510.93359
4.8000  0.0108965 0.0000000 0.0396885   0.1830440 3.0607750 0.00000    0.00000  0.00000  0.00000      0.00000   0.00000  29703.58008
4.8500  0.0090180 0.0000000 0.0389443   0.1817210 3.0370007 0.00000    0.00000  0.00000  0.00000      0.00000   0.00000  29896.58008
4.9000  0.0076820 0.0000000 0.0382172   0.1804135 3.0135164 0.00000    0.00000  0.00000  0.00000      0.00000   0.00000  30089.96094
4.9500  0.0065712 0.0000000 0.0375068   0.1791212 2.9903166 0.00000    0.00000  0.00000  0.00000      0.00000   0.00000  30283.72656
5.0000  0.0055957 0.0000000 0.0368241   0.1778647 2.9677737 0.00000    0.00000  0.00000  0.00000      0.00000   0.00000  30474.66016
5.0500  0.0048509 0.0000000 0.0361435   0.1765979 2.9450567 0.00000    0.00000  0.00000  0.00000      0.00000   0.00000  30669.77344
5.1000  0.0043402 0.0000000 0.0354786   0.1753458 2.9226170 0.00000    0.00000  0.00000  0.00000      0.00000   0.00000  30865.22852
5.1500  0.0040029 0.0000000 0.0348288   0.1741084 2.9004512 0.00000    0.00000  0.00000  0.00000      0.00000   0.00000  31061.01367
5.2000  0.0038229 0.0000000 0.0341939   0.1728854 2.8785543 0.00000    0.00000  0.00000  0.00000      0.00000   0.00000  31257.13281
5.2500  0.0037815 0.0000000 0.0335735   0.1716765 2.8569231 0.00000    0.00000  0.00000  0.00000      0.00000   0.00000  31453.57031
5.3000  0.0038526 0.0000000 0.0329670   0.1704817 2.8355532 0.00000    0.00000  0.00000  0.00000      0.00000   0.00000  31650.33008
5.3500  0.0040088 0.0000000 0.0323743   0.1693006 2.8144407 0.00000    0.00000  0.00000  0.00000      0.00000   0.00000  31847.40039
5.4000  0.0042260 0.0000000 0.0317949   0.1681331 2.7935827 0.00000    0.00000  0.00000  0.00000      0.00000   0.00000  32044.77148
5.4500  0.0044843 0.0000000 0.0312284   0.1669790 2.7729740 0.00000    0.00000  0.00000  0.00000      0.00000   0.00000  32242.45117
5.5000  0.0047671 0.0000000 0.0306746   0.1658381 2.7526119 0.00000    0.00000  0.00000  0.00000      0.00000   0.00000  32440.42578
5.5500  0.0050610 0.0000000 0.0301332   0.1647103 2.7324939 0.00000    0.00000  0.00000  0.00000      0.00000   0.00000  32638.67773
5.6000  0.0053554 0.0000000 0.0296037   0.1635953 2.7126138 0.00000    0.00000  0.00000  0.00000      0.00000   0.00000  32837.22656
5.6500  0.0056418 0.0000000 0.0290860   0.1624930 2.6929705 0.00000    0.00000  0.00000  0.00000      0.00000   0.00000  33036.04297
5.7000  0.0059144 0.0000000 0.0285796   0.1614032 2.6735590 0.00000    0.00000  0.00000  0.00000      0.00000   0.00000  33235.14063
5.7500  0.0061690 0.0000000 0.0280843   0.1603257 2.6543770 0.00000    0.00000  0.00000  0.00000      0.00000   0.00000  33434.50000
5.8000  0.0064031 0.0000000 0.0275999   0.1592603 2.6354201 0.00000    0.00000  0.00000  0.00000      0.00000   0.00000  33634.12891
5.8500  0.0066154 0.0000000 0.0271260   0.1582069 2.6166859 0.00000    0.00000  0.00000  0.00000      0.00000   0.00000  33834.01172
5.9000  0.0068055 0.0000000 0.0266623   0.1571653 2.5981710 0.00000    0.00000  0.00000  0.00000      0.00000   0.00000  34034.14453
5.9500  0.0069738 0.0000000 0.0262087   0.1561353 2.5798714 0.00000    0.00000  0.00000  0.00000      0.00000   0.00000  34234.53125
6.0000  0.0071210 0.0000000 0.0257933   0.1551824 2.5629494 0.00000    0.00000  0.00000  0.00000      0.00000   0.00000  34422.16406
6.0500  0.0069646 0.0000000 0.0253589   0.1541757 2.5450802 0.00000    0.00000  0.00000  0.00000      0.00000   0.00000  34622.77734
6.1000  0.0067172 0.0000000 0.0249338   0.1531803 2.5274205 0.00000    0.00000  0.00000  0.00000      0.00000   0.00000  34823.58594
6.1500  0.0063994 0.0000000 0.0245181   0.1521967 2.5099776 0.00000    0.00000  0.00000  0.00000      0.00000   0.00000  35024.46875
6.2000  0.0060611 0.0000000 0.0241115   0.1512244 2.4927449 0.00000    0.00000  0.00000  0.00000      0.00000   0.00000  35225.45313
6.2500  0.0058153 0.0000000 0.0237136   0.1502633 2.4757180 0.00000    0.00000  0.00000  0.00000      0.00000   0.00000  35426.55469
6.3000  0.0056946 0.0000000 0.0233242   0.1493131 2.4588919 0.00000    0.00000  0.00000  0.00000      0.00000   0.00000  35627.78516
6.3500  0.0056823 0.0000000 0.0229431   0.1483735 2.4422631 0.00000    0.00000  0.00000  0.00000      0.00000   0.00000  35829.14844
6.4000  0.0057459 0.0000000 0.0225701   0.1474446 2.4258292 0.00000    0.00000  0.00000  0.00000      0.00000   0.00000  36030.63281
6.4500  0.0058553 0.0000000 0.0222050   0.1465260 2.4095867 0.00000    0.00000  0.00000  0.00000      0.00000   0.00000  36232.24219
6.5000  0.0059879 0.0000000 0.0218475   0.1456177 2.3935339 0.00000    0.00000  0.00000  0.00000      0.00000   0.00000  36433.95313
6.5500  0.0061281 0.0000000 0.0214976   0.1447196 2.3776674 0.00000    0.00000  0.00000  0.00000      0.00000   0.00000  36635.77344
6.6000  0.0062658 0.0000000 0.0211550   0.1438315 2.3619857 0.00000    0.00000  0.00000  0.00000      0.00000   0.00000  36837.68359
6.6500  0.0063944 0.0000000 0.0208195   0.1429533 2.3464861 0.00000    0.00000  0.00000  0.00000      0.00000   0.00000  37039.67188
6.7000  0.0065100 0.0000000 0.0204911   0.1420849 2.3311660 0.00000    0.00000  0.00000  0.00000      0.00000   0.00000  37241.73438
6.7500  0.0066106 0.0000000 0.0201695   0.1412262 2.3160241 0.00000    0.00000  0.00000  0.00000      0.00000   0.00000  37443.85156
6.8000  0.0066956 0.0000000 0.0198545   0.1403769 2.3010561 0.00000    0.00000  0.00000  0.00000      0.00000   0.00000  37646.03516
6.8500  0.0067652 0.0000000 0.0195460   0.1395372 2.2862620 0.00000    0.00000  0.00000  0.00000      0.00000   0.00000  37848.25391
6.9000  0.0068204 0.0000000 0.0192438   0.1387068 2.2716386 0.00000    0.00000  0.00000  0.00000      0.00000   0.00000  38050.50391
6.9500  0.0068625 0.0000000 0.0189479   0.1378855 2.2571836 0.00000    0.00000  0.00000  0.00000      0.00000   0.00000  38252.78516
7.0000  0.0068931 0.0000000 0.0186674   0.1370998 2.2433600 0.00000    0.00000  0.00000  0.00000      0.00000   0.00000  38448.45703
7.0500  0.0067581 0.0000000 0.0183833   0.1362965 2.2292330 0.00000    0.00000  0.00000  0.00000      0.00000   0.00000  38650.71875
7.1000  0.0065790 0.0000000 0.0181050   0.1355021 2.2152674 0.00000    0.00000  0.00000  0.00000      0.00000   0.00000  38852.98828
7.1500  0.0064672 0.0000000 0.0178322   0.1347163 2.2014611 0.00000    0.00000  0.00000  0.00000      0.00000   0.00000  39055.26172
7.2000  0.0064110 0.0000000 0.0175650   0.1339392 2.1878123 0.00000    0.00000  0.00000  0.00000      0.00000   0.00000  39257.51953
7.2500  0.0063861 0.0000000 0.0173032   0.1331706 2.1743190 0.00000    0.00000  0.00000  0.00000      0.00000   0.00000  39459.75781
7.3000  0.0063789 0.0000000 0.0170466   0.1324104 2.1609786 0.00000    0.00000  0.00000  0.00000      0.00000   0.00000  39661.97656
7.3500  0.0063840 0.0000000 0.0167951   0.1316584 2.1477890 0.00000    0.00000  0.00000  0.00000      0.00000   0.00000  39864.16797
7.4000  0.0063992 0.0000000 0.0165486   0.1309146 2.1347477 0.00000    0.00000  0.00000  0.00000      0.00000   0.00000  40066.33203
7.4500  0.0064227 0.0000000 0.0163070   0.1301789 2.1218536 0.00000    0.00000  0.00000  0.00000      0.00000   0.00000  40268.45313
7.5000  0.0064528 0.0000000 0.0160701   0.1294511 2.1091039 0.00000    0.00000  0.00000  0.00000      0.00000   0.00000  40470.52734
7.5500  0.0064877 0.0000000 0.0158379   0.1287312 2.0964980 0.00000    0.00000  0.00000  0.00000      0.00000   0.00000  40672.53906
7.6000  0.0065256 0.0000000 0.0156103   0.1280191 2.0840330 0.00000    0.00000  0.00000  0.00000      0.00000   0.00000  40874.48828
7.6500  0.0065649 0.0000000 0.0153871   0.1273146 2.0717072 0.00000    0.00000  0.00000  0.00000      0.00000   0.00000  41076.36719
7.7000  0.0066039 0.0000000 0.0151682   0.1266177 2.0595181 0.00000    0.00000  0.00000  0.00000      0.00000   0.00000  41278.18359
7.7500  0.0066412 0.0000000 0.0149536   0.1259282 2.0474651 0.00000    0.00000  0.00000  0.00000      0.00000   0.00000  41479.90625
7.8000  0.0066758 0.0000000 0.0147431   0.1252461 2.0355453 0.00000    0.00000  0.00000  0.00000      0.00000   0.00000  41681.55078
7.8500  0.0067065 0.0000000 0.0145367   0.1245713 2.0237575 0.00000    0.00000  0.00000  0.00000      0.00000   0.00000  41883.09766
7.9000  0.0067325 0.0000000 0.0143342   0.1239036 2.0120990 0.00000    0.00000  0.00000  0.00000      0.00000   0.00000  42084.55859
7.9500  0.0067533 0.0000000 0.0141356   0.1232430 2.0005698 0.00000    0.00000  0.00000  0.00000      0.00000   0.00000  42285.89844
8.0000  0.0067685 0.0000000 0.0139460   0.1226068 1.9894698 0.00000    0.00000  0.00000  0.00000      0.00000   0.00000  42481.76172
8.0500  0.0066679 0.0000000 0.0137548   0.1219599 1.9781888 0.00000    0.00000  0.00000  0.00000      0.00000   0.00000  42682.87891
8.1000  0.0065320 0.0000000 0.0135672   0.1213199 1.9670306 0.00000    0.00000  0.00000  0.00000      0.00000   0.00000  42883.87891
8.1500  0.0064387 0.0000000 0.0133831   0.1206865 1.9559939 0.00000    0.00000  0.00000  0.00000      0.00000   0.00000  43084.75781
8.2000  0.0063824 0.0000000 0.0132025   0.1200599 1.9450783 0.00000    0.00000  0.00000  0.00000      0.00000   0.00000  43285.48438
8.2500  0.0063476 0.0000000 0.0130253   0.1194398 1.9342803 0.00000    0.00000  0.00000  0.00000      0.00000   0.00000  43486.08594
8.3000  0.0063247 0.0000000 0.0128514   0.1188261 1.9235991 0.00000    0.00000  0.00000  0.00000      0.00000   0.00000  43686.54297
8.3500  0.0063096 0.0000000 0.0126807   0.1182189 1.9130334 0.00000    0.00000  0.00000  0.00000      0.00000   0.00000  43886.85156
8.4000  0.0063001 0.0000000 0.0125131   0.1176179 1.9025818 0.00000    0.00000  0.00000  0.00000      0.00000   0.00000  44086.99609
8.4500  0.0062950 0.0000000 0.0123487   0.1170232 1.8922415 0.00000    0.00000  0.00000  0.00000      0.00000   0.00000  44287.00000
8.5000  0.0062929 0.0000000 0.0121872   0.1164346 1.8820124 0.00000    0.00000  0.00000  0.00000      0.00000   0.00000  44486.83203
8.5500  0.0062925 0.0000000 0.0120287   0.1158521 1.8718928 0.00000    0.00000  0.00000  0.00000      0.00000   0.00000  44686.49219
8.6000  0.0062467 0.0000000 0.0118735   0.1152769 1.8619033 0.00000    0.00000  0.00000  0.00000      0.00000   0.00000  44885.53125
8.6500  0.0061597 0.0000000 0.0117217   0.1147098 1.8520592 0.00000    0.00000  0.00000  0.00000      0.00000   0.00000  45083.59375
8.7000  0.0060808 0.0000000 0.0115731   0.1141507 1.8423568 0.00000    0.00000  0.00000  0.00000      0.00000   0.00000  45280.70313
8.7500  0.0060303 0.0000000 0.0114279   0.1135995 1.8327948 0.00000    0.00000  0.00000  0.00000      0.00000   0.00000  45476.82813
8.8000  0.0060074 0.0000000 0.0112857   0.1130560 1.8233697 0.00000    0.00000  0.00000  0.00000      0.00000   0.00000  45671.98438
8.8500  0.0060035 0.0000000 0.0111466   0.1125201 1.8140808 0.00000    0.00000  0.00000  0.00000      0.00000   0.00000  45866.13672
8.9000  0.0060094 0.0000000 0.0110105   0.1119917 1.8049244 0.00000    0.00000  0.00000  0.00000      0.00000   0.00000  46059.30859
8.9500  0.0060176 0.0000000 0.0108774   0.1114707 1.7958996 0.00000    0.00000  0.00000  0.00000      0.00000   0.00000  46251.46875
9.0000  0.0060232 0.0000000 0.0107506   0.1109711 1.7872483 0.00000    0.00000  0.00000  0.00000      0.00000   0.00000  46437.34375
9.0500  0.0059341 0.0000000 0.0106229   0.1104643 1.7784752 0.00000    0.00000  0.00000  0.00000      0.00000   0.00000  46627.52344
9.1000  0.0058113 0.0000000 0.0104979   0.1099645 1.7698271 0.00000    0.00000  0.00000  0.00000      0.00000   0.00000  46816.67969
9.1500  0.0057191 0.0000000 0.0103756   0.1094716 1.7613009 0.00000    0.00000  0.00000  0.00000      0.00000   0.00000  47004.83594
9.2000  0.0056560 0.0000000 0.0102558   0.1089855 1.7528946 0.00000    0.00000  0.00000  0.00000      0.00000   0.00000  47191.98438
9.2500  0.0056110 0.0000000 0.0101384   0.1085061 1.7446066 0.00000    0.00000  0.00000  0.00000      0.00000   0.00000  47378.11719
9.3000  0.0055775 0.0000000 0.0100235   0.1080332 1.7364345 0.00000    0.00000  0.00000  0.00000      0.00000   0.00000  47563.23828
9.3500  0.0055527 0.0000000 0.0099110   0.1075668 1.7283772 0.00000    0.00000  0.00000  0.00000      0.00000   0.00000  47747.32422
9.4000  0.0055354 0.0000000 0.0098008   0.1071068 1.7204322 0.00000    0.00000  0.00000  0.00000      0.00000   0.00000  47930.39453
9.4500  0.0055249 0.0000000 0.0096927   0.1066530 1.7125974 0.00000    0.00000  0.00000  0.00000      0.00000   0.00000  48112.44141
9.5000  0.0055203 0.0000000 0.0095869   0.1062054 1.7048718 0.00000    0.00000  0.00000  0.00000      0.00000   0.00000  48293.45313
9.5500  0.0055204 0.0000000 0.0094833   0.1057638 1.6972530 0.00000    0.00000  0.00000  0.00000      0.00000   0.00000  48473.43750
9.6000  0.0055241 0.0000000 0.0093817   0.1053282 1.6897403 0.00000    0.00000  0.00000  0.00000      0.00000   0.00000  48652.37109
9.6500  0.0055301 0.0000000 0.0092821   0.1048986 1.6823314 0.00000    0.00000  0.00000  0.00000      0.00000   0.00000  48830.26172
9.7000  0.0055370 0.0000000 0.0091845   0.1044746 1.6750237 0.00000    0.00000  0.00000  0.00000      0.00000   0.00000  49007.13672
9.7500  0.0055436 0.0000000 0.0090889   0.1040565 1.6678189 0.00000    0.00000  0.00000  0.00000      0.00000   0.00000  49182.90625
9.8000  0.0055489 0.0000000 0.0089952   0.1036440 1.6607122 0.00000    0.00000  0.00000  0.00000      0.00000   0.00000  49357.65234
9.8500  0.0055520 0.0000000 0.0089033   0.1032371 1.6537036 0.00000    0.00000  0.00000  0.00000      0.00000   0.00000  49531.33203
9.9000  0.0055520 0.0000000 0.0088133   0.1028357 1.6467934 0.00000    0.00000  0.00000  0.00000      0.00000   0.00000  49703.89453
9.9500  0.0055484 0.0000000 0.0087250   0.1024400 1.6399819 0.00000    0.00000  0.00000  0.00000      0.00000   0.00000  49875.29688
10.0000  0.0055407 0.0000000 0.0086409   0.1020607 1.6334547 0.00000    0.00000  0.00000  0.00000      0.00000   0.00000  50040.77344
10.0500  0.0054580 0.0000000 0.0085561   0.1016754 1.6268272 0.00000    0.00000  0.00000  0.00000      0.00000   0.00000  50210.03125
10.1000  0.0053490 0.0000000 0.0084728   0.1012953 1.6202899 0.00000    0.00000  0.00000  0.00000      0.00000   0.00000  50378.23047
10.1500  0.0052669 0.0000000 0.0083912   0.1009202 1.6138417 0.00000    0.00000  0.00000  0.00000      0.00000   0.00000  50545.35938
10.2000  0.0052110 0.0000000 0.0083111   0.1005502 1.6074806 0.00000    0.00000  0.00000  0.00000      0.00000   0.00000  50711.42969
10.2500  0.0051716 0.0000000 0.0082326   0.1001850 1.6012064 0.00000    0.00000  0.00000  0.00000      0.00000   0.00000  50876.41406
10.3000  0.0051417 0.0000000 0.0081556   0.0998248 1.5950176 0.00000    0.00000  0.00000  0.00000      0.00000   0.00000  51040.32031
10.3500  0.0051177 0.0000000 0.0080800   0.0994693 1.5889121 0.00000    0.00000  0.00000  0.00000      0.00000   0.00000  51203.16016
10.4000  0.0050973 0.0000000 0.0080058   0.0991184 1.5828885 0.00000    0.00000  0.00000  0.00000      0.00000   0.00000  51364.94531
10.4500  0.0050790 0.0000000 0.0079331   0.0987723 1.5769467 0.00000    0.00000  0.00000  0.00000      0.00000   0.00000  51525.64063
10.5000  0.0050617 0.0000000 0.0078617   0.0984307 1.5710844 0.00000    0.00000  0.00000  0.00000      0.00000   0.00000  51685.27734
10.5500  0.0050444 0.0000000 0.0077916   0.0980936 1.5653014 0.00000    0.00000  0.00000  0.00000      0.00000   0.00000  51843.82422
10.6000  0.0050262 0.0000000 0.0077228   0.0977609 1.5595955 0.00000    0.00000  0.00000  0.00000      0.00000   0.00000  52001.31250
10.6500  0.0050067 0.0000000 0.0076553   0.0974326 1.5539663 0.00000    0.00000  0.00000  0.00000      0.00000   0.00000  52157.71875
10.7000  0.0049854 0.0000000 0.0075891   0.0971086 1.5484118 0.00000    0.00000  0.00000  0.00000      0.00000   0.00000  52313.07031
10.7500  0.0049622 0.0000000 0.0075240   0.0967889 1.5429324 0.00000    0.00000  0.00000  0.00000      0.00000   0.00000  52467.32813
10.8000  0.0049370 0.0000000 0.0074602   0.0964734 1.5375255 0.00000    0.00000  0.00000  0.00000      0.00000   0.00000  52620.52734
10.8500  0.0049100 0.0000000 0.0073975   0.0961620 1.5321907 0.00000    0.00000  0.00000  0.00000      0.00000   0.00000  52772.65625
10.9000  0.0048810 0.0000000 0.0073359   0.0958546 1.5269268 0.00000    0.00000  0.00000  0.00000      0.00000   0.00000  52923.71484
10.9500  0.0048493 0.0000000 0.0072755   0.0955513 1.5217329 0.00000    0.00000  0.00000  0.00000      0.00000   0.00000  53073.69922
11.0000  0.0048142 0.0000000 0.0072162   0.0952522 1.5166142 0.00000    0.00000  0.00000  0.00000      0.00000   0.00000  53222.43359
11.0500  0.0047209 0.0000000 0.0071580   0.0949569 1.5115595 0.00000    0.00000  0.00000  0.00000      0.00000   0.00000  53370.21484
11.1000  0.0046093 0.0000000 0.0071008   0.0946654 1.5065726 0.00000    0.00000  0.00000  0.00000      0.00000   0.00000  53516.90234
11.1500  0.0045236 0.0000000 0.0070446   0.0943778 1.5016530 0.00000    0.00000  0.00000  0.00000      0.00000   0.00000  53662.48438
11.2000  0.0044634 0.0000000 0.0069895   0.0940940 1.4967993 0.00000    0.00000  0.00000  0.00000      0.00000   0.00000  53806.96875
11.2500  0.0044197 0.0000000 0.0069353   0.0938140 1.4920110 0.00000    0.00000  0.00000  0.00000      0.00000   0.00000  53950.35938
11.3000  0.0043858 0.0000000 0.0068821   0.0935376 1.4872864 0.00000    0.00000  0.00000  0.00000      0.00000   0.00000  54092.66016
11.3500  0.0043576 0.0000000 0.0068299   0.0932649 1.4826257 0.00000    0.00000  0.00000  0.00000      0.00000   0.00000  54233.85547
11.4000  0.0043327 0.0000000 0.0067786   0.0929958 1.4780271 0.00000    0.00000  0.00000  0.00000      0.00000   0.00000  54373.96875
11.4500  0.0043096 0.0000000 0.0067281   0.0927302 1.4734893 0.00000    0.00000  0.00000  0.00000      0.00000   0.00000  54513.01172
11.5000  0.0042871 0.0000000 0.0066786   0.0924681 1.4690121 0.00000    0.00000  0.00000  0.00000      0.00000   0.00000  54650.96484
11.5500  0.0042641 0.0000000 0.0066300   0.0922094 1.4645946 0.00000    0.00000  0.00000  0.00000      0.00000   0.00000  54787.83984
11.6000  0.0042400 0.0000000 0.0065822   0.0919541 1.4602358 0.00000    0.00000  0.00000  0.00000      0.00000   0.00000  54923.63672
11.6500  0.0042145 0.0000000 0.0065352   0.0917021 1.4559346 0.00000    0.00000  0.00000  0.00000      0.00000   0.00000  55058.37109
11.7000  0.0041871 0.0000000 0.0064890   0.0914534 1.4516907 0.00000    0.00000  0.00000  0.00000      0.00000   0.00000  55192.02344
11.7500  0.0041578 0.0000000 0.0064437   0.0912079 1.4475027 0.00000    0.00000  0.00000  0.00000      0.00000   0.00000  55324.62109
11.8000  0.0041267 0.0000000 0.0063991   0.0909657 1.4433700 0.00000    0.00000  0.00000  0.00000      0.00000   0.00000  55456.15625
11.8500  0.0040938 0.0000000 0.0063553   0.0907266 1.4392926 0.00000    0.00000  0.00000  0.00000      0.00000   0.00000  55586.60938
11.9000  0.0040592 0.0000000 0.0063123   0.0904906 1.4352684 0.00000    0.00000  0.00000  0.00000      0.00000   0.00000  55716.02344
11.9500  0.0040232 0.0000000 0.0062700   0.0902577 1.4312974 0.00000    0.00000  0.00000  0.00000      0.00000   0.00000  55844.38281
12.0000  0.0039859 0.0000000 0.0062279   0.0900251 1.4273322 0.00000    0.00000  0.00000  0.00000      0.00000   0.00000  55973.20703
12.0500  0.0038997 0.0000000 0.0061870   0.0897982 1.4234650 0.00000    0.00000  0.00000  0.00000      0.00000   0.00000  56099.47656
12.1000  0.0037971 0.0000000 0.0061468   0.0895742 1.4196482 0.00000    0.00000  0.00000  0.00000      0.00000   0.00000  56224.71875
12.1500  0.0037166 0.0000000 0.0061073   0.0893530 1.4158814 0.00000    0.00000  0.00000  0.00000      0.00000   0.00000  56348.92578
12.2000  0.0036578 0.0000000 0.0060684   0.0891348 1.4121640 0.00000    0.00000  0.00000  0.00000      0.00000   0.00000  56472.10156
12.2500  0.0036127 0.0000000 0.0060302   0.0889194 1.4084953 0.00000    0.00000  0.00000  0.00000      0.00000   0.00000  56594.24219
12.3000  0.0035746 0.0000000 0.0059926   0.0887067 1.4048742 0.00000    0.00000  0.00000  0.00000      0.00000   0.00000  56715.37109
12.3500  0.0035399 0.0000000 0.0059557   0.0884968 1.4013005 0.00000    0.00000  0.00000  0.00000      0.00000   0.00000  56835.47656
12.4000  0.0035070 0.0000000 0.0059194   0.0882896 1.3977735 0.00000    0.00000  0.00000  0.00000      0.00000   0.00000  56954.56641
12.4500  0.0034749 0.0000000 0.0058836   0.0880850 1.3942922 0.00000    0.00000  0.00000  0.00000      0.00000   0.00000  57072.65234
12.5000  0.0034429 0.0000000 0.0058485   0.0878830 1.3908563 0.00000    0.00000  0.00000  0.00000      0.00000   0.00000  57189.73047
12.5500  0.0034104 0.0000000 0.0058139   0.0876837 1.3874651 0.00000    0.00000  0.00000  0.00000      0.00000   0.00000  57305.80078
12.6000  0.0033771 0.0000000 0.0057800   0.0874869 1.3841182 0.00000    0.00000  0.00000  0.00000      0.00000   0.00000  57420.87109
12.6500  0.0033426 0.0000000 0.0057465   0.0872926 1.3808142 0.00000    0.00000  0.00000  0.00000      0.00000   0.00000  57534.96484
12.7000  0.0033071 0.0000000 0.0057136   0.0871009 1.3775533 0.00000    0.00000  0.00000  0.00000      0.00000   0.00000  57648.05859
12.7500  0.0032703 0.0000000 0.0056813   0.0869115 1.3743341 0.00000    0.00000  0.00000  0.00000      0.00000   0.00000  57760.19141
12.8000  0.0032324 0.0000000 0.0056494   0.0867246 1.3711568 0.00000    0.00000  0.00000  0.00000      0.00000   0.00000  57871.33594
12.8500  0.0031935 0.0000000 0.0056181   0.0865400 1.3680203 0.00000    0.00000  0.00000  0.00000      0.00000   0.00000  57981.51563
12.9000  0.0031536 0.0000000 0.0055873   0.0863578 1.3649246 0.00000    0.00000  0.00000  0.00000      0.00000   0.00000  58090.71875
12.9500  0.0031128 0.0000000 0.0055570   0.0861779 1.3618680 0.00000    0.00000  0.00000  0.00000      0.00000   0.00000  58198.98828
13.0000  0.0030714 0.0000000 0.0055261   0.0859941 1.3587462 0.00000    0.00000  0.00000  0.00000      0.00000   0.00000  58310.02734
13.0500  0.0029869 0.0000000 0.0054967   0.0858188 1.3557677 0.00000    0.00000  0.00000  0.00000      0.00000   0.00000  58416.40234
13.1000  0.0028883 0.0000000 0.0054678   0.0856456 1.3528277 0.00000    0.00000  0.00000  0.00000      0.00000   0.00000  58521.82422
13.1500  0.0028105 0.0000000 0.0054394   0.0854748 1.3499273 0.00000    0.00000  0.00000  0.00000      0.00000   0.00000  58626.23828
13.2000  0.0027527 0.0000000 0.0054115   0.0853062 1.3470643 0.00000    0.00000  0.00000  0.00000      0.00000   0.00000  58729.71094
13.2500  0.0027069 0.0000000 0.0053839   0.0851395 1.3442353 0.00000    0.00000  0.00000  0.00000      0.00000   0.00000  58832.34766
13.3000  0.0026669 0.0000000 0.0053568   0.0849750 1.3414432 0.00000    0.00000  0.00000  0.00000      0.00000   0.00000  58934.03906
13.3500  0.0026293 0.0000000 0.0053301   0.0848126 1.3386877 0.00000    0.00000  0.00000  0.00000      0.00000   0.00000  59034.77344
13.4000  0.0025926 0.0000000 0.0053039   0.0846523 1.3359671 0.00000    0.00000  0.00000  0.00000      0.00000   0.00000  59134.60938
13.4500  0.0025559 0.0000000 0.0052780   0.0844940 1.3332814 0.00000    0.00000  0.00000  0.00000      0.00000   0.00000  59233.52344
13.5000  0.0025188 0.0000000 0.0052526   0.0843376 1.3306299 0.00000    0.00000  0.00000  0.00000      0.00000   0.00000  59331.53906
13.5500  0.0024812 0.0000000 0.0052275   0.0841833 1.3280127 0.00000    0.00000  0.00000  0.00000      0.00000   0.00000  59428.64063
13.6000  0.0024428 0.0000000 0.0052029   0.0840309 1.3254291 0.00000    0.00000  0.00000  0.00000      0.00000   0.00000  59524.83984
13.6500  0.0024037 0.0000000 0.0051786   0.0838805 1.3228779 0.00000    0.00000  0.00000  0.00000      0.00000   0.00000  59620.17188
13.7000  0.0023638 0.0000000 0.0051547   0.0837319 1.3203592 0.00000    0.00000  0.00000  0.00000      0.00000   0.00000  59714.61328
13.7500  0.0023233 0.0000000 0.0051311   0.0835852 1.3178730 0.00000    0.00000  0.00000  0.00000      0.00000   0.00000  59808.16797
13.8000  0.0022822 0.0000000 0.0051080   0.0834404 1.3154184 0.00000    0.00000  0.00000  0.00000      0.00000   0.00000  59900.84766
13.8500  0.0022406 0.0000000 0.0050852   0.0832974 1.3129947 0.00000    0.00000  0.00000  0.00000      0.00000   0.00000  59992.66797
13.9000  0.0021985 0.0000000 0.0050627   0.0831562 1.3106023 0.00000    0.00000  0.00000  0.00000      0.00000   0.00000  60083.61328
13.9500  0.0021560 0.0000000 0.0050406   0.0830168 1.3082405 0.00000    0.00000  0.00000  0.00000      0.00000   0.00000  60173.68750
14.0000  0.0021133 0.0000000 0.0050172   0.0828690 1.3057373 0.00000    0.00000  0.00000  0.00000      0.00000   0.00000  60269.48828
14.0500  0.0020274 0.0000000 0.0049957   0.0827331 1.3034353 0.00000    0.00000  0.00000  0.00000      0.00000   0.00000  60357.87891
14.1000  0.0019278 0.0000000 0.0049746   0.0825989 1.3011636 0.00000    0.00000  0.00000  0.00000      0.00000   0.00000  60445.39453
14.1500  0.0018506 0.0000000 0.0049538   0.0824665 1.2989203 0.00000    0.00000  0.00000  0.00000      0.00000   0.00000  60532.08203
14.2000  0.0017945 0.0000000 0.0049334   0.0823357 1.2967056 0.00000    0.00000  0.00000  0.00000      0.00000   0.00000  60617.93750
14.2500  0.0017504 0.0000000 0.0049132   0.0822065 1.2945191 0.00000    0.00000  0.00000  0.00000      0.00000   0.00000  60702.96484
14.3000  0.0017114 0.0000000 0.0048933   0.0820790 1.2923608 0.00000    0.00000  0.00000  0.00000      0.00000   0.00000  60787.15234
14.3500  0.0016741 0.0000000 0.0048738   0.0819531 1.2902300 0.00000    0.00000  0.00000  0.00000      0.00000   0.00000  60870.51953
14.4000  0.0016374 0.0000000 0.0048545   0.0818288 1.2881266 0.00000    0.00000  0.00000  0.00000      0.00000   0.00000  60953.06641
14.4500  0.0016008 0.0000000 0.0048355   0.0817061 1.2860500 0.00000    0.00000  0.00000  0.00000      0.00000   0.00000  61034.80078
14.5000  0.0015641 0.0000000 0.0048168   0.0815849 1.2840000 0.00000    0.00000  0.00000  0.00000      0.00000   0.00000  61115.72266
14.5500  0.0015274 0.0000000 0.0047984   0.0814654 1.2819771 0.00000    0.00000  0.00000  0.00000      0.00000   0.00000  61195.81250
14.6000  0.0014908 0.0000000 0.0047803   0.0813473 1.2799796 0.00000    0.00000  0.00000  0.00000      0.00000   0.00000  61275.12109
14.6500  0.0014541 0.0000000 0.0047624   0.0812307 1.2780079 0.00000    0.00000  0.00000  0.00000      0.00000   0.00000  61353.62891
14.7000  0.0014177 0.0000000 0.0047448   0.0811157 1.2760623 0.00000    0.00000  0.00000  0.00000      0.00000   0.00000  61431.31250
14.7500  0.0013816 0.0000000 0.0047275   0.0810021 1.2741412 0.00000    0.00000  0.00000  0.00000      0.00000   0.00000  61508.23047
14.8000  0.0013460 0.0000000 0.0047105   0.0808899 1.2722453 0.00000    0.00000  0.00000  0.00000      0.00000   0.00000  61584.35156
14.8500  0.0013109 0.0000000 0.0046937   0.0807792 1.2703739 0.00000    0.00000  0.00000  0.00000      0.00000   0.00000  61659.69141
14.9000  0.0012767 0.0000000 0.0046771   0.0806700 1.2685269 0.00000    0.00000  0.00000  0.00000      0.00000   0.00000  61734.25000
14.9500  0.0012433 0.0000000 0.0046608   0.0805621 1.2667038 0.00000    0.00000  0.00000  0.00000      0.00000   0.00000  61808.03516
15.0000  0.0012111 0.0000000 0.0046425   0.0804410 1.2646564 0.00000    0.00000  0.00000  0.00000      0.00000   0.00000  61891.13281
15.0500  0.0011202 0.0000000 0.0046267   0.0803359 1.2628809 0.00000    0.00000  0.00000  0.00000      0.00000   0.00000  61963.39453
15.1000  0.0010117 0.0000000 0.0046112   0.0802323 1.2611293 0.00000    0.00000  0.00000  0.00000      0.00000   0.00000  62034.87109
15.1500  0.0009370 0.0000000 0.0045958   0.0801300 1.2594005 0.00000    0.00000  0.00000  0.00000      0.00000   0.00000  62105.58594
15.2000  0.0008937 0.0000000 0.0045807   0.0800290 1.2576945 0.00000    0.00000  0.00000  0.00000      0.00000   0.00000  62175.55078
15.2500  0.0008680 0.0000000 0.0045659   0.0799294 1.2560114 0.00000    0.00000  0.00000  0.00000      0.00000   0.00000  62244.74219
15.3000  0.0008505 0.0000000 0.0045512   0.0798311 1.2543511 0.00000    0.00000  0.00000  0.00000      0.00000   0.00000  62313.16016
15.3500  0.0008373 0.0000000 0.0045368   0.0797341 1.2527134 0.00000    0.00000  0.00000  0.00000      0.00000   0.00000  62380.81250
15.4000  0.0008278 0.0000000 0.0045226   0.0796385 1.2510979 0.00000    0.00000  0.00000  0.00000      0.00000   0.00000  62447.71094
15.4500  0.0008225 0.0000000 0.0045087   0.0795441 1.2495050 0.00000    0.00000  0.00000  0.00000      0.00000   0.00000  62513.82422
15.5000  0.0008225 0.0000000 0.0044949   0.0794511 1.2479335 0.00000    0.00000  0.00000  0.00000      0.00000   0.00000  62579.19922
15.5500  0.0008289 0.0000000 0.0044814   0.0793593 1.2463840 0.00000    0.00000  0.00000  0.00000      0.00000   0.00000  62643.80859
15.6000  0.0008433 0.0000000 0.0044680   0.0792688 1.2448566 0.00000    0.00000  0.00000  0.00000      0.00000   0.00000  62707.64453
15.6500  0.0008672 0.0000000 0.0044549   0.0791796 1.2433506 0.00000    0.00000  0.00000  0.00000      0.00000   0.00000  62770.71875
15.7000  0.0009030 0.0000000 0.0044420   0.0790917 1.2418665 0.00000    0.00000  0.00000  0.00000      0.00000   0.00000  62833.02344
15.7500  0.0009533 0.0000000 0.0044293   0.0790050 1.2404037 0.00000    0.00000  0.00000  0.00000      0.00000   0.00000  62894.55859
15.8000  0.0010218 0.0000000 0.0044169   0.0789196 1.2389629 0.00000    0.00000  0.00000  0.00000      0.00000   0.00000  62955.30078
15.8500  0.0011131 0.0000000 0.0044046   0.0788355 1.2375426 0.00000    0.00000  0.00000  0.00000      0.00000   0.00000  63015.30078
15.9000  0.0012336 0.0000000 0.0043925   0.0787527 1.2361449 0.00000    0.00000  0.00000  0.00000      0.00000   0.00000  63074.47656
15.9500  0.0013920 0.0000000 0.0043806   0.0786711 1.2347686 0.00000    0.00000  0.00000  0.00000      0.00000   0.00000  63132.86328
16.0000  0.0016007 0.0000000 0.0043661   0.0785707 1.2330748 0.00000    0.00000  0.00000  0.00000      0.00000   0.00000  63204.88281
16.0500  0.0016442 0.0000000 0.0043546   0.0784917 1.2317414 0.00000    0.00000  0.00000  0.00000      0.00000   0.00000  63261.70703
16.1000  0.0016811 0.0000000 0.0043434   0.0784139 1.2304305 0.00000    0.00000  0.00000  0.00000      0.00000   0.00000  63317.68359
16.1500  0.0019414 0.0000000 0.0043324   0.0783376 1.2291428 0.00000    0.00000  0.00000  0.00000      0.00000   0.00000  63372.77344
16.2000  0.0024779 0.0000000 0.0043215   0.0782626 1.2278780 0.00000    0.00000  0.00000  0.00000      0.00000   0.00000  63426.98438
16.2500  0.0031981 0.0000000 0.0043109   0.0781891 1.2266377 0.00000    0.00000  0.00000  0.00000      0.00000   0.00000  63480.24609
16.3000  0.0035905 0.0000000 0.0043006   0.0781170 1.2254225 0.00000    0.00000  0.00000  0.00000      0.00000   0.00000  63532.52734
16.3500  0.0035906 0.0000000 0.0042905   0.0780464 1.2242321 0.00000    0.00000  0.00000  0.00000      0.00000   0.00000  63583.83203
16.4000  0.0034018 0.0000000 0.0042805   0.0779773 1.2230659 0.00000    0.00000  0.00000  0.00000      0.00000   0.00000  63634.18750
16.4500  0.0031890 0.0000000 0.0042708   0.0779095 1.2219235 0.00000    0.00000  0.00000  0.00000      0.00000   0.00000  63683.59375
16.5000  0.0030200 0.0000000 0.0042613   0.0778431 1.2208045 0.00000    0.00000  0.00000  0.00000      0.00000   0.00000  63732.07422
16.5500  0.0029031 0.0000000 0.0042520   0.0777780 1.2197064 0.00000    0.00000  0.00000  0.00000      0.00000   0.00000  63779.72266
